1000
3
49 196 311 
239 317 125 
68 255 19 
460 189 191 
376 409 231 
376 84 50 
287 41 170 
199 4 74 
303 475 212 
31 308 474 
195 216 333 
231 135 154 
214 429 254 
99 238 36 
250 59 459 
471 463 276 
209 97 144 
375 251 152 
44 277 183 
217 192 122 
303 474 173 
377 356 203 
127 481 304 
373 421 134 
333 340 254 
449 256 104 
161 275 159 
387 177 373 
162 298 311 
13 370 94 
328 232 257 
33 32 356 
283 487 189 
381 230 135 
426 485 460 
306 407 48 
125 208 58 
398 296 450 
368 124 48 
217 430 223 
372 366 48 
153 299 53 
295 464 238 
343 488 213 
48 499 312 
202 105 161 
383 117 364 
413 481 133 
490 59 139 
334 207 332 
313 309 60 
145 152 18 
328 363 375 
3 401 135 
191 358 206 
210 112 270 
70 346 368 
190 416 257 
19 56 414 
259 49 142 
269 168 471 
464 63 403 
184 478 296 
170 244 231 
423 435 136 
471 417 240 
181 213 136 
187 12 426 
101 312 155 
375 356 397 
145 165 366 
485 220 4 
421 260 460 
345 412 459 
341 153 213 
319 14 404 
280 93 376 
275 187 46 
157 406 32 
432 110 345 
260 333 61 
186 456 66 
193 304 122 
45 356 460 
279 334 415 
49 372 436 
164 246 391 
392 96 443 
114 253 305 
112 264 431 
171 440 237 
223 196 30 
121 128 130 
230 125 281 
28 314 277 
302 133 375 
253 117 240 
44 239 262 
450 123 415 
302 87 424 
121 141 415 
370 156 423 
149 416 332 
323 90 273 
119 264 356 
496 378 8 
183 115 131 
113 45 391 
287 67 414 
370 44 364 
206 341 144 
308 270 437 
461 358 58 
348 102 87 
298 92 392 
250 376 205 
331 200 499 
185 72 26 
471 486 71 
202 259 499 
206 355 432 
167 244 110 
375 435 456 
174 66 451 
314 303 497 
45 68 27 
213 125 151 
201 262 309 
493 468 257 
377 55 172 
201 204 233 
332 128 19 
357 159 26 
466 25 197 
293 372 136 
331 200 334 
31 379 277 
369 186 304 
99 483 2 
341 145 69 
56 384 241 
223 268 393 
261 224 191 
89 28 56 
463 74 459 
339 392 445 
74 484 472 
395 97 296 
357 240 79 
115 175 82 
498 193 129 
175 335 249 
136 456 29 
342 471 258 
165 114 7 
333 132 285 
91 478 300 
48 36 390 
469 331 450 
315 433 456 
384 460 116 
330 286 53 
406 274 161 
32 83 262 
480 406 432 
308 361 262 
448 178 264 
393 9 484 
327 176 146 
413 335 391 
459 303 92 
426 335 223 
304 77 190 
318 23 80 
79 139 398 
222 409 494 
273 161 159 
13 127 48 
378 461 365 
185 438 355 
320 376 89 
45 260 436 
55 181 173 
237 329 453 
270 279 349 
302 345 298 
170 479 462 
363 429 310 
92 388 118 
87 54 197 
303 424 131 
99 472 124 
216 118 444 
2 295 442 
64 59 105 
98 112 442 
458 170 176 
357 357 383 
126 85 340 
193 270 25 
153 16 7 
276 46 68 
291 261 135 
464 90 129 
258 3 325 
228 389 246 
130 328 468 
485 389 299 
366 24 270 
215 370 478 
486 61 115 
251 463 432 
193 87 203 
420 435 258 
181 147 265 
102 244 344 
266 32 154 
359 188 292 
249 124 401 
376 309 480 
42 280 373 
178 460 244 
144 487 446 
107 324 293 
382 197 1 
247 187 388 
444 14 4 
291 448 179 
180 326 456 
242 422 315 
51 443 189 
31 127 327 
332 225 32 
369 207 177 
221 88 417 
76 494 322 
287 48 198 
124 463 274 
220 153 430 
69 444 7 
304 83 92 
216 250 298 
113 306 130 
121 381 443 
451 272 162 
185 80 375 
420 122 442 
143 90 200 
162 47 270 
228 217 483 
252 400 172 
493 84 319 
93 362 307 
373 379 76 
409 137 442 
98 165 224 
462 226 284 
342 350 425 
378 143 294 
178 106 460 
378 228 18 
269 278 146 
203 257 266 
410 20 481 
339 374 182 
85 145 488 
259 172 452 
201 56 279 
194 81 97 
9 279 249 
17 206 68 
429 398 58 
438 29 14 
450 266 239 
81 302 314 
248 259 394 
499 453 246 
51 430 208 
321 468 114 
96 233 323 
265 430 109 
342 375 486 
393 231 347 
26 123 437 
496 333 221 
252 39 316 
355 57 472 
315 110 243 
272 96 419 
326 263 442 
294 239 375 
323 327 411 
27 350 194 
292 178 453 
31 270 152 
280 141 19 
304 300 320 
468 380 439 
254 393 122 
307 47 388 
268 498 129 
237 86 118 
303 209 41 
15 154 297 
203 466 143 
142 223 475 
96 347 443 
159 189 7 
320 408 11 
186 27 359 
23 494 97 
25 290 499 
370 258 205 
92 131 386 
161 166 270 
293 245 52 
135 219 71 
8 477 413 
114 436 163 
287 488 392 
85 367 461 
481 18 199 
44 236 411 
227 126 313 
104 434 98 
486 143 431 
154 304 79 
135 45 346 
121 38 278 
334 145 40 
246 232 2 
487 487 204 
348 475 207 
392 33 357 
0 192 297 
385 249 303 
25 459 107 
43 280 244 
127 340 33 
191 19 206 
243 419 144 
130 410 112 
38 276 182 
18 68 94 
255 81 180 
204 236 84 
48 379 97 
192 478 320 
352 62 112 
60 279 210 
304 110 324 
179 279 282 
267 124 151 
40 381 180 
3 348 358 
429 75 313 
112 290 60 
315 495 344 
69 0 74 
37 317 132 
8 193 305 
254 292 300 
203 435 479 
209 60 296 
183 264 15 
48 74 107 
403 275 321 
248 175 492 
339 351 474 
454 38 180 
134 382 324 
455 274 152 
359 36 359 
19 87 237 
415 81 226 
251 229 351 
491 330 317 
19 4 458 
377 144 225 
487 243 187 
48 275 154 
320 266 8 
327 51 14 
425 155 37 
115 190 443 
434 281 324 
396 329 288 
70 286 461 
467 103 253 
432 244 41 
454 341 65 
80 333 79 
260 132 124 
320 60 471 
180 460 31 
303 27 112 
213 285 265 
254 222 123 
136 192 469 
424 468 364 
25 14 361 
251 312 357 
56 199 144 
255 49 421 
389 48 70 
185 118 360 
241 122 396 
227 111 430 
497 46 421 
456 487 413 
297 247 264 
281 211 367 
225 111 147 
172 491 226 
194 470 366 
14 132 97 
162 362 339 
220 448 109 
371 209 145 
41 292 146 
451 101 389 
203 404 250 
75 85 177 
429 133 174 
153 299 103 
90 50 45 
178 82 245 
483 159 287 
345 465 401 
351 182 330 
344 381 400 
209 384 315 
423 53 363 
285 19 248 
199 312 185 
20 300 465 
53 495 318 
213 215 413 
180 330 421 
388 131 68 
123 172 363 
165 154 405 
257 322 463 
250 94 80 
71 376 408 
268 60 112 
485 268 439 
366 81 174 
6 71 82 
498 62 230 
4 447 481 
55 403 331 
329 52 376 
362 113 70 
248 185 466 
268 40 281 
402 411 478 
454 89 42 
181 113 468 
465 432 34 
455 286 90 
490 120 3 
166 446 394 
239 430 301 
349 491 340 
425 194 381 
73 50 419 
365 51 119 
330 413 102 
74 327 339 
256 186 200 
449 493 3 
184 400 391 
67 128 90 
418 476 358 
443 348 27 
69 479 360 
132 487 371 
141 372 310 
337 411 464 
440 437 233 
299 394 338 
314 316 144 
175 81 453 
328 448 313 
152 34 469 
435 312 459 
497 152 376 
413 27 426 
432 102 490 
317 161 426 
172 391 376 
472 106 405 
347 70 498 
270 388 356 
50 135 307 
195 417 417 
391 362 328 
342 76 18 
175 495 136 
248 482 480 
35 440 498 
318 218 30 
257 5 349 
104 255 313 
241 146 272 
103 130 186 
211 122 428 
60 216 465 
25 266 166 
228 259 230 
286 86 176 
41 161 422 
28 441 159 
339 358 131 
321 190 296 
81 217 446 
97 202 215 
358 172 340 
108 51 203 
121 396 266 
62 188 437 
426 474 442 
236 155 243 
56 15 402 
258 130 464 
281 231 314 
418 23 311 
325 258 313 
230 447 473 
116 382 471 
481 103 152 
96 401 462 
166 39 283 
489 237 467 
417 82 205 
91 1 90 
448 480 394 
91 358 61 
395 99 119 
276 183 21 
226 55 101 
49 197 316 
363 74 129 
199 467 264 
461 426 471 
437 127 0 
274 149 263 
347 306 45 
193 223 405 
8 462 123 
101 97 394 
110 377 30 
182 92 323 
43 89 464 
374 268 16 
490 347 424 
471 42 449 
278 391 51 
374 326 83 
167 218 40 
407 236 480 
61 440 496 
23 356 306 
106 228 493 
483 408 397 
413 157 378 
302 42 31 
280 160 61 
396 373 2 
245 90 328 
46 403 103 
328 487 341 
318 412 21 
473 113 308 
203 99 283 
420 73 327 
261 446 327 
248 273 196 
297 326 39 
64 57 271 
444 104 391 
137 333 221 
375 372 490 
340 138 387 
228 437 123 
477 264 288 
389 134 114 
170 79 69 
379 96 175 
473 31 328 
392 403 210 
193 290 191 
362 129 372 
295 170 362 
298 312 79 
469 325 208 
100 403 329 
431 95 115 
218 487 415 
49 250 414 
489 37 150 
78 272 232 
52 47 85 
8 326 373 
247 271 306 
454 96 357 
309 392 150 
371 405 224 
445 336 283 
366 346 283 
227 381 144 
156 297 35 
322 424 396 
490 2 77 
128 206 182 
111 228 19 
185 296 3 
116 205 46 
166 274 239 
234 243 427 
124 402 496 
198 364 104 
22 455 288 
39 482 124 
294 52 427 
444 13 37 
470 485 258 
234 242 329 
455 460 450 
193 422 487 
114 485 189 
477 475 421 
322 421 156 
114 410 87 
98 122 104 
57 322 228 
429 175 410 
323 74 259 
15 178 230 
87 363 114 
361 293 399 
193 33 198 
179 386 61 
428 465 455 
312 461 328 
190 189 64 
259 429 13 
343 30 216 
373 228 441 
124 255 394 
140 151 480 
387 419 267 
24 355 436 
70 382 332 
482 126 18 
125 472 213 
124 126 83 
468 371 22 
213 150 88 
68 293 150 
342 184 197 
325 64 146 
346 434 294 
424 338 227 
420 333 426 
284 55 299 
79 260 26 
150 177 256 
226 447 368 
168 14 379 
11 285 403 
174 314 261 
80 48 331 
38 498 43 
349 122 283 
380 222 325 
173 346 392 
353 126 305 
79 215 249 
184 337 118 
8 6 18 
368 78 55 
351 357 233 
71 343 69 
382 74 466 
259 236 455 
450 364 270 
63 22 134 
156 93 186 
209 458 383 
129 68 437 
256 367 240 
139 409 136 
263 478 219 
278 320 100 
130 15 219 
106 40 221 
54 463 114 
3 21 461 
468 113 423 
447 225 233 
354 157 389 
442 453 494 
230 74 409 
379 2 171 
5 482 219 
454 332 370 
139 232 54 
253 219 191 
304 44 318 
257 280 142 
286 396 299 
153 457 287 
386 206 271 
32 53 465 
302 239 88 
210 457 134 
148 459 34 
463 376 26 
453 420 453 
437 25 282 
469 269 85 
494 105 348 
173 401 311 
413 200 118 
173 423 230 
389 64 373 
351 87 325 
117 263 237 
498 223 262 
291 458 397 
315 64 414 
333 380 31 
447 27 348 
456 213 105 
109 200 27 
466 375 175 
118 323 3 
465 341 17 
109 24 81 
112 176 373 
270 119 427 
190 146 422 
465 447 149 
221 142 18 
372 108 454 
330 78 13 
492 491 369 
288 227 16 
194 310 372 
373 176 208 
79 181 176 
416 317 84 
273 440 133 
375 31 375 
328 405 35 
384 230 44 
41 248 429 
125 166 132 
392 345 410 
461 365 471 
429 493 161 
23 198 59 
226 280 348 
471 139 109 
405 11 45 
245 466 222 
250 251 54 
16 54 166 
245 475 29 
319 315 105 
419 488 164 
398 300 471 
203 9 401 
164 331 103 
473 271 116 
384 93 376 
174 158 190 
402 24 104 
63 498 340 
332 11 466 
263 42 270 
344 478 242 
402 493 230 
441 466 228 
305 199 133 
272 486 215 
400 280 127 
276 329 140 
311 389 181 
101 430 173 
299 406 1 
201 271 72 
214 291 89 
326 409 195 
93 386 495 
77 212 84 
16 390 287 
25 128 488 
345 143 258 
274 55 198 
309 473 251 
475 316 437 
161 140 329 
331 401 448 
375 24 247 
100 272 331 
98 372 486 
385 109 241 
202 62 364 
399 423 27 
342 358 5 
355 67 145 
334 215 428 
176 451 79 
168 41 264 
407 43 214 
373 255 347 
254 400 123 
178 382 80 
258 427 342 
81 357 224 
144 87 176 
33 377 286 
102 24 207 
199 236 212 
156 284 20 
258 118 49 
275 14 343 
247 208 435 
4 383 323 
81 417 376 
107 439 349 
135 285 351 
61 195 371 
262 338 161 
384 182 221 
99 124 98 
138 485 372 
192 376 301 
153 338 160 
330 191 364 
85 136 118 
475 465 480 
484 26 307 
223 393 233 
109 150 340 
250 296 384 
159 309 238 
148 314 97 
336 79 445 
49 58 478 
236 62 233 
237 225 366 
400 407 174 
278 18 125 
48 149 327 
170 344 248 
329 457 240 
58 484 443 
241 269 251 
354 260 348 
198 43 352 
180 465 191 
313 190 101 
395 139 115 
54 281 41 
299 141 200 
383 7 293 
277 383 194 
302 78 381 
471 73 352 
367 81 215 
432 5 222 
33 22 153 
242 129 456 
66 144 243 
431 299 237 
491 9 439 
101 191 152 
72 135 240 
396 450 113 
27 430 118 
150 202 145 
132 288 33 
422 21 450 
115 52 309 
226 270 331 
6 281 280 
112 43 488 
242 395 0 
191 187 297 
219 401 95 
133 279 131 
439 215 165 
81 5 139 
210 495 100 
40 79 217 
5 469 367 
107 485 466 
406 304 420 
268 59 214 
103 474 214 
428 219 203 
124 26 101 
253 132 470 
354 53 299 
252 180 475 
347 73 54 
497 482 369 
261 30 34 
299 329 424 
448 454 124 
419 334 489 
2 6 281 
253 29 264 
357 35 115 
132 380 37 
438 370 51 
173 144 427 
381 157 393 
81 177 335 
195 299 443 
41 9 415 
346 482 495 
100 65 475 
118 248 268 
148 284 168 
446 343 155 
228 481 63 
195 395 158 
110 261 154 
388 321 279 
89 316 190 
427 486 475 
33 369 447 
260 96 477 
216 360 392 
13 154 472 
352 335 419 
111 169 367 
281 457 205 
317 258 471 
465 62 38 
436 426 414 
89 486 471 
205 45 27 
217 354 317 
327 277 50 
28 463 322 
453 231 159 
420 188 101 
113 21 152 
345 474 307 
347 103 499 
315 41 408 
121 156 464 
352 481 5 
477 202 284 
321 455 327 
466 313 342 
429 354 359 
331 459 102 
26 187 253 
469 466 238 
482 496 139 
353 190 245 
259 39 351 
123 456 425 
412 106 401 
61 147 310 
7 90 172 
360 456 283 
67 45 288 
449 269 96 
188 291 472 
131 278 45 
300 134 374 
81 441 456 
238 450 262 
478 208 38 
397 126 34 
168 193 233 
241 295 418 
53 444 475 
55 375 23 
130 389 45 
290 138 493 
264 399 498 
112 140 388 
182 469 492 
320 252 291 
334 2 429 
444 413 367 
489 246 395 
408 153 239 
190 92 239 
166 61 69 
372 410 158 
