1000
3
120 264 498 
250 117 25 
196 217 224 
6 424 171 
432 415 355 
30 14 81 
286 357 136 
76 448 151 
392 263 324 
90 377 44 
183 121 473 
479 456 463 
314 262 157 
147 314 475 
35 243 415 
98 126 429 
141 63 155 
418 489 456 
242 311 194 
404 203 415 
394 70 498 
427 50 17 
376 457 327 
201 309 282 
266 108 48 
254 319 45 
54 258 143 
225 35 246 
339 404 230 
11 289 85 
68 357 310 
102 360 457 
301 420 282 
268 64 291 
310 427 241 
344 152 83 
280 191 419 
147 164 415 
479 454 91 
157 464 83 
120 252 0 
19 328 87 
81 360 37 
406 69 260 
408 264 318 
354 85 339 
90 315 69 
444 456 434 
236 101 34 
348 301 434 
420 354 343 
220 209 493 
225 126 76 
340 114 266 
361 194 212 
55 59 463 
460 440 467 
333 135 306 
371 152 95 
308 344 134 
412 395 26 
21 382 405 
67 35 485 
87 154 153 
93 163 135 
233 0 104 
483 5 404 
33 414 237 
374 210 214 
120 261 374 
394 36 321 
354 205 200 
345 71 129 
494 360 5 
304 350 88 
259 122 218 
319 120 271 
182 47 313 
356 91 405 
55 270 316 
223 104 148 
208 36 489 
207 23 213 
385 331 73 
213 224 100 
209 125 133 
446 59 122 
223 139 432 
16 356 44 
308 5 294 
471 462 400 
70 220 188 
240 468 114 
117 456 89 
462 88 213 
265 227 164 
418 389 336 
106 12 236 
427 228 344 
194 358 435 
6 58 42 
155 48 381 
4 423 194 
128 108 76 
248 302 141 
116 31 488 
357 283 493 
411 475 187 
135 212 347 
5 369 127 
7 212 167 
445 357 490 
423 119 324 
137 221 444 
219 66 396 
260 40 483 
392 336 346 
376 214 186 
412 64 301 
214 307 265 
80 283 286 
11 33 135 
348 37 145 
473 395 187 
203 381 60 
115 424 155 
168 340 256 
414 494 61 
219 156 70 
279 274 222 
450 458 270 
378 464 45 
336 241 217 
70 210 388 
261 136 97 
66 160 153 
381 271 224 
232 130 161 
269 220 185 
256 226 343 
167 354 274 
81 366 112 
408 217 271 
207 75 322 
259 326 331 
232 474 400 
285 422 473 
392 133 117 
296 102 446 
439 453 338 
271 284 232 
255 402 462 
320 321 338 
131 231 304 
178 473 306 
341 112 216 
68 251 396 
248 249 63 
146 357 415 
136 251 266 
105 102 441 
175 117 448 
493 308 340 
469 175 412 
55 492 457 
211 45 139 
121 246 256 
154 48 413 
106 98 124 
211 266 312 
78 331 327 
496 149 323 
277 414 52 
193 178 80 
214 307 277 
4 310 387 
351 402 248 
36 186 382 
295 261 227 
26 478 228 
331 197 165 
136 174 424 
18 300 185 
232 184 55 
243 31 344 
68 106 348 
35 446 80 
356 8 454 
341 254 408 
6 372 259 
348 106 498 
416 190 226 
47 218 117 
22 452 76 
339 327 229 
372 292 263 
305 147 217 
132 276 343 
235 70 322 
2 303 290 
317 137 351 
472 401 489 
10 357 152 
382 4 426 
307 158 458 
96 282 108 
266 13 328 
290 220 193 
132 194 317 
182 424 159 
7 334 275 
189 186 470 
446 2 401 
261 2 137 
478 435 374 
59 157 484 
469 115 367 
9 284 412 
272 141 98 
212 270 125 
420 69 17 
166 296 425 
245 377 217 
218 115 249 
254 253 221 
137 9 338 
160 93 378 
458 447 403 
353 245 461 
267 252 43 
63 472 174 
91 474 250 
306 318 209 
420 456 263 
40 262 395 
263 61 345 
51 416 278 
252 141 199 
352 240 458 
155 375 236 
49 306 324 
58 105 170 
280 181 376 
369 142 19 
405 353 452 
220 405 127 
226 418 205 
121 173 105 
171 203 248 
494 368 71 
190 336 261 
176 183 151 
287 149 248 
448 278 240 
2 398 92 
69 443 299 
80 478 57 
212 114 244 
384 456 118 
451 79 420 
490 380 70 
51 284 271 
435 155 497 
305 426 259 
428 304 176 
450 423 303 
440 123 364 
450 478 496 
103 322 178 
316 68 321 
72 87 245 
312 162 124 
219 178 5 
434 266 458 
414 358 142 
178 173 26 
108 38 425 
83 310 224 
368 452 408 
238 116 94 
136 43 459 
33 133 363 
184 184 192 
145 487 45 
496 78 48 
97 416 296 
467 391 207 
435 124 464 
396 373 27 
486 184 476 
395 42 42 
331 257 269 
81 94 230 
83 493 268 
357 475 156 
108 92 475 
443 56 90 
395 66 281 
203 454 404 
83 467 262 
44 422 145 
48 314 379 
353 431 490 
244 361 129 
241 187 134 
145 181 62 
73 177 354 
12 304 352 
94 193 40 
349 73 283 
93 210 332 
285 367 483 
204 217 415 
91 204 474 
210 34 388 
114 326 322 
256 220 149 
243 109 90 
308 445 306 
238 40 312 
463 142 337 
368 167 344 
225 341 273 
119 496 114 
271 384 175 
13 238 445 
333 186 309 
347 350 329 
56 329 295 
395 44 69 
291 365 230 
78 146 67 
434 356 67 
240 112 239 
11 435 94 
397 273 399 
351 36 172 
13 363 27 
66 158 487 
180 151 140 
429 13 49 
222 271 337 
188 123 185 
276 401 113 
364 59 361 
162 21 277 
240 200 172 
267 363 303 
387 143 403 
155 366 269 
376 482 481 
267 426 87 
132 421 0 
325 43 9 
467 351 35 
122 481 360 
362 66 139 
228 131 178 
81 401 273 
292 26 268 
54 291 204 
261 195 474 
254 18 35 
352 329 100 
413 270 392 
60 316 164 
148 172 151 
385 356 414 
238 281 382 
278 164 57 
395 233 350 
341 138 267 
192 239 41 
405 159 137 
463 116 299 
309 410 138 
480 448 377 
498 440 432 
54 160 288 
148 191 71 
437 478 254 
66 329 201 
363 458 479 
469 418 34 
300 191 67 
486 372 202 
155 138 345 
28 468 179 
395 75 484 
256 153 435 
155 446 360 
405 99 458 
373 210 365 
305 402 321 
127 346 90 
144 224 105 
357 282 65 
156 425 379 
14 377 146 
189 392 454 
397 14 266 
445 404 403 
226 142 58 
416 208 76 
294 455 138 
140 29 291 
287 413 310 
97 466 475 
326 441 422 
419 14 219 
468 148 469 
5 497 376 
238 79 351 
66 442 483 
131 332 142 
58 112 23 
378 27 263 
214 102 278 
119 472 334 
406 440 286 
190 340 165 
396 127 417 
163 69 389 
2 237 426 
446 498 378 
180 180 274 
198 390 231 
322 141 437 
26 289 44 
399 120 353 
197 111 231 
73 448 236 
393 16 81 
398 163 31 
82 65 399 
487 154 452 
445 197 126 
282 346 239 
119 305 490 
471 149 96 
261 208 409 
475 364 405 
159 202 118 
239 470 298 
190 236 440 
401 80 193 
474 345 232 
168 77 87 
126 334 448 
430 73 484 
406 323 179 
286 27 361 
403 493 331 
358 394 311 
447 405 438 
205 397 24 
381 216 334 
478 94 245 
7 32 287 
307 17 337 
288 231 307 
371 323 235 
371 406 82 
77 348 486 
85 250 3 
52 392 271 
439 315 426 
48 255 215 
191 80 336 
399 37 26 
305 292 198 
37 479 298 
194 271 405 
61 41 84 
253 68 139 
150 186 466 
4 309 95 
473 399 129 
84 200 143 
496 359 126 
153 102 421 
425 245 357 
48 434 307 
66 330 106 
85 246 176 
349 469 393 
213 35 150 
248 37 244 
424 451 254 
470 329 194 
354 14 441 
361 67 260 
19 392 373 
427 122 469 
282 113 46 
200 376 429 
221 68 279 
36 285 220 
313 430 118 
183 424 408 
485 53 424 
487 455 374 
38 367 448 
29 53 487 
499 190 404 
463 112 338 
484 280 121 
104 360 107 
122 216 123 
400 80 79 
23 2 361 
158 132 20 
182 21 135 
200 193 337 
109 192 266 
102 100 366 
110 15 202 
61 384 187 
101 102 172 
316 167 269 
466 288 398 
276 55 476 
63 135 190 
246 33 334 
134 407 278 
27 168 429 
494 297 73 
455 72 301 
222 187 302 
33 221 401 
388 483 204 
14 457 319 
124 148 354 
478 139 98 
149 98 479 
116 278 92 
275 287 200 
457 33 343 
107 116 312 
395 289 130 
494 27 328 
276 474 37 
197 414 219 
42 259 194 
266 19 114 
463 259 459 
346 443 429 
101 143 476 
357 187 99 
54 348 490 
485 175 230 
417 185 221 
148 114 109 
138 49 268 
123 346 177 
258 208 413 
411 453 146 
444 345 145 
57 473 134 
498 244 91 
180 90 367 
267 471 284 
493 434 383 
283 345 225 
2 357 270 
276 102 343 
180 76 278 
146 333 470 
343 60 173 
220 19 449 
66 26 358 
14 61 423 
430 227 478 
231 77 153 
114 53 17 
291 148 362 
80 322 245 
149 145 305 
225 346 95 
266 44 213 
301 419 337 
384 28 137 
342 170 414 
483 317 59 
192 424 0 
333 455 2 
453 221 383 
459 272 210 
8 310 281 
412 458 184 
253 485 168 
37 1 345 
289 317 355 
264 132 415 
58 140 411 
425 105 126 
212 436 393 
49 287 307 
68 242 170 
242 269 155 
450 484 196 
87 340 18 
2 289 286 
137 103 441 
452 228 82 
267 90 18 
12 418 499 
62 247 361 
424 232 393 
494 24 393 
96 125 433 
0 478 204 
276 111 207 
243 121 193 
151 69 38 
273 490 179 
181 97 166 
319 297 470 
401 123 487 
267 0 192 
154 438 7 
424 134 70 
58 398 25 
284 34 204 
259 145 42 
169 405 263 
189 375 145 
352 145 317 
81 144 77 
29 158 265 
248 403 88 
498 3 413 
261 436 461 
27 442 367 
277 80 289 
100 40 164 
241 98 242 
170 448 41 
33 206 41 
131 160 420 
491 372 454 
331 1 280 
122 455 78 
32 254 103 
184 39 293 
379 338 324 
478 43 92 
133 305 41 
240 470 428 
328 287 440 
51 495 177 
170 73 429 
181 281 213 
428 305 276 
126 152 87 
402 71 21 
130 220 184 
25 268 360 
305 196 276 
73 317 82 
223 138 308 
328 300 421 
301 187 410 
12 304 310 
391 490 380 
440 282 484 
317 133 361 
48 404 378 
274 196 140 
199 148 16 
433 345 262 
162 240 9 
188 395 159 
196 262 342 
51 298 255 
288 436 238 
18 58 144 
232 67 360 
276 318 49 
69 60 469 
232 493 474 
108 288 143 
223 447 393 
38 362 317 
165 194 106 
92 348 93 
343 254 175 
224 136 126 
145 464 232 
241 282 114 
246 428 197 
195 304 483 
117 38 113 
206 32 428 
159 100 213 
233 152 260 
40 152 256 
353 172 301 
257 203 381 
276 394 392 
337 319 403 
218 245 113 
261 282 464 
274 94 141 
84 423 9 
48 372 54 
123 277 426 
363 319 246 
110 38 306 
110 325 328 
121 10 101 
186 93 187 
110 437 120 
237 410 164 
25 26 17 
449 376 417 
418 138 210 
144 355 413 
457 273 97 
258 181 448 
276 221 82 
324 7 332 
101 281 111 
418 434 317 
202 408 4 
319 75 368 
273 487 305 
32 20 473 
321 202 30 
282 12 474 
497 466 206 
193 143 20 
358 307 383 
390 204 280 
489 385 430 
232 441 189 
314 450 156 
7 155 445 
198 448 98 
81 104 342 
312 417 181 
209 211 473 
168 44 240 
419 394 27 
25 211 361 
142 419 127 
210 68 286 
426 275 296 
288 457 297 
425 64 204 
221 364 65 
56 358 388 
484 61 436 
448 435 191 
48 104 198 
318 293 166 
64 3 341 
251 156 176 
440 43 134 
47 447 439 
477 414 33 
265 378 326 
293 389 259 
417 83 306 
111 160 416 
421 288 7 
361 391 111 
285 51 203 
498 211 415 
406 462 300 
321 299 404 
135 307 407 
412 292 328 
193 214 310 
150 488 186 
441 245 282 
237 297 450 
121 493 356 
116 496 462 
305 395 499 
163 255 391 
49 374 99 
471 472 227 
77 128 316 
204 306 152 
485 485 435 
77 58 491 
8 347 294 
417 376 221 
138 295 341 
216 434 131 
48 181 17 
5 274 338 
495 270 466 
321 182 65 
166 465 357 
115 154 374 
214 137 296 
136 280 88 
494 211 113 
325 71 435 
153 367 108 
263 418 410 
40 127 297 
350 238 239 
119 17 47 
30 129 338 
129 109 466 
103 461 374 
226 358 130 
329 344 180 
3 343 370 
319 175 96 
157 354 361 
411 80 99 
118 118 62 
313 195 423 
148 183 112 
102 121 117 
199 228 32 
283 119 434 
20 293 377 
264 192 282 
172 226 442 
52 185 97 
70 12 50 
337 252 395 
256 78 418 
474 484 425 
465 480 14 
311 383 482 
114 262 249 
198 237 175 
207 477 128 
243 373 380 
120 205 411 
242 253 474 
249 157 64 
462 208 154 
65 6 228 
78 94 250 
102 143 454 
476 19 29 
331 400 296 
491 222 185 
458 406 78 
220 361 113 
383 39 201 
1 165 272 
56 320 486 
389 291 477 
496 326 161 
424 332 214 
490 133 15 
149 270 274 
439 434 360 
90 83 85 
258 480 401 
386 411 5 
1 282 264 
171 355 66 
138 212 326 
382 477 215 
243 50 441 
442 133 473 
73 491 458 
447 260 125 
159 73 9 
372 171 205 
32 33 442 
491 352 228 
93 445 280 
139 145 414 
40 29 324 
73 257 340 
197 453 161 
181 484 469 
354 161 383 
351 467 28 
64 173 36 
207 126 96 
130 431 208 
389 30 46 
217 231 8 
269 363 84 
66 351 247 
467 407 170 
277 414 114 
496 457 35 
74 165 429 
63 275 432 
239 220 376 
336 187 64 
464 374 478 
472 253 176 
327 137 44 
32 251 42 
366 31 212 
47 131 401 
454 14 208 
231 281 477 
412 361 104 
220 113 342 
239 328 362 
493 153 129 
333 378 84 
329 6 294 
409 219 274 
179 249 451 
390 132 191 
220 365 294 
417 224 297 
133 372 455 
74 38 35 
403 192 337 
380 55 490 
190 455 256 
109 228 69 
69 168 427 
429 240 11 
217 450 79 
411 33 304 
403 112 283 
277 261 434 
463 472 175 
33 105 364 
26 36 25 
456 233 205 
68 216 365 
267 147 72 
169 458 457 
252 9 392 
289 43 76 
6 150 454 
23 301 434 
265 425 435 
61 50 404 
285 435 430 
434 346 69 
216 462 39 
183 61 229 
499 350 470 
86 431 85 
105 406 202 
31 407 72 
163 195 471 
9 264 1 
244 344 335 
467 205 430 
332 368 122 
368 233 226 
128 466 53 
238 486 257 
484 98 87 
32 54 91 
395 281 405 
277 397 383 
288 273 364 
399 413 250 
194 4 386 
443 419 436 
179 349 314 
450 109 220 
2 178 156 
304 204 12 
408 391 388 
261 169 393 
180 15 197 
357 216 367 
391 463 37 
78 305 352 
41 497 271 
127 299 131 
175 252 84 
258 418 479 
485 40 417 
429 309 440 
90 331 104 
412 13 258 
258 204 282 
20 465 194 
269 66 345 
252 469 385 
446 303 131 
186 70 212 
466 154 465 
358 385 491 
146 431 177 
327 435 152 
489 399 56 
460 465 315 
211 269 126 
193 220 268 
403 143 108 
11 397 26 
450 216 149 
353 229 212 
219 388 299 
349 320 52 
360 134 245 
