1000
3
0 185 294 
140 485 348 
7 323 352 
44 373 454 
144 303 93 
344 487 32 
210 391 194 
483 55 66 
335 267 291 
258 91 217 
309 393 302 
114 395 420 
308 378 45 
200 110 40 
266 340 178 
114 292 358 
388 473 470 
50 147 430 
459 121 464 
380 1 188 
81 157 416 
345 181 212 
50 283 120 
338 488 18 
115 430 263 
46 418 107 
308 457 10 
121 401 379 
78 387 438 
170 493 396 
401 312 399 
133 238 264 
6 319 362 
246 123 82 
387 179 142 
389 194 269 
487 299 238 
117 403 127 
360 294 475 
492 267 469 
271 175 413 
370 196 77 
8 387 172 
194 213 238 
459 120 311 
233 140 234 
132 125 92 
100 393 470 
315 68 459 
34 302 463 
347 175 450 
358 82 340 
188 437 497 
352 488 337 
262 252 363 
6 443 267 
328 84 449 
337 308 284 
281 33 192 
439 58 341 
208 174 336 
163 461 404 
168 52 131 
253 174 457 
330 137 24 
339 71 282 
164 206 92 
164 285 6 
484 329 423 
473 412 229 
1 129 479 
239 425 441 
217 222 415 
143 237 381 
382 266 449 
394 84 182 
239 287 193 
68 5 433 
432 136 21 
129 490 431 
412 237 492 
214 189 276 
424 345 210 
408 351 245 
350 169 186 
73 222 227 
435 272 423 
52 215 3 
438 116 34 
95 124 406 
467 433 79 
140 327 242 
49 88 201 
288 428 461 
0 338 119 
393 328 344 
345 416 7 
198 112 391 
120 487 81 
300 259 279 
331 50 357 
309 234 97 
358 364 251 
55 164 421 
486 134 90 
13 427 385 
415 202 61 
15 73 60 
21 59 383 
422 91 342 
303 355 60 
363 300 399 
441 493 404 
159 111 268 
210 92 464 
86 264 84 
118 69 408 
468 99 297 
189 277 201 
448 81 486 
476 26 405 
472 122 379 
441 353 143 
332 123 68 
142 17 462 
309 164 230 
292 453 444 
393 277 232 
287 80 267 
27 450 169 
432 498 479 
307 179 138 
437 181 55 
53 97 264 
153 470 206 
497 257 109 
472 289 36 
205 173 169 
294 164 228 
192 79 328 
28 372 212 
354 269 89 
391 9 486 
344 467 294 
458 220 315 
55 177 448 
102 171 76 
140 110 175 
314 14 162 
443 343 344 
388 57 493 
132 420 431 
121 381 139 
72 303 354 
336 148 428 
14 457 205 
378 54 178 
99 126 162 
492 1 217 
230 281 94 
135 105 184 
257 38 485 
360 288 204 
207 137 461 
162 206 143 
448 309 119 
91 121 437 
174 312 486 
156 280 147 
113 356 314 
232 336 178 
347 258 26 
196 183 349 
69 118 230 
182 178 90 
156 375 441 
401 98 329 
51 278 378 
164 11 466 
13 291 396 
238 87 262 
389 154 68 
257 306 282 
202 486 479 
366 282 470 
195 187 8 
172 163 125 
219 51 423 
206 269 15 
102 341 162 
304 141 235 
295 403 185 
287 51 142 
294 68 158 
55 213 254 
216 177 78 
281 433 175 
391 89 327 
189 160 499 
411 112 39 
233 354 54 
18 255 459 
92 405 366 
494 38 106 
154 327 453 
319 359 12 
215 306 360 
445 67 216 
53 334 187 
328 83 344 
496 435 14 
134 13 245 
418 372 417 
196 411 133 
303 462 160 
333 131 217 
216 485 375 
34 216 287 
196 126 264 
119 408 197 
113 456 362 
137 79 450 
377 23 449 
300 480 238 
382 233 58 
429 451 384 
310 128 103 
476 375 279 
310 239 167 
137 451 275 
206 327 397 
76 346 9 
77 89 89 
168 290 237 
375 379 234 
166 315 480 
49 268 133 
179 265 228 
26 88 141 
193 120 318 
146 477 359 
408 67 50 
221 396 284 
71 167 352 
311 257 178 
60 16 311 
118 15 440 
213 17 422 
449 306 343 
271 192 325 
333 400 92 
166 381 66 
47 471 398 
17 455 25 
313 458 27 
426 256 180 
255 340 234 
438 391 451 
145 9 480 
237 360 314 
330 207 260 
415 98 409 
42 166 309 
147 290 380 
383 279 5 
283 6 50 
453 496 149 
194 413 460 
126 238 29 
57 42 454 
55 398 432 
255 345 195 
487 55 27 
76 94 218 
292 181 111 
84 253 443 
144 95 122 
438 427 161 
450 199 169 
135 142 93 
458 165 493 
395 463 117 
455 249 16 
496 48 104 
453 168 252 
129 469 1 
42 54 234 
295 494 40 
140 408 40 
461 424 92 
167 398 313 
1 430 73 
40 10 66 
260 297 439 
381 277 166 
186 139 255 
314 377 204 
396 495 116 
198 429 498 
196 169 159 
40 302 436 
94 235 82 
330 343 429 
120 3 0 
313 220 422 
477 425 10 
172 131 437 
229 391 200 
230 169 465 
466 250 444 
335 24 471 
298 22 115 
167 373 205 
139 440 128 
373 182 354 
104 15 354 
38 389 212 
298 480 308 
7 183 433 
30 19 5 
211 409 447 
6 495 218 
273 28 454 
122 343 55 
20 146 173 
461 201 475 
151 329 13 
264 166 39 
464 35 496 
145 343 406 
29 156 378 
122 461 447 
291 275 447 
182 152 444 
288 67 205 
50 382 85 
77 480 276 
57 255 317 
191 54 76 
173 457 166 
252 111 478 
367 439 272 
297 412 31 
238 243 8 
264 471 95 
257 207 161 
24 286 224 
455 388 328 
83 202 226 
259 77 443 
344 313 117 
180 139 244 
422 346 187 
145 428 405 
286 458 115 
424 26 271 
203 405 164 
225 27 5 
381 372 181 
425 63 203 
67 100 187 
263 468 1 
95 117 2 
125 355 265 
340 218 2 
80 69 375 
495 482 127 
219 33 85 
309 398 229 
14 201 24 
307 369 310 
157 480 4 
191 386 178 
417 427 289 
129 102 381 
95 447 246 
405 435 480 
234 65 192 
244 350 403 
101 177 141 
259 137 105 
413 13 438 
13 232 373 
151 293 417 
419 169 293 
222 5 354 
67 149 340 
453 403 395 
216 90 352 
493 217 151 
109 347 179 
222 33 212 
93 165 315 
71 450 344 
75 379 128 
209 406 82 
174 373 49 
264 53 372 
365 240 160 
395 489 157 
14 67 25 
150 130 313 
104 64 281 
257 286 112 
54 424 145 
361 371 386 
422 133 463 
322 354 288 
102 193 354 
439 17 137 
144 234 287 
270 353 39 
470 40 165 
339 290 52 
486 468 413 
353 270 335 
123 428 471 
105 153 40 
320 20 393 
355 58 126 
180 174 488 
436 304 375 
217 242 417 
222 221 385 
64 67 271 
215 68 167 
174 311 253 
30 338 220 
134 386 299 
388 158 483 
493 285 459 
356 22 224 
192 491 41 
427 290 70 
367 288 362 
313 489 313 
301 220 354 
31 89 208 
327 223 335 
378 33 456 
470 124 307 
498 344 173 
357 413 144 
97 144 261 
169 386 480 
238 433 398 
264 453 134 
477 17 446 
482 107 386 
62 241 215 
73 92 161 
75 471 363 
78 252 170 
307 416 334 
344 69 486 
445 111 195 
73 47 396 
405 250 242 
420 401 229 
315 91 432 
335 76 464 
453 491 200 
115 498 405 
128 347 47 
39 466 191 
199 470 438 
452 345 217 
344 144 263 
393 11 106 
66 113 339 
386 151 381 
163 176 126 
367 258 1 
332 265 435 
343 480 386 
196 311 263 
283 347 360 
246 386 452 
482 311 51 
8 468 243 
12 368 387 
69 387 467 
449 352 406 
213 427 100 
230 444 479 
10 93 476 
22 165 111 
179 334 337 
436 208 228 
291 109 433 
413 119 324 
173 126 319 
313 120 90 
401 359 178 
431 177 225 
474 318 209 
279 351 173 
296 233 30 
2 474 238 
483 359 161 
193 211 373 
339 409 19 
471 396 240 
382 131 127 
271 393 130 
202 189 383 
269 462 37 
441 408 205 
65 160 341 
6 149 126 
439 351 65 
280 345 86 
113 473 301 
2 3 409 
225 170 150 
45 437 412 
137 134 418 
224 419 445 
419 396 375 
353 267 124 
17 377 132 
163 480 409 
232 104 86 
188 117 179 
417 105 491 
388 128 218 
178 43 499 
323 92 351 
24 44 26 
249 0 125 
427 388 273 
98 338 393 
390 291 370 
421 292 8 
296 492 492 
310 105 307 
376 33 402 
354 50 230 
344 63 257 
281 461 367 
70 32 217 
26 158 488 
205 459 395 
136 152 230 
424 63 460 
37 23 460 
452 374 474 
26 208 23 
443 414 33 
365 329 420 
128 103 167 
362 89 279 
48 469 117 
471 15 449 
89 174 34 
200 446 490 
11 343 255 
233 16 52 
342 152 164 
453 264 44 
62 247 86 
101 482 391 
48 498 246 
433 206 326 
491 371 14 
109 246 365 
198 454 182 
383 163 129 
124 44 143 
98 443 458 
424 148 265 
207 401 221 
131 467 66 
199 233 41 
451 92 402 
344 330 103 
423 54 384 
270 78 204 
443 41 415 
381 370 377 
490 349 429 
78 53 207 
211 391 290 
194 410 75 
136 457 82 
465 131 322 
494 113 454 
464 20 402 
129 186 260 
381 352 24 
333 272 191 
446 424 245 
172 332 466 
374 407 372 
224 437 401 
292 377 116 
96 383 453 
362 122 287 
90 62 229 
133 449 366 
324 260 182 
381 73 221 
184 369 379 
473 44 319 
238 369 76 
49 233 98 
386 258 408 
189 351 379 
224 326 286 
26 365 9 
414 334 131 
398 127 262 
316 166 421 
379 393 388 
466 242 348 
194 167 279 
399 49 263 
267 248 15 
9 198 68 
258 151 389 
5 471 484 
452 212 298 
402 64 121 
230 52 205 
428 261 216 
307 228 165 
41 324 85 
330 249 299 
154 248 166 
465 182 302 
123 144 218 
57 498 169 
48 235 104 
70 182 459 
401 221 445 
153 334 469 
106 175 217 
31 228 27 
360 22 192 
82 131 459 
405 39 344 
123 350 348 
376 402 19 
345 41 258 
345 214 182 
479 163 135 
476 9 446 
401 67 276 
392 456 308 
211 88 312 
415 169 170 
396 27 1 
431 373 139 
120 216 217 
353 330 213 
495 314 201 
168 384 409 
19 304 9 
280 88 124 
392 157 35 
120 425 14 
473 92 226 
273 208 368 
478 427 459 
492 267 224 
115 122 430 
54 357 429 
400 143 95 
172 448 251 
286 164 16 
483 110 303 
171 29 301 
436 144 396 
354 53 400 
358 45 423 
38 437 441 
240 176 420 
446 421 274 
381 261 67 
11 360 258 
462 24 141 
356 70 41 
75 173 130 
71 365 128 
46 408 211 
36 416 102 
118 19 63 
291 44 73 
405 107 126 
24 88 308 
48 364 468 
270 429 456 
179 439 37 
31 137 238 
244 246 439 
436 411 175 
160 440 53 
199 300 268 
188 121 413 
6 80 497 
422 117 254 
217 19 437 
294 435 448 
172 18 353 
491 174 393 
363 152 394 
112 270 31 
308 280 447 
241 128 363 
122 32 383 
145 296 160 
208 215 328 
106 19 255 
225 7 222 
114 394 457 
82 415 161 
374 364 490 
118 248 289 
413 0 136 
481 254 432 
311 40 246 
25 247 31 
30 413 290 
136 469 406 
198 92 110 
475 258 439 
292 478 320 
332 303 30 
380 336 317 
461 84 108 
95 431 346 
302 35 408 
128 320 68 
192 131 465 
296 494 324 
178 85 142 
120 113 478 
327 398 340 
298 326 243 
140 77 348 
489 38 406 
404 453 196 
444 340 399 
137 12 290 
133 210 13 
176 357 16 
428 133 87 
239 359 399 
320 194 396 
42 204 458 
115 287 239 
417 461 478 
171 347 37 
218 401 368 
134 206 207 
418 46 81 
153 418 298 
192 93 453 
405 304 398 
333 19 271 
384 485 364 
439 479 315 
459 154 332 
262 354 426 
49 491 415 
17 369 449 
224 473 245 
264 307 205 
376 156 246 
296 324 44 
7 380 462 
318 208 184 
331 311 381 
482 38 254 
183 83 179 
429 386 497 
145 456 362 
220 424 90 
116 498 480 
320 496 0 
171 353 126 
145 271 148 
66 233 49 
240 121 40 
287 106 215 
379 19 297 
267 236 89 
31 330 117 
289 240 60 
234 451 12 
128 160 450 
3 119 355 
255 136 332 
456 56 212 
211 404 55 
340 56 456 
173 361 235 
113 297 385 
375 466 182 
407 360 274 
383 409 178 
435 428 265 
375 360 306 
298 425 475 
436 217 398 
268 252 404 
148 315 346 
168 74 121 
427 255 96 
1 42 29 
251 48 248 
282 26 27 
155 177 84 
383 227 29 
496 131 261 
241 334 110 
96 35 245 
488 204 286 
274 347 213 
316 219 486 
190 195 417 
242 132 216 
368 46 239 
378 270 221 
371 277 71 
476 47 443 
164 9 231 
429 13 338 
153 239 1 
299 207 345 
470 15 144 
493 347 379 
441 410 203 
477 150 8 
16 408 345 
239 480 461 
15 394 19 
198 282 485 
445 251 392 
486 355 153 
295 129 58 
58 106 363 
65 124 327 
305 333 308 
413 3 106 
99 302 91 
328 423 87 
96 359 179 
269 7 405 
13 477 345 
371 377 235 
273 52 173 
142 254 61 
44 139 440 
256 122 373 
171 497 442 
242 228 343 
370 269 488 
389 278 468 
144 125 369 
428 359 301 
392 99 456 
150 325 258 
220 309 475 
229 396 230 
68 309 352 
0 373 157 
354 129 490 
372 446 241 
90 298 24 
397 246 373 
316 74 50 
405 383 325 
5 245 350 
325 349 385 
208 337 154 
169 302 355 
405 170 395 
250 483 436 
70 105 384 
44 166 157 
62 1 252 
257 93 115 
1 297 268 
359 57 276 
439 82 217 
50 404 1 
273 403 249 
94 160 46 
56 129 12 
283 199 194 
463 61 51 
11 471 35 
347 341 187 
357 101 169 
303 214 396 
397 299 474 
434 1 21 
403 194 460 
379 97 42 
396 188 159 
283 279 174 
360 362 39 
181 39 143 
324 405 423 
341 393 406 
76 116 90 
65 371 71 
261 138 364 
258 173 296 
122 493 435 
290 20 432 
132 436 124 
399 156 498 
101 309 164 
110 246 496 
101 156 193 
251 16 411 
266 268 98 
184 441 103 
453 258 123 
469 488 422 
82 39 120 
156 199 17 
401 291 250 
342 369 90 
317 270 360 
39 426 490 
192 126 87 
37 3 87 
15 104 119 
194 491 474 
190 92 470 
115 228 143 
170 158 151 
166 385 268 
6 14 342 
14 134 45 
214 188 389 
346 29 142 
140 435 153 
110 392 280 
345 399 289 
328 159 172 
152 288 410 
292 3 300 
199 122 284 
138 231 305 
43 252 81 
270 384 70 
78 259 225 
296 359 344 
180 326 118 
225 229 298 
98 62 480 
132 381 68 
50 225 423 
249 419 329 
133 3 255 
382 136 478 
145 435 317 
299 134 23 
46 230 122 
327 10 416 
95 350 366 
42 315 186 
224 249 39 
493 357 107 
190 180 132 
400 466 245 
390 194 116 
340 121 35 
395 194 29 
496 123 217 
453 108 329 
20 215 147 
410 27 147 
205 294 209 
246 371 490 
286 480 443 
345 396 355 
453 236 313 
87 407 169 
434 432 271 
455 36 299 
380 409 292 
314 17 148 
203 358 210 
219 83 342 
381 94 392 
445 290 451 
322 144 292 
22 420 432 
167 166 164 
248 14 477 
217 108 249 
85 234 466 
105 242 21 
340 281 266 
452 71 369 
