1000
3
437 373 8 
292 474 64 
417 184 41 
310 318 90 
202 113 228 
161 407 287 
78 120 283 
406 156 208 
168 60 103 
80 250 412 
274 30 98 
494 260 86 
16 352 317 
48 147 345 
330 291 352 
242 418 477 
58 329 99 
367 406 289 
174 489 318 
281 71 467 
23 125 357 
199 396 442 
398 444 329 
431 58 24 
146 468 359 
333 10 320 
426 366 233 
167 188 176 
214 333 388 
377 284 147 
161 346 443 
440 32 124 
15 169 292 
137 62 89 
129 229 372 
443 495 133 
469 485 328 
372 254 443 
447 235 480 
178 357 283 
78 476 493 
299 309 445 
159 361 283 
274 388 411 
454 262 310 
402 219 494 
32 385 132 
187 106 84 
377 123 415 
337 87 377 
366 448 435 
162 303 55 
198 456 335 
485 448 466 
72 77 257 
79 217 400 
348 352 133 
466 43 437 
182 298 496 
484 164 336 
239 49 107 
96 177 125 
75 395 85 
278 36 213 
162 89 327 
54 476 99 
17 210 335 
402 226 233 
239 440 248 
85 498 346 
74 45 421 
438 188 26 
319 243 102 
241 151 414 
13 244 128 
155 202 144 
46 478 11 
429 137 396 
139 376 227 
26 198 425 
499 392 357 
264 449 456 
380 151 428 
134 163 54 
122 129 248 
27 32 387 
79 406 376 
125 214 368 
151 342 364 
441 235 317 
6 207 434 
304 266 190 
498 92 432 
22 177 460 
262 315 41 
69 226 98 
480 102 492 
88 9 39 
495 496 100 
128 362 210 
32 393 112 
67 413 100 
435 297 260 
101 27 303 
323 438 411 
418 341 332 
374 340 46 
28 499 14 
333 180 434 
268 351 41 
379 273 70 
428 198 172 
390 317 82 
210 223 304 
162 87 216 
11 62 329 
80 441 138 
81 208 145 
258 56 193 
224 346 105 
468 26 93 
328 312 400 
9 87 346 
98 482 418 
101 163 169 
338 261 258 
475 35 478 
325 415 146 
339 261 8 
438 376 164 
236 299 394 
167 335 377 
254 160 348 
467 81 397 
283 175 303 
140 395 403 
218 346 347 
183 382 187 
148 242 203 
331 45 252 
7 127 392 
45 27 76 
345 130 260 
413 285 97 
179 52 29 
443 87 306 
145 247 7 
316 464 375 
180 63 470 
419 404 476 
206 66 17 
281 393 407 
401 100 75 
233 331 321 
97 220 128 
240 441 472 
132 401 275 
434 136 76 
440 153 169 
29 93 94 
70 76 1 
448 374 351 
280 18 29 
140 257 277 
279 74 192 
489 404 485 
221 20 291 
134 232 202 
260 30 450 
23 148 170 
460 217 209 
7 212 378 
483 268 97 
246 20 172 
172 181 391 
320 377 263 
379 447 475 
414 439 328 
273 334 89 
29 106 388 
66 401 412 
496 449 380 
17 20 248 
216 207 98 
452 400 291 
243 299 113 
497 195 321 
13 390 337 
420 427 158 
68 86 198 
448 368 369 
34 221 438 
42 205 50 
290 159 403 
115 263 282 
356 453 174 
300 183 91 
441 33 188 
382 491 59 
236 134 88 
370 489 49 
110 484 13 
470 248 159 
344 134 136 
86 114 21 
216 222 367 
328 14 61 
57 389 64 
89 468 359 
390 115 14 
142 139 102 
258 255 464 
325 427 216 
453 194 378 
186 150 401 
120 324 318 
407 438 220 
182 486 416 
208 180 235 
457 1 360 
253 457 250 
241 175 368 
84 329 348 
415 491 94 
461 374 356 
413 251 481 
421 292 303 
441 83 16 
24 46 107 
182 361 342 
345 368 304 
293 237 37 
387 113 103 
109 341 426 
494 366 1 
26 6 351 
412 190 392 
63 225 480 
150 35 18 
81 228 294 
77 149 253 
182 397 355 
132 151 79 
475 224 420 
341 182 462 
138 374 324 
230 333 453 
181 332 310 
8 46 318 
435 469 429 
340 227 156 
144 323 445 
322 322 450 
64 395 303 
171 470 88 
353 483 349 
480 361 498 
443 421 156 
430 214 2 
313 494 36 
188 96 246 
113 106 487 
490 259 382 
330 205 312 
299 212 321 
215 68 114 
192 24 151 
168 285 174 
380 7 333 
214 201 67 
394 378 83 
452 67 221 
115 220 366 
291 299 215 
355 334 39 
364 12 131 
48 82 418 
166 211 127 
411 392 435 
200 263 15 
394 228 2 
89 27 284 
43 115 415 
397 315 21 
281 418 416 
371 342 469 
326 58 273 
435 241 324 
180 172 489 
451 9 385 
210 309 377 
158 350 253 
184 184 226 
450 254 180 
482 93 392 
262 33 394 
26 320 294 
160 133 299 
260 426 242 
72 197 105 
447 190 346 
243 102 99 
443 234 216 
197 27 343 
27 139 445 
335 69 64 
446 180 185 
141 464 217 
324 426 244 
247 336 39 
157 19 368 
1 0 385 
305 361 239 
168 421 382 
98 245 188 
242 274 387 
355 298 423 
380 373 367 
400 125 40 
282 408 39 
36 317 200 
102 309 424 
8 28 234 
38 156 447 
423 439 293 
393 347 355 
260 201 467 
154 439 383 
304 456 54 
320 256 445 
134 347 248 
161 442 348 
117 86 374 
244 225 474 
125 484 53 
269 138 334 
418 448 459 
149 448 495 
323 116 11 
450 146 78 
333 190 480 
391 426 388 
219 39 464 
363 453 300 
102 247 2 
205 91 14 
245 217 131 
442 247 3 
487 210 294 
344 83 154 
473 332 81 
38 378 266 
84 426 63 
442 431 160 
58 89 164 
311 91 35 
246 304 32 
138 319 461 
349 411 27 
210 321 350 
422 99 150 
156 32 459 
457 233 215 
63 486 348 
1 492 472 
282 353 7 
276 106 141 
383 333 340 
406 13 267 
321 448 187 
224 319 465 
155 449 71 
417 427 469 
263 195 15 
417 287 427 
443 388 187 
111 487 122 
159 433 177 
165 495 12 
269 43 326 
283 297 483 
419 231 4 
182 33 464 
478 90 121 
160 189 91 
474 208 73 
218 202 92 
443 151 412 
397 168 491 
224 473 494 
172 64 203 
9 165 449 
482 155 437 
219 206 58 
359 370 266 
66 40 160 
144 31 362 
184 154 350 
229 90 497 
283 340 47 
473 164 386 
400 101 137 
187 361 209 
320 454 203 
30 5 13 
135 9 330 
388 95 96 
340 351 320 
334 89 155 
250 110 151 
408 223 148 
475 153 250 
124 84 8 
252 83 119 
2 194 320 
302 251 363 
188 153 391 
434 463 76 
357 287 440 
152 213 370 
43 471 178 
228 429 303 
37 91 176 
71 49 114 
186 359 96 
253 25 61 
82 139 341 
490 45 393 
486 276 226 
256 304 339 
84 12 305 
3 235 267 
86 459 334 
265 354 364 
246 206 392 
401 368 358 
220 231 122 
238 442 382 
383 20 208 
435 368 53 
30 246 206 
10 18 27 
14 476 93 
176 105 213 
105 154 86 
245 191 429 
426 319 342 
487 62 85 
45 117 427 
242 205 425 
424 306 417 
480 417 350 
385 48 29 
142 204 350 
241 20 122 
185 470 210 
213 363 418 
46 174 205 
392 156 388 
231 247 353 
386 226 397 
44 327 282 
367 278 196 
248 66 46 
85 33 282 
64 68 418 
458 322 435 
142 236 41 
356 450 485 
42 128 96 
222 304 498 
55 260 187 
403 260 146 
396 395 322 
249 499 473 
88 64 439 
167 299 193 
432 1 280 
221 355 389 
5 156 239 
117 379 444 
199 470 363 
365 54 16 
234 49 486 
230 159 355 
302 192 285 
59 395 92 
339 308 325 
67 191 355 
431 157 422 
15 264 168 
445 242 190 
197 438 435 
321 256 307 
73 174 63 
9 60 306 
222 142 159 
334 322 3 
319 156 305 
112 464 203 
410 57 294 
493 182 422 
38 69 459 
25 275 381 
21 324 260 
7 115 51 
408 248 211 
103 245 470 
322 441 333 
190 94 70 
103 118 311 
123 335 69 
294 174 282 
432 305 339 
333 466 184 
73 455 52 
328 85 6 
39 255 78 
344 417 23 
380 399 6 
60 55 396 
35 129 487 
28 388 123 
328 449 56 
42 160 204 
119 5 466 
467 31 301 
232 147 252 
493 393 39 
217 401 32 
93 489 110 
33 419 36 
362 173 134 
412 173 154 
191 475 255 
320 381 173 
0 171 487 
479 155 262 
98 103 271 
381 156 260 
65 401 22 
266 151 429 
85 116 449 
221 144 494 
203 66 40 
314 279 452 
292 275 65 
15 479 4 
349 482 117 
51 352 118 
191 145 159 
224 163 318 
480 190 460 
387 275 100 
167 140 15 
352 108 317 
55 207 380 
238 72 491 
63 109 403 
477 1 252 
163 496 334 
371 385 164 
188 169 86 
54 294 200 
31 365 379 
238 227 402 
399 480 233 
477 294 269 
52 291 367 
20 262 89 
149 239 485 
451 486 336 
129 458 364 
78 363 31 
438 409 458 
76 271 455 
268 34 210 
331 164 271 
390 433 3 
127 432 16 
353 397 55 
284 19 22 
452 91 491 
348 484 205 
28 166 308 
213 75 426 
376 472 450 
246 308 127 
185 255 159 
233 388 454 
285 381 405 
221 316 10 
359 422 235 
432 10 84 
236 295 309 
15 96 368 
86 250 46 
429 70 260 
420 378 191 
311 30 242 
58 406 49 
195 197 29 
135 281 186 
379 19 378 
418 481 435 
332 150 414 
482 482 388 
68 392 301 
370 120 432 
149 199 435 
14 91 318 
497 302 406 
478 82 273 
23 360 192 
192 243 4 
476 258 343 
399 302 431 
299 340 452 
247 140 402 
168 480 445 
367 317 101 
157 461 488 
291 486 202 
371 94 185 
396 327 498 
442 339 484 
93 253 191 
449 450 499 
199 219 22 
115 252 238 
86 456 490 
463 344 219 
297 202 461 
71 404 481 
278 353 240 
138 254 431 
451 285 279 
269 284 321 
231 318 108 
208 147 429 
431 155 479 
52 33 333 
94 146 403 
77 42 277 
121 374 204 
67 63 10 
22 406 397 
291 265 60 
228 154 493 
184 399 183 
139 63 159 
391 132 475 
79 97 265 
166 119 203 
432 56 224 
436 316 98 
8 331 264 
219 353 115 
318 393 293 
134 379 489 
157 469 489 
301 223 370 
368 399 493 
181 250 218 
409 397 173 
136 326 382 
364 411 429 
4 239 2 
85 484 487 
433 373 359 
226 210 385 
389 239 354 
1 51 271 
166 390 396 
137 79 476 
170 187 38 
213 333 98 
202 248 63 
87 359 468 
310 228 167 
149 74 367 
217 348 391 
138 499 167 
27 345 150 
450 158 97 
120 278 172 
365 80 448 
16 75 177 
283 74 108 
174 51 289 
21 252 49 
35 491 495 
161 119 258 
287 274 438 
326 205 114 
372 143 249 
218 345 487 
467 248 407 
450 123 224 
94 330 227 
220 414 265 
152 142 286 
425 436 388 
302 358 438 
166 324 99 
221 469 285 
162 227 367 
130 114 307 
488 78 172 
202 488 154 
166 335 354 
276 201 382 
277 187 161 
357 318 31 
187 50 55 
1 206 81 
43 437 43 
218 427 51 
280 357 157 
314 337 398 
135 352 150 
296 474 319 
72 438 481 
33 407 128 
426 154 320 
16 381 280 
81 16 269 
228 358 161 
412 308 411 
423 278 434 
420 84 225 
82 496 403 
155 32 407 
309 181 429 
67 30 317 
468 326 462 
352 102 459 
432 259 339 
374 141 267 
12 366 362 
499 350 138 
484 286 413 
299 72 446 
254 134 303 
241 419 341 
184 166 56 
81 104 452 
475 160 300 
104 121 16 
461 484 376 
189 347 265 
422 127 117 
289 401 375 
183 238 349 
240 439 428 
54 234 440 
178 450 317 
210 129 271 
408 288 284 
286 320 274 
71 320 64 
392 95 491 
194 435 332 
61 197 137 
231 14 231 
361 184 224 
405 447 247 
214 301 330 
358 69 71 
367 99 11 
282 472 84 
180 379 26 
6 412 356 
439 10 118 
363 320 22 
151 164 18 
83 175 465 
194 344 17 
362 351 185 
470 238 283 
358 3 497 
166 267 244 
202 34 389 
85 92 281 
14 113 63 
201 78 14 
214 398 287 
392 232 407 
186 478 43 
215 228 362 
304 75 497 
114 489 192 
384 331 70 
154 420 355 
220 404 277 
136 475 17 
172 23 415 
108 258 18 
310 288 52 
485 401 174 
392 81 305 
499 251 380 
296 55 291 
314 370 228 
40 273 150 
229 468 335 
313 138 331 
404 139 289 
485 43 425 
355 23 159 
80 13 114 
343 169 447 
112 218 180 
134 327 69 
298 315 256 
495 118 351 
437 380 452 
354 468 459 
208 276 196 
305 26 18 
313 170 343 
348 216 327 
44 79 169 
211 494 298 
42 312 318 
462 21 57 
281 455 5 
301 461 103 
193 439 220 
154 75 341 
90 164 289 
360 459 86 
475 366 10 
287 361 483 
41 259 162 
34 230 79 
374 360 151 
240 84 355 
50 387 53 
108 175 446 
454 403 172 
64 312 321 
468 335 67 
340 107 335 
248 311 418 
148 472 324 
298 381 475 
383 492 247 
490 242 389 
184 293 419 
279 161 80 
35 356 416 
37 311 337 
156 483 233 
156 387 195 
262 61 394 
160 211 79 
219 237 146 
295 11 38 
157 484 140 
223 15 158 
214 195 492 
94 227 65 
108 391 21 
389 376 244 
487 177 224 
29 92 254 
260 32 99 
399 402 181 
61 238 410 
429 462 271 
296 380 206 
237 183 54 
452 223 71 
166 61 36 
42 395 187 
247 313 387 
198 326 262 
108 480 318 
330 174 41 
265 347 307 
177 56 275 
499 429 160 
340 45 425 
287 497 386 
413 211 183 
313 443 472 
430 23 14 
156 435 273 
194 325 466 
253 138 126 
17 314 423 
462 27 461 
338 130 339 
57 381 170 
245 406 184 
472 39 158 
48 236 470 
360 373 144 
448 75 372 
468 374 319 
120 19 84 
415 123 166 
400 422 329 
81 384 388 
76 379 3 
166 35 89 
450 342 68 
368 465 327 
154 34 1 
16 284 416 
163 247 140 
314 475 372 
52 163 2 
76 55 147 
42 173 354 
18 159 92 
381 23 459 
266 84 107 
212 343 74 
350 306 409 
421 92 76 
414 146 296 
83 395 204 
309 58 209 
192 269 402 
148 211 172 
182 241 343 
483 255 313 
488 126 65 
178 148 31 
267 359 199 
181 449 384 
449 325 252 
303 422 453 
339 61 23 
403 324 473 
495 69 199 
464 388 99 
178 491 173 
240 358 378 
410 170 219 
281 170 250 
391 84 365 
101 170 231 
302 78 113 
133 404 469 
348 244 418 
388 326 227 
17 136 232 
444 281 98 
203 403 368 
136 243 407 
438 4 100 
56 160 300 
289 106 104 
413 224 457 
433 58 289 
106 296 257 
363 7 365 
462 145 328 
350 23 174 
298 291 311 
479 213 123 
301 46 313 
447 422 408 
457 19 65 
281 173 139 
212 104 254 
249 260 423 
224 237 16 
100 99 10 
151 145 359 
322 224 402 
55 457 216 
169 250 312 
251 232 329 
29 87 383 
48 244 122 
329 95 185 
266 333 13 
445 340 110 
330 194 443 
384 454 382 
15 386 5 
464 334 68 
149 347 175 
89 383 445 
234 51 323 
492 495 252 
283 336 211 
473 343 448 
281 151 103 
383 414 245 
2 431 328 
289 360 12 
66 110 479 
123 81 327 
322 487 226 
451 497 431 
