1000
3
66 295 249 
273 31 419 
253 110 193 
72 19 77 
339 195 116 
267 277 470 
265 365 377 
181 187 499 
373 423 342 
62 477 99 
159 181 451 
412 179 87 
320 397 290 
237 301 351 
205 336 242 
369 212 213 
408 173 72 
377 269 340 
52 354 75 
305 447 403 
185 487 178 
148 490 126 
20 413 168 
191 304 105 
128 316 478 
168 418 280 
343 205 71 
415 258 290 
323 167 0 
187 425 393 
112 382 485 
27 180 442 
290 108 298 
259 445 367 
170 32 26 
182 405 396 
478 210 466 
187 422 7 
1 370 363 
113 290 346 
499 413 323 
473 48 68 
74 375 432 
311 466 128 
6 428 85 
164 275 497 
160 13 432 
205 291 369 
12 21 331 
71 350 9 
298 271 347 
421 183 362 
222 400 303 
292 344 190 
472 438 67 
346 184 156 
430 218 477 
135 396 499 
401 481 166 
446 266 381 
274 465 93 
67 151 492 
35 246 307 
136 220 96 
161 158 59 
271 164 377 
171 88 288 
96 218 122 
340 59 25 
214 236 241 
280 42 373 
464 394 413 
259 27 284 
196 352 352 
139 463 436 
326 105 280 
249 304 335 
389 440 428 
93 373 441 
245 322 436 
225 23 230 
24 422 154 
278 345 177 
249 51 470 
35 232 291 
46 497 311 
293 496 467 
121 424 426 
447 22 367 
382 56 412 
16 268 258 
148 8 208 
385 431 4 
80 455 191 
138 242 18 
405 149 304 
375 496 158 
477 452 191 
352 259 433 
413 261 15 
56 70 436 
293 230 499 
310 114 406 
231 236 445 
309 152 450 
117 228 93 
484 125 315 
338 326 485 
94 294 477 
321 2 210 
65 464 421 
258 102 79 
471 45 472 
274 450 42 
55 208 249 
181 163 434 
225 257 357 
129 180 92 
19 453 148 
6 403 439 
189 424 132 
259 211 72 
184 187 455 
301 142 419 
135 144 80 
69 201 122 
85 147 429 
438 270 205 
204 231 118 
297 258 107 
297 161 31 
488 221 458 
294 284 440 
280 438 140 
443 199 19 
365 464 345 
117 350 384 
326 148 366 
182 432 281 
23 27 305 
92 29 391 
51 55 221 
54 191 342 
438 238 170 
125 337 237 
320 217 453 
290 371 430 
317 3 56 
63 207 250 
90 495 319 
51 28 327 
332 46 250 
354 55 298 
300 344 450 
93 189 216 
148 131 462 
141 224 266 
135 428 432 
484 161 101 
63 129 351 
119 79 468 
487 413 164 
497 449 376 
472 92 165 
271 332 153 
474 287 259 
476 323 355 
438 273 38 
131 7 490 
57 233 432 
84 0 5 
384 230 342 
268 158 316 
484 388 62 
10 80 431 
272 155 167 
289 384 469 
185 303 23 
310 139 290 
373 424 439 
257 160 90 
4 381 14 
359 377 355 
48 148 399 
127 81 366 
167 308 486 
398 411 403 
359 383 253 
66 195 210 
422 2 234 
311 448 436 
205 315 355 
278 312 290 
43 302 343 
473 51 413 
222 246 395 
402 426 215 
339 396 477 
12 475 374 
335 268 491 
367 187 468 
224 447 189 
60 446 161 
138 238 22 
97 11 385 
279 281 4 
396 280 93 
112 69 313 
133 249 497 
387 157 181 
472 99 76 
308 233 31 
424 318 276 
288 1 382 
17 488 372 
104 54 228 
12 16 337 
34 62 264 
312 212 202 
200 450 224 
158 306 355 
49 402 224 
87 329 257 
239 175 65 
275 225 365 
46 64 219 
452 196 6 
217 413 16 
139 318 149 
404 375 342 
123 20 65 
315 88 229 
352 348 290 
301 444 259 
494 306 39 
125 272 183 
124 390 298 
401 314 168 
300 407 346 
38 311 42 
3 14 327 
21 270 482 
464 372 247 
499 54 296 
147 460 289 
313 256 430 
476 465 383 
10 392 302 
57 97 178 
407 434 401 
163 121 395 
444 284 280 
306 460 154 
237 331 190 
478 278 41 
121 219 164 
412 116 54 
118 195 292 
159 100 255 
95 450 248 
3 93 296 
17 310 413 
333 28 75 
366 262 44 
176 280 224 
263 383 434 
88 295 76 
369 482 359 
259 454 466 
185 303 267 
114 418 218 
175 90 398 
253 65 481 
463 43 58 
9 197 233 
18 3 286 
359 178 352 
468 3 236 
188 296 228 
202 418 431 
346 244 300 
476 353 60 
414 149 236 
395 93 371 
365 326 299 
129 286 452 
102 264 466 
499 52 97 
431 459 380 
180 108 70 
422 266 496 
302 414 7 
354 94 251 
225 22 147 
82 225 309 
464 30 139 
149 297 434 
161 117 124 
100 365 69 
386 362 184 
425 84 174 
344 412 459 
202 275 495 
78 246 430 
456 387 238 
244 435 94 
276 279 328 
161 152 69 
455 1 139 
21 232 426 
477 489 254 
58 179 11 
471 52 33 
312 430 69 
250 105 122 
384 458 446 
303 222 425 
162 496 409 
398 188 240 
266 373 119 
417 154 191 
225 438 270 
368 94 385 
163 32 469 
282 21 323 
253 123 129 
70 13 146 
474 280 346 
188 176 37 
217 308 387 
263 437 68 
31 238 84 
148 438 278 
158 429 220 
29 88 216 
392 34 230 
216 183 442 
42 30 376 
461 357 433 
83 145 297 
63 436 76 
187 92 325 
436 100 461 
204 212 70 
308 291 489 
35 462 184 
174 148 393 
189 454 405 
209 130 133 
75 39 450 
350 120 286 
481 68 435 
370 235 131 
123 38 271 
202 194 329 
10 228 270 
174 143 312 
120 225 361 
193 154 330 
455 327 106 
289 4 416 
478 436 218 
76 55 434 
374 36 330 
376 6 181 
138 70 492 
69 59 474 
483 371 365 
217 19 313 
284 481 26 
391 92 356 
242 139 334 
420 111 475 
206 143 353 
91 73 49 
155 336 366 
292 331 186 
188 448 46 
83 27 101 
320 425 336 
190 125 182 
376 416 95 
190 94 192 
180 258 348 
382 320 4 
15 379 97 
272 147 322 
39 190 58 
419 471 489 
43 252 331 
488 262 370 
371 232 19 
388 324 403 
428 383 297 
272 458 419 
457 195 358 
341 480 464 
436 58 169 
92 445 259 
329 436 491 
403 385 147 
222 399 448 
159 232 29 
384 372 116 
46 427 485 
47 453 29 
284 196 159 
140 316 302 
241 65 426 
225 121 466 
389 318 418 
146 115 260 
211 140 470 
339 443 372 
447 428 99 
316 302 147 
253 391 355 
174 218 152 
161 303 322 
418 138 70 
7 221 199 
421 160 45 
482 387 181 
446 274 420 
93 239 274 
30 123 153 
219 359 387 
496 467 123 
136 378 415 
485 327 136 
73 419 31 
342 407 414 
334 434 305 
476 297 456 
13 184 440 
234 50 276 
415 6 418 
250 302 459 
222 181 295 
117 212 492 
21 72 155 
109 83 336 
172 176 268 
310 208 335 
79 149 103 
410 336 260 
363 332 34 
228 5 468 
391 178 386 
354 21 17 
74 350 227 
118 248 184 
413 421 142 
183 409 493 
499 91 168 
421 170 178 
172 18 497 
482 356 457 
196 113 253 
357 188 327 
340 262 29 
305 435 493 
312 159 321 
240 490 323 
470 490 214 
338 418 224 
276 280 253 
7 128 108 
285 70 274 
378 353 341 
97 288 180 
232 172 336 
122 274 383 
472 221 201 
235 113 190 
262 24 154 
131 278 369 
45 475 72 
276 464 414 
396 267 222 
115 389 227 
217 27 259 
243 79 55 
260 221 137 
70 64 385 
400 491 20 
223 152 250 
103 428 252 
413 197 353 
67 25 57 
444 41 23 
478 443 85 
362 263 119 
323 315 8 
57 131 157 
17 181 192 
391 21 69 
104 323 475 
141 129 424 
397 374 433 
420 347 360 
111 436 280 
473 221 334 
56 247 311 
106 425 365 
482 13 40 
135 286 430 
60 160 182 
102 147 65 
309 468 364 
453 34 230 
76 247 25 
43 130 125 
437 449 215 
183 419 407 
236 96 101 
25 497 229 
149 5 442 
270 393 143 
489 20 235 
424 207 8 
145 479 494 
194 458 211 
156 223 61 
329 134 16 
492 495 340 
421 254 283 
296 29 141 
332 206 460 
462 47 218 
432 383 41 
238 224 263 
119 51 17 
466 162 268 
234 400 157 
118 298 252 
98 450 445 
431 175 201 
75 139 163 
497 155 73 
104 318 343 
413 374 412 
150 320 346 
365 367 78 
21 39 360 
296 306 115 
123 413 307 
121 472 457 
199 416 410 
105 201 410 
149 206 124 
453 469 6 
64 318 412 
60 280 287 
236 209 479 
351 443 251 
250 57 201 
175 331 470 
98 147 56 
285 26 105 
475 446 111 
408 182 340 
332 221 195 
407 467 67 
94 20 308 
227 226 0 
269 26 418 
165 180 68 
318 469 303 
15 95 356 
108 319 132 
257 436 108 
382 401 347 
134 195 184 
223 156 299 
350 188 433 
443 333 124 
84 71 353 
315 230 443 
481 127 451 
15 42 79 
349 357 70 
450 174 396 
421 15 54 
467 228 84 
68 223 356 
440 389 277 
31 29 115 
260 162 138 
333 183 194 
30 476 248 
329 156 389 
378 21 180 
422 477 149 
290 363 268 
492 277 319 
406 445 242 
25 69 389 
304 201 489 
269 170 35 
462 365 448 
58 354 70 
406 358 150 
219 405 40 
135 395 88 
60 369 467 
400 1 184 
227 269 493 
423 120 413 
215 230 276 
242 450 315 
274 33 404 
277 5 53 
329 282 216 
431 235 92 
365 12 78 
391 366 448 
353 137 289 
378 127 59 
248 56 29 
251 465 199 
421 339 400 
328 364 62 
143 254 52 
170 43 16 
412 355 109 
54 151 202 
100 268 80 
430 375 311 
225 12 203 
313 166 265 
74 264 76 
246 143 95 
56 391 410 
300 218 282 
325 386 219 
160 488 483 
46 77 310 
130 122 161 
229 36 30 
394 244 0 
388 402 381 
193 288 223 
377 364 169 
498 459 112 
88 209 101 
451 328 487 
371 58 259 
114 432 488 
99 112 167 
15 279 167 
9 245 85 
440 252 483 
199 383 483 
328 262 170 
151 193 295 
367 24 464 
30 400 189 
251 482 362 
277 55 487 
54 465 283 
250 433 234 
347 182 54 
273 269 424 
366 28 127 
17 91 132 
283 128 150 
61 273 271 
408 269 219 
96 424 97 
215 169 47 
51 153 433 
157 480 360 
198 340 182 
136 304 495 
133 377 320 
281 452 327 
210 392 333 
470 289 33 
341 354 436 
206 13 296 
242 156 289 
375 400 234 
11 378 135 
498 309 3 
385 275 361 
466 244 313 
117 376 234 
145 103 179 
53 225 199 
122 50 85 
129 282 266 
499 327 329 
385 209 114 
330 111 169 
373 182 114 
197 53 18 
141 89 41 
219 138 487 
32 403 154 
327 309 137 
471 140 344 
49 289 374 
277 454 434 
66 1 476 
123 339 485 
366 139 187 
56 217 290 
383 23 499 
288 316 475 
348 494 219 
454 475 326 
440 282 169 
206 264 423 
138 246 92 
390 221 55 
442 23 22 
489 206 268 
243 133 46 
118 393 244 
24 265 297 
223 337 138 
55 319 253 
248 53 98 
160 261 130 
497 412 454 
171 270 225 
46 335 214 
153 237 383 
72 330 216 
35 324 397 
334 97 330 
454 424 385 
51 398 38 
407 309 129 
343 205 252 
70 431 214 
442 184 126 
88 437 206 
92 331 324 
327 419 64 
86 305 41 
53 335 392 
470 162 148 
492 411 221 
243 288 233 
7 50 357 
17 492 365 
379 482 410 
427 430 249 
229 321 369 
105 201 329 
60 326 462 
125 245 219 
289 149 71 
492 433 404 
282 212 165 
439 490 431 
496 272 442 
288 143 38 
368 15 407 
102 197 397 
404 405 64 
418 350 145 
340 67 439 
335 346 384 
417 3 408 
162 298 36 
416 190 398 
223 378 167 
342 57 94 
82 283 40 
289 183 53 
431 387 237 
82 96 245 
246 51 271 
418 328 202 
221 448 248 
175 324 473 
170 413 381 
161 307 88 
428 453 339 
38 479 467 
274 311 446 
169 370 354 
259 172 288 
409 54 155 
108 260 218 
4 254 407 
131 43 285 
451 335 173 
232 479 83 
12 238 48 
3 302 312 
422 198 415 
117 90 401 
438 245 66 
347 268 202 
275 410 27 
249 127 401 
286 318 182 
61 113 278 
343 399 5 
390 173 156 
390 144 83 
268 305 51 
62 365 245 
341 137 139 
170 45 287 
405 461 99 
482 291 187 
407 11 207 
397 81 319 
355 173 88 
481 141 104 
358 341 387 
443 348 133 
146 47 140 
391 189 432 
371 312 422 
239 274 128 
208 282 284 
114 281 149 
325 475 116 
367 387 155 
495 90 346 
425 155 48 
135 25 5 
319 238 23 
85 156 28 
282 302 211 
364 470 176 
427 326 207 
270 450 186 
228 240 184 
244 489 70 
254 56 5 
64 45 445 
292 142 209 
267 465 455 
404 213 72 
441 255 450 
487 143 469 
341 462 147 
162 352 409 
481 316 474 
338 434 482 
92 40 195 
373 257 272 
244 9 127 
474 380 104 
478 0 259 
366 409 347 
170 53 344 
39 360 239 
331 174 174 
186 154 177 
251 60 446 
228 294 198 
92 463 28 
147 438 417 
50 145 278 
292 447 112 
396 127 300 
122 199 414 
229 12 392 
24 328 343 
11 180 168 
31 170 365 
12 113 378 
62 391 152 
164 379 448 
215 13 234 
398 485 254 
499 73 318 
191 175 50 
129 233 311 
138 359 350 
113 186 431 
236 19 474 
125 273 265 
179 430 346 
167 207 58 
425 304 24 
461 397 341 
18 14 0 
409 10 106 
31 41 164 
114 242 129 
33 289 244 
339 466 472 
292 169 4 
135 170 45 
97 345 443 
415 237 53 
423 211 466 
257 69 82 
390 23 50 
193 322 179 
256 304 317 
435 58 277 
395 355 241 
343 28 174 
449 350 149 
205 417 495 
340 271 398 
381 37 221 
231 368 386 
153 87 56 
389 274 152 
194 37 87 
235 259 173 
473 132 326 
149 327 379 
405 287 309 
367 40 267 
197 181 346 
260 55 57 
352 385 175 
92 392 488 
341 77 199 
486 180 397 
132 17 76 
210 393 156 
454 57 99 
463 342 464 
198 336 438 
155 442 25 
414 132 127 
481 120 2 
80 163 442 
251 55 192 
290 89 225 
326 449 147 
228 261 492 
277 427 50 
100 229 265 
156 454 106 
246 386 191 
51 455 4 
146 354 169 
102 285 371 
374 455 197 
75 312 336 
479 6 46 
203 207 445 
289 479 231 
302 120 82 
273 9 469 
315 494 327 
489 227 460 
50 162 446 
131 77 107 
483 421 284 
225 331 256 
319 149 484 
41 467 198 
139 218 393 
393 452 367 
360 436 82 
94 387 233 
418 355 84 
76 282 260 
268 412 359 
91 66 226 
92 293 283 
427 14 57 
0 202 368 
486 409 374 
92 181 363 
222 289 261 
480 191 412 
97 258 362 
394 272 97 
47 76 241 
234 294 310 
493 382 470 
10 71 181 
459 120 414 
132 149 163 
262 469 207 
251 240 46 
38 303 392 
54 360 291 
58 363 270 
434 209 245 
386 73 485 
203 100 284 
39 372 387 
403 159 306 
64 445 229 
20 404 205 
18 380 332 
381 474 286 
27 428 255 
122 147 209 
234 9 184 
318 341 55 
70 443 289 
31 454 499 
