1000
3
334 296 124 
306 281 229 
422 57 155 
71 291 152 
56 260 80 
499 189 141 
340 394 417 
34 334 272 
0 19 379 
471 457 3 
442 349 384 
183 226 88 
90 399 214 
379 369 142 
72 165 261 
199 173 430 
129 329 122 
464 492 295 
295 456 60 
385 452 15 
420 471 49 
317 458 108 
132 21 412 
356 259 26 
48 74 127 
205 428 298 
283 251 8 
7 242 36 
95 497 156 
408 156 89 
189 25 252 
402 324 153 
318 436 103 
192 232 472 
68 459 174 
328 71 217 
330 217 227 
11 381 487 
192 440 277 
248 447 310 
480 313 450 
172 57 494 
238 129 102 
373 393 38 
253 371 278 
8 117 291 
441 137 138 
208 305 441 
334 58 196 
101 378 192 
33 327 164 
497 241 101 
54 240 12 
341 400 315 
352 26 344 
433 397 107 
387 264 191 
224 461 447 
349 101 158 
407 395 202 
103 341 286 
80 428 180 
276 60 40 
225 338 158 
47 305 260 
106 17 346 
420 402 190 
398 379 107 
274 489 374 
431 304 262 
368 12 452 
14 173 476 
52 98 286 
44 286 51 
304 451 23 
435 139 279 
450 45 329 
419 456 285 
197 382 134 
452 437 183 
254 276 231 
175 144 469 
247 35 216 
359 52 318 
204 315 490 
63 23 309 
279 4 90 
240 42 253 
320 446 3 
312 9 406 
278 262 415 
89 164 270 
48 485 340 
329 480 173 
372 298 304 
1 171 64 
165 136 39 
415 395 229 
52 108 125 
133 159 86 
314 445 281 
54 271 135 
308 62 359 
365 420 210 
224 209 328 
347 315 252 
140 122 68 
476 496 229 
109 254 366 
481 449 328 
148 340 237 
367 73 413 
285 285 406 
295 358 154 
247 154 489 
317 463 162 
356 294 77 
479 388 44 
76 9 277 
489 222 14 
319 249 3 
421 303 37 
332 274 331 
104 410 360 
104 101 392 
450 13 404 
18 47 424 
22 410 204 
61 96 89 
17 443 275 
274 469 15 
468 370 14 
484 455 372 
37 40 478 
221 218 338 
224 356 93 
121 247 28 
425 418 371 
354 74 495 
425 298 182 
190 289 299 
64 380 256 
31 23 51 
109 226 178 
68 94 498 
41 411 428 
103 379 437 
357 381 265 
128 491 91 
44 142 102 
168 203 107 
445 169 213 
288 73 169 
167 217 283 
317 213 395 
429 73 404 
296 273 45 
0 54 367 
333 275 34 
316 195 450 
146 111 82 
406 441 100 
336 260 338 
128 277 59 
273 145 291 
359 221 10 
451 0 13 
439 277 356 
402 231 129 
362 397 155 
483 296 39 
137 268 108 
108 333 203 
235 394 152 
18 362 167 
198 346 395 
362 362 482 
64 485 54 
433 295 283 
248 304 163 
272 288 462 
474 493 443 
142 464 206 
270 395 123 
468 141 76 
250 81 312 
151 204 242 
248 132 306 
204 101 191 
126 39 239 
350 241 252 
352 162 368 
196 410 25 
387 40 242 
264 105 384 
328 463 252 
380 110 246 
336 217 484 
397 104 195 
454 128 427 
335 115 251 
301 445 460 
101 95 468 
309 108 289 
21 136 350 
47 234 433 
424 283 487 
31 242 295 
71 107 479 
322 434 483 
39 356 284 
73 324 479 
382 415 196 
70 389 181 
407 93 6 
238 172 479 
430 442 222 
105 411 368 
333 127 325 
496 216 465 
140 2 66 
212 432 55 
352 35 240 
272 362 65 
447 413 354 
40 426 454 
384 216 380 
118 137 11 
355 25 445 
117 121 320 
219 133 397 
261 475 351 
289 284 420 
32 26 275 
89 352 122 
253 246 386 
131 334 196 
359 372 190 
161 152 89 
327 243 126 
428 286 396 
42 110 209 
191 9 170 
385 498 123 
4 487 411 
223 159 342 
106 63 113 
412 169 146 
82 268 383 
430 229 420 
35 105 170 
343 248 47 
7 435 298 
323 118 429 
400 151 235 
342 173 246 
12 27 259 
326 217 461 
274 442 234 
343 70 238 
0 433 228 
338 412 261 
2 401 91 
365 175 91 
411 73 449 
437 315 330 
467 102 78 
68 243 455 
414 421 433 
264 33 60 
54 163 405 
113 435 357 
380 207 322 
139 347 288 
76 223 188 
88 238 305 
175 169 321 
321 321 370 
252 316 469 
212 304 251 
5 474 464 
139 169 222 
476 118 99 
334 485 370 
94 32 311 
346 444 38 
121 163 232 
161 122 181 
162 229 281 
95 14 250 
164 275 359 
334 143 7 
492 55 439 
57 454 432 
350 230 133 
40 345 248 
81 332 392 
66 149 219 
271 349 115 
200 7 312 
440 286 241 
28 363 443 
327 90 425 
35 232 315 
303 353 153 
295 391 370 
257 209 346 
345 303 75 
191 343 328 
261 454 299 
209 120 55 
102 114 26 
126 453 120 
201 9 236 
42 431 439 
408 74 12 
29 245 277 
290 75 402 
300 465 394 
405 57 85 
61 118 475 
147 481 168 
209 426 398 
93 151 136 
47 184 86 
60 447 225 
34 238 378 
72 167 361 
256 30 265 
417 436 245 
482 6 457 
14 473 449 
143 18 216 
494 392 302 
251 38 363 
493 432 16 
253 125 376 
292 191 444 
184 412 16 
221 329 411 
20 71 62 
59 371 175 
427 209 291 
342 280 324 
9 177 296 
17 311 49 
184 327 179 
231 20 415 
132 302 108 
222 381 24 
269 98 236 
170 178 435 
422 55 310 
380 13 129 
260 271 483 
117 443 458 
128 233 205 
267 415 383 
95 447 464 
248 270 331 
230 490 147 
347 372 316 
178 136 373 
233 73 238 
364 292 54 
155 188 171 
207 304 368 
105 225 357 
283 210 147 
19 447 103 
252 471 247 
344 181 446 
489 499 86 
89 274 346 
57 174 117 
33 196 428 
18 397 384 
241 43 449 
234 294 398 
112 190 396 
430 275 16 
474 128 117 
299 366 19 
453 225 174 
219 144 197 
441 411 449 
467 195 359 
466 242 317 
449 161 105 
85 59 107 
268 438 221 
16 179 277 
353 97 419 
228 269 388 
264 252 230 
471 133 151 
267 276 335 
126 209 323 
70 18 24 
28 241 30 
72 485 299 
29 47 294 
344 174 30 
153 191 340 
172 393 43 
465 154 354 
189 411 317 
461 196 303 
278 66 423 
474 227 208 
40 441 468 
426 209 348 
369 105 93 
231 471 53 
38 141 251 
380 66 383 
370 241 457 
330 487 498 
213 357 272 
47 61 49 
380 92 404 
262 310 221 
478 91 426 
344 184 199 
101 235 109 
244 38 245 
237 265 172 
188 14 451 
352 318 287 
448 345 161 
289 433 407 
427 234 450 
72 358 124 
200 214 65 
450 218 74 
209 350 97 
135 488 335 
75 15 436 
91 3 390 
300 382 284 
344 320 242 
208 493 422 
158 119 477 
74 117 257 
475 458 15 
140 47 251 
171 375 143 
173 33 213 
23 141 269 
486 453 494 
242 325 88 
289 116 122 
398 362 475 
67 213 156 
64 250 310 
261 351 6 
44 44 339 
479 49 276 
279 103 12 
254 122 368 
202 354 446 
292 159 19 
251 20 33 
389 270 169 
20 161 273 
281 322 144 
105 454 381 
308 411 201 
446 408 409 
334 154 243 
412 64 353 
345 468 243 
244 386 100 
62 326 212 
424 41 238 
492 61 464 
333 360 434 
50 191 368 
250 72 237 
171 143 264 
309 369 151 
251 117 447 
418 316 259 
447 162 184 
438 439 66 
135 343 133 
55 391 371 
393 326 469 
444 171 20 
105 23 343 
476 483 368 
355 469 476 
87 284 388 
382 415 277 
397 213 301 
18 495 279 
183 5 471 
123 429 307 
153 115 133 
137 233 83 
251 261 253 
194 453 5 
332 124 346 
420 188 217 
434 481 141 
42 214 253 
230 378 406 
63 421 272 
402 138 418 
416 43 107 
102 396 327 
218 226 25 
211 476 323 
439 210 403 
20 298 183 
246 483 67 
434 387 418 
443 236 228 
490 358 495 
262 251 140 
436 433 410 
46 407 192 
18 84 491 
380 94 268 
33 237 210 
231 462 309 
10 311 296 
266 56 229 
237 351 157 
128 360 175 
130 356 190 
297 485 189 
188 480 447 
48 299 211 
186 148 112 
361 312 97 
31 261 75 
227 37 4 
440 318 93 
68 470 427 
292 268 44 
150 171 53 
135 422 450 
486 207 179 
396 443 358 
143 154 245 
234 313 170 
82 208 382 
408 35 377 
94 152 488 
86 47 367 
259 212 384 
29 413 1 
149 200 410 
87 475 118 
200 386 433 
164 243 134 
86 335 405 
459 29 322 
125 4 111 
246 206 148 
367 246 166 
428 481 430 
120 294 370 
386 360 415 
111 37 449 
427 341 289 
17 374 324 
198 445 103 
188 14 103 
490 218 35 
31 424 332 
397 446 330 
29 248 238 
179 28 245 
247 50 255 
445 314 400 
75 119 121 
355 411 23 
334 185 39 
365 22 396 
324 163 254 
98 9 247 
120 3 477 
305 140 186 
132 329 425 
113 127 490 
220 33 169 
198 44 17 
48 446 9 
319 217 146 
376 401 360 
495 447 319 
396 109 458 
379 135 15 
333 49 193 
205 288 440 
184 469 302 
18 349 267 
234 156 217 
128 294 123 
103 482 394 
240 486 105 
419 438 450 
326 465 237 
189 281 286 
495 328 450 
326 499 492 
324 41 348 
335 233 51 
359 144 251 
152 313 348 
329 11 288 
138 114 265 
323 118 194 
9 422 193 
382 34 405 
141 459 393 
218 85 120 
419 353 161 
477 27 219 
340 416 431 
335 413 222 
193 206 448 
423 102 251 
42 311 414 
211 193 240 
489 261 360 
497 118 420 
2 90 307 
464 265 15 
254 200 49 
63 219 99 
158 285 87 
66 172 230 
485 221 359 
338 91 337 
384 398 328 
485 496 119 
405 231 255 
432 103 478 
263 66 208 
486 23 436 
397 308 443 
119 304 451 
343 256 122 
113 36 2 
78 475 23 
184 338 209 
129 130 82 
141 300 80 
479 265 493 
187 17 393 
46 396 301 
283 23 40 
202 375 356 
210 310 359 
290 497 426 
276 196 165 
88 467 253 
265 337 490 
113 452 311 
12 225 65 
108 204 87 
157 286 239 
326 255 451 
92 410 306 
253 48 401 
387 90 363 
396 3 53 
97 34 409 
426 148 422 
197 316 195 
11 268 471 
16 252 232 
52 108 246 
189 317 363 
331 110 33 
359 197 69 
324 133 288 
153 473 158 
197 390 113 
29 120 460 
286 179 256 
121 364 265 
227 94 459 
2 477 389 
54 316 111 
0 360 228 
197 198 358 
114 35 431 
57 487 489 
103 14 446 
142 484 212 
455 396 124 
200 207 251 
445 104 329 
136 288 387 
310 72 370 
146 27 222 
207 409 281 
381 21 432 
330 227 12 
428 55 160 
356 66 423 
475 388 451 
137 396 275 
111 462 346 
45 496 294 
351 407 470 
197 455 248 
361 324 122 
139 223 245 
207 350 209 
280 278 70 
80 127 328 
342 445 453 
14 234 255 
184 420 393 
25 384 201 
146 492 429 
85 128 214 
473 202 493 
485 36 192 
357 263 428 
484 424 15 
196 496 393 
450 265 93 
136 212 8 
306 267 270 
8 165 205 
285 156 436 
363 28 137 
34 455 470 
305 103 0 
75 305 70 
120 335 73 
375 490 146 
245 102 311 
399 325 35 
328 366 34 
283 146 56 
236 27 371 
371 339 348 
177 47 446 
96 31 177 
493 309 25 
75 138 112 
13 497 379 
312 125 63 
498 32 83 
271 277 203 
331 461 155 
239 253 263 
165 274 103 
391 290 434 
151 490 340 
224 18 155 
268 60 209 
287 349 167 
368 100 74 
365 345 296 
474 321 267 
345 120 88 
47 327 417 
147 353 39 
218 458 84 
296 228 490 
385 403 394 
174 462 371 
224 299 458 
47 14 321 
381 360 429 
498 238 272 
208 421 5 
237 320 287 
483 470 336 
492 353 311 
219 489 429 
117 428 63 
141 299 184 
476 346 499 
392 21 364 
136 202 484 
160 244 22 
467 186 67 
138 158 470 
237 98 495 
211 17 259 
205 230 14 
170 391 389 
181 45 86 
252 469 331 
149 402 333 
249 133 248 
496 250 246 
387 447 447 
217 32 30 
211 8 229 
285 101 296 
12 252 265 
262 55 47 
123 130 259 
408 492 36 
422 17 9 
464 156 333 
476 297 135 
59 214 158 
458 296 60 
247 432 87 
476 279 431 
386 28 387 
303 275 41 
226 361 428 
49 199 436 
157 59 421 
439 353 389 
217 263 440 
32 283 140 
132 200 27 
203 330 55 
359 158 57 
491 307 304 
146 436 484 
201 134 384 
281 270 125 
375 284 141 
156 3 362 
46 242 9 
351 499 41 
139 45 327 
480 429 367 
275 368 262 
117 79 192 
12 291 283 
38 392 8 
497 473 109 
9 338 276 
285 155 477 
381 165 34 
377 252 249 
188 100 211 
103 23 125 
411 102 82 
415 421 472 
115 195 162 
378 337 407 
341 48 337 
466 419 112 
9 400 97 
395 344 215 
459 483 58 
37 92 361 
191 332 283 
166 162 269 
105 158 80 
260 268 457 
371 488 356 
329 475 313 
221 18 164 
186 158 217 
286 194 241 
384 16 190 
59 370 455 
112 320 355 
424 320 363 
280 87 372 
152 189 476 
359 484 112 
458 239 293 
10 83 311 
272 301 482 
320 463 480 
285 320 156 
332 395 302 
396 347 317 
80 149 343 
262 326 289 
334 405 401 
31 489 308 
300 207 256 
67 472 86 
383 346 267 
36 119 435 
267 219 157 
220 348 61 
76 141 235 
98 107 183 
394 239 21 
466 473 215 
356 493 64 
20 81 363 
381 10 353 
496 169 61 
278 279 382 
48 138 173 
499 287 202 
304 215 337 
107 145 28 
247 149 74 
368 218 128 
335 128 12 
391 313 357 
118 286 242 
120 405 460 
85 69 243 
111 334 159 
145 59 57 
156 72 405 
0 60 156 
150 322 77 
49 254 303 
266 245 181 
82 28 364 
233 108 250 
88 478 408 
13 436 143 
379 384 103 
465 88 111 
361 479 380 
386 319 188 
241 421 428 
238 318 251 
473 124 233 
475 38 331 
160 253 255 
378 49 34 
354 275 364 
474 394 307 
263 211 345 
190 205 351 
467 420 288 
252 491 460 
143 487 360 
382 76 370 
241 47 351 
304 317 86 
363 483 411 
136 393 426 
261 213 68 
17 384 345 
432 205 428 
377 115 73 
266 227 18 
218 68 442 
364 172 493 
251 46 386 
227 393 107 
45 29 495 
275 274 373 
344 487 92 
162 242 400 
213 11 171 
118 216 21 
165 303 205 
300 240 181 
118 498 269 
116 77 104 
184 489 355 
53 75 4 
339 113 479 
66 469 467 
387 252 499 
119 231 216 
454 420 16 
454 322 245 
416 290 59 
312 30 76 
264 28 81 
140 302 284 
323 238 266 
389 194 467 
416 211 325 
366 131 205 
96 22 315 
459 320 307 
390 457 327 
411 244 311 
378 89 290 
264 350 466 
257 352 182 
148 241 26 
333 42 16 
386 88 258 
190 340 246 
163 222 25 
379 47 442 
116 8 490 
468 358 321 
88 369 331 
163 296 397 
22 357 154 
253 411 13 
489 294 463 
63 386 330 
420 341 480 
191 368 419 
333 256 265 
8 241 296 
479 122 358 
