1000
3
74 46 498 
181 103 432 
140 51 482 
212 130 394 
353 444 431 
258 468 362 
91 102 471 
12 14 287 
418 143 12 
238 336 34 
91 53 379 
248 228 297 
318 174 145 
395 375 142 
20 149 424 
181 26 128 
380 488 247 
17 26 416 
161 413 149 
231 64 34 
165 147 440 
255 371 458 
298 407 400 
112 402 355 
35 437 235 
211 359 255 
197 279 448 
148 352 211 
91 140 189 
160 442 359 
490 314 239 
174 219 483 
457 41 260 
318 140 393 
283 266 278 
391 222 126 
166 129 306 
230 241 407 
211 108 208 
54 384 40 
497 127 175 
373 43 312 
490 138 85 
421 125 274 
404 100 100 
117 36 474 
210 259 460 
114 44 146 
406 421 155 
403 311 209 
188 442 96 
58 431 49 
61 219 436 
464 248 89 
26 358 130 
328 113 147 
138 114 266 
262 275 144 
95 206 343 
445 381 74 
342 121 423 
101 361 397 
193 468 397 
133 117 227 
480 430 258 
332 443 90 
58 104 171 
217 439 238 
129 243 378 
394 248 312 
341 59 417 
363 96 494 
11 300 245 
167 423 328 
476 490 55 
148 162 34 
410 191 460 
421 179 473 
372 389 323 
113 427 323 
466 181 362 
427 290 125 
99 412 415 
230 0 282 
446 170 283 
354 393 418 
141 17 133 
248 405 305 
294 122 446 
178 233 187 
253 9 8 
429 100 347 
51 153 499 
368 443 32 
10 197 463 
474 381 217 
164 33 96 
358 498 215 
422 105 497 
209 468 148 
474 326 32 
386 494 384 
481 37 29 
274 70 477 
113 277 422 
176 22 141 
318 330 6 
381 198 139 
490 262 448 
68 219 266 
19 357 127 
33 188 448 
465 125 226 
342 424 208 
355 263 52 
495 132 359 
227 121 138 
474 182 473 
412 469 164 
200 209 211 
485 457 494 
99 420 28 
497 247 128 
262 325 378 
360 495 66 
463 9 284 
30 278 409 
191 105 92 
5 382 26 
204 306 21 
202 245 169 
353 322 107 
493 371 183 
166 167 380 
326 41 340 
475 243 228 
375 460 25 
89 273 448 
479 481 353 
448 407 279 
326 270 28 
78 409 411 
155 97 342 
258 146 341 
78 330 28 
402 493 92 
482 498 250 
124 235 379 
263 443 40 
404 100 98 
439 232 29 
445 205 43 
240 191 400 
321 362 17 
14 217 194 
154 248 415 
127 363 55 
402 186 164 
300 398 275 
60 348 37 
134 365 127 
30 175 280 
187 63 71 
404 81 435 
370 165 439 
101 310 137 
237 39 294 
351 230 436 
364 296 91 
40 17 291 
159 269 45 
88 27 0 
408 138 12 
14 385 283 
407 19 74 
421 477 489 
186 482 120 
9 297 272 
371 338 427 
223 469 371 
212 68 282 
307 11 260 
50 256 131 
103 70 341 
446 311 466 
245 170 433 
433 202 262 
454 372 346 
486 198 126 
62 195 186 
334 457 473 
272 475 108 
279 185 484 
84 453 135 
223 232 306 
277 441 329 
278 109 9 
456 135 61 
246 355 451 
389 415 12 
204 332 56 
311 496 201 
199 443 110 
263 54 169 
114 62 209 
478 334 393 
161 54 429 
361 482 245 
156 86 70 
454 217 337 
98 431 455 
34 118 185 
241 133 110 
401 26 273 
288 279 58 
289 326 283 
101 383 241 
138 116 253 
104 315 293 
74 230 152 
407 363 127 
135 451 416 
178 395 27 
191 200 340 
1 172 17 
302 117 246 
232 51 363 
138 373 423 
59 414 492 
290 207 421 
261 165 443 
349 158 265 
484 30 296 
445 355 431 
426 39 119 
55 298 26 
338 451 138 
235 32 491 
399 251 89 
54 356 277 
141 342 141 
157 287 69 
479 28 83 
299 385 403 
161 113 442 
383 466 284 
110 119 94 
63 112 51 
17 461 92 
176 328 143 
497 304 87 
470 350 240 
224 442 139 
57 127 204 
217 260 185 
278 126 386 
360 364 218 
485 17 458 
117 309 461 
65 443 251 
142 388 456 
24 210 177 
253 185 410 
52 168 459 
92 232 459 
250 479 8 
404 488 388 
202 273 76 
271 228 435 
472 464 191 
14 304 364 
393 275 80 
76 6 414 
66 24 172 
79 186 370 
184 175 439 
322 205 353 
308 83 400 
320 99 95 
157 393 461 
331 146 313 
243 474 198 
259 117 283 
206 4 30 
16 172 69 
191 438 484 
483 489 279 
284 386 206 
135 43 43 
352 298 294 
239 442 113 
331 381 136 
75 252 213 
450 255 461 
200 320 36 
74 140 157 
343 83 244 
390 422 145 
181 311 426 
418 24 405 
464 70 289 
379 126 62 
65 390 213 
25 355 99 
102 110 1 
285 81 276 
345 57 1 
246 164 163 
231 364 212 
2 335 14 
290 51 497 
368 343 90 
114 427 54 
99 330 395 
335 377 162 
294 4 166 
154 4 425 
42 481 17 
307 276 218 
61 325 399 
479 35 355 
399 49 218 
136 94 34 
53 80 130 
255 129 360 
259 126 360 
244 389 157 
61 82 68 
354 251 180 
41 134 473 
346 179 285 
0 23 55 
79 264 210 
196 337 148 
358 178 87 
343 109 110 
371 218 346 
479 128 152 
458 336 404 
261 192 66 
384 15 14 
430 381 499 
139 484 392 
396 220 358 
375 10 292 
236 56 137 
104 413 415 
338 277 380 
124 271 419 
369 91 299 
170 91 392 
254 216 334 
231 409 415 
486 64 39 
111 236 453 
485 231 1 
276 388 331 
484 80 296 
374 336 209 
256 331 24 
148 413 347 
344 469 412 
322 101 28 
21 290 164 
31 150 469 
173 146 129 
227 307 148 
346 16 248 
478 393 324 
354 150 197 
156 172 282 
198 167 240 
65 176 7 
163 331 489 
165 296 88 
88 59 209 
382 60 255 
155 432 285 
370 252 255 
233 160 152 
421 480 412 
18 421 458 
0 497 198 
195 70 83 
372 465 439 
409 349 373 
277 133 121 
328 440 57 
108 488 281 
81 269 292 
413 201 268 
480 10 236 
362 374 153 
473 53 235 
361 273 495 
295 205 206 
88 481 191 
8 56 329 
69 325 399 
43 76 470 
99 149 428 
200 0 217 
21 101 160 
466 48 410 
18 22 483 
122 225 357 
430 481 273 
280 5 450 
170 309 191 
479 98 262 
281 467 14 
153 393 43 
305 248 3 
482 315 382 
169 118 472 
330 204 281 
265 387 294 
260 78 46 
87 308 39 
97 185 114 
257 437 39 
93 16 451 
379 424 22 
191 499 229 
163 425 297 
158 229 373 
112 163 255 
151 131 165 
217 156 350 
13 179 360 
212 408 404 
429 198 192 
83 308 82 
132 44 0 
141 182 301 
240 12 470 
275 90 211 
299 444 123 
495 350 220 
393 80 134 
411 72 63 
212 494 88 
190 42 2 
232 444 427 
75 473 20 
356 476 311 
477 434 411 
266 265 113 
355 307 362 
272 189 213 
162 26 10 
302 147 413 
260 312 479 
53 438 183 
262 469 427 
52 474 63 
400 61 437 
498 392 71 
398 94 148 
321 141 39 
476 196 177 
314 213 114 
63 296 146 
40 417 473 
98 112 230 
170 64 116 
286 460 85 
307 63 326 
468 26 14 
341 108 443 
271 211 111 
418 127 61 
430 199 496 
130 212 68 
352 477 386 
63 388 390 
33 6 100 
270 64 273 
352 106 181 
72 437 163 
357 381 85 
263 392 307 
121 107 263 
466 346 121 
258 216 52 
17 194 310 
307 77 351 
48 252 494 
296 346 55 
453 140 484 
39 231 149 
132 143 297 
464 476 220 
409 447 390 
84 30 7 
365 325 122 
495 159 276 
287 366 68 
254 438 446 
419 48 49 
241 142 308 
361 492 480 
52 36 335 
71 326 6 
227 217 90 
241 344 29 
11 27 460 
75 266 55 
242 232 310 
237 140 95 
221 480 371 
474 16 186 
292 277 448 
499 317 70 
321 310 478 
325 325 434 
481 474 374 
224 29 249 
178 335 403 
494 484 37 
24 95 108 
376 240 124 
235 301 491 
214 256 356 
449 144 459 
186 348 22 
425 124 122 
251 402 490 
322 466 35 
41 300 277 
436 270 425 
379 217 427 
386 445 341 
67 116 432 
424 241 400 
485 274 334 
93 209 225 
397 95 276 
268 181 184 
66 198 482 
254 386 366 
60 148 299 
361 222 2 
247 422 215 
364 210 327 
407 166 245 
313 112 450 
390 321 264 
351 297 194 
303 126 312 
379 379 357 
327 138 448 
231 46 99 
449 195 492 
379 277 269 
406 354 154 
23 265 139 
334 422 133 
263 104 323 
379 281 7 
53 213 137 
206 245 301 
204 402 245 
313 268 76 
211 383 314 
266 441 210 
304 183 391 
359 342 332 
441 265 52 
51 91 388 
293 306 87 
77 160 448 
45 401 244 
404 79 451 
8 87 148 
196 176 265 
235 62 470 
263 153 157 
429 345 163 
426 214 79 
371 298 143 
358 182 131 
81 25 490 
86 423 425 
390 493 466 
250 471 219 
302 239 104 
443 439 205 
482 142 435 
257 45 394 
1 65 462 
396 245 434 
217 84 335 
368 444 204 
415 254 395 
467 318 256 
296 221 130 
139 163 241 
412 320 470 
450 478 469 
18 19 273 
197 349 346 
129 351 105 
488 392 323 
411 103 237 
45 141 36 
57 263 334 
288 105 285 
8 335 260 
92 413 261 
17 172 278 
294 204 331 
132 124 189 
228 161 154 
41 249 291 
287 253 310 
157 326 243 
229 435 382 
24 342 491 
35 396 348 
366 0 360 
3 230 474 
485 279 55 
190 126 18 
389 263 448 
5 431 145 
76 447 222 
122 283 196 
389 18 269 
326 337 374 
11 430 482 
333 378 97 
449 384 134 
225 106 444 
417 308 145 
319 353 177 
280 239 108 
167 496 7 
361 358 1 
368 370 447 
273 235 54 
212 229 482 
373 134 191 
316 403 277 
472 67 260 
450 489 373 
311 379 462 
379 75 227 
143 471 303 
192 463 84 
309 83 207 
468 76 128 
243 270 332 
119 420 129 
209 202 422 
494 121 261 
142 22 107 
272 121 376 
191 149 51 
314 194 414 
266 390 328 
302 420 286 
334 392 64 
189 451 259 
49 40 291 
338 280 369 
483 80 163 
226 460 340 
484 194 321 
433 309 162 
77 192 331 
491 477 403 
38 104 300 
117 95 355 
402 83 177 
349 110 440 
382 188 421 
36 441 456 
427 24 104 
345 18 165 
256 329 205 
398 319 470 
18 54 291 
407 53 59 
449 328 305 
98 248 319 
6 467 479 
327 317 296 
51 169 167 
433 1 118 
28 200 109 
52 325 260 
303 338 50 
460 191 327 
142 322 182 
417 300 245 
115 387 114 
236 420 94 
85 116 481 
400 73 458 
131 347 445 
475 215 214 
311 54 342 
465 60 216 
232 19 322 
198 42 68 
63 482 313 
189 231 171 
277 426 423 
397 171 426 
4 358 94 
430 248 96 
305 232 435 
139 250 282 
302 106 400 
368 413 390 
164 467 498 
136 338 396 
136 424 250 
161 290 126 
361 271 497 
249 217 470 
432 371 310 
198 94 297 
13 446 119 
215 19 190 
36 96 245 
329 298 204 
450 225 273 
243 483 409 
426 388 72 
315 412 410 
105 371 275 
491 343 271 
99 406 461 
35 475 351 
203 356 315 
135 289 310 
233 396 14 
272 280 300 
171 81 50 
238 187 341 
368 263 26 
473 108 28 
466 92 47 
464 398 23 
265 488 330 
383 165 382 
0 2 76 
72 421 56 
126 27 419 
425 96 313 
355 150 65 
54 76 316 
486 127 470 
384 46 201 
310 240 387 
193 491 67 
143 346 490 
154 343 111 
403 78 262 
208 127 138 
123 303 306 
461 40 197 
166 357 411 
307 24 413 
463 302 143 
360 144 151 
170 343 172 
360 278 308 
370 137 316 
362 401 282 
403 6 359 
463 346 159 
65 242 382 
366 418 112 
310 113 294 
55 474 150 
60 408 204 
160 1 154 
277 338 454 
19 333 399 
338 295 490 
487 0 474 
443 256 315 
98 46 173 
279 223 470 
316 144 304 
487 39 215 
472 164 406 
278 257 491 
395 285 428 
345 470 399 
369 314 424 
150 242 99 
140 294 273 
215 345 73 
115 71 371 
325 449 482 
177 61 469 
322 200 37 
13 16 383 
44 324 461 
31 200 126 
109 89 189 
123 388 374 
83 323 288 
10 258 481 
254 190 124 
226 14 329 
242 218 446 
355 297 90 
460 222 288 
296 343 421 
274 400 359 
218 189 108 
241 155 378 
420 491 64 
181 288 442 
489 194 463 
305 244 154 
60 473 31 
128 444 346 
280 47 28 
69 29 228 
352 302 15 
238 137 70 
354 206 32 
266 184 222 
417 283 231 
50 483 17 
181 9 249 
46 375 394 
382 403 486 
115 326 234 
442 339 134 
28 264 276 
291 444 424 
252 18 98 
148 233 27 
361 489 341 
156 178 368 
175 209 157 
304 232 438 
75 218 298 
168 43 206 
63 262 179 
150 283 53 
330 149 187 
80 395 194 
158 150 265 
247 282 200 
454 77 188 
486 395 413 
134 114 178 
474 270 62 
367 42 91 
308 213 276 
183 83 8 
236 316 28 
92 269 361 
423 58 64 
122 156 223 
128 40 35 
179 88 367 
132 75 161 
309 75 10 
409 327 276 
474 266 248 
434 347 222 
78 80 434 
1 410 169 
32 57 400 
189 494 198 
176 141 125 
275 259 62 
295 19 161 
35 92 253 
297 114 96 
248 219 422 
98 363 422 
338 158 498 
145 257 31 
13 293 49 
439 221 262 
114 489 274 
24 481 314 
377 340 487 
378 399 230 
57 433 214 
422 33 297 
42 424 467 
461 45 238 
341 148 29 
420 413 206 
195 339 102 
424 194 127 
310 188 473 
480 170 131 
46 292 147 
398 284 406 
198 0 352 
239 351 34 
424 129 216 
26 449 422 
341 2 367 
279 440 445 
455 318 111 
260 361 200 
425 155 396 
167 94 267 
475 183 86 
12 357 191 
498 103 401 
235 176 169 
304 91 497 
365 437 327 
136 340 17 
49 285 496 
391 199 339 
178 70 246 
211 440 277 
318 75 447 
268 137 24 
6 271 194 
269 134 468 
438 492 381 
129 189 106 
86 359 143 
15 498 281 
491 488 161 
187 34 487 
176 356 497 
204 52 362 
245 177 373 
478 411 119 
224 450 171 
160 471 200 
434 359 370 
242 13 279 
211 334 239 
181 243 369 
482 240 116 
91 77 422 
88 251 270 
313 392 338 
190 95 35 
325 31 336 
306 444 215 
63 160 49 
82 32 306 
22 90 13 
24 445 63 
499 316 34 
371 292 189 
98 248 335 
429 439 144 
181 391 271 
406 107 139 
495 350 357 
288 173 295 
70 437 318 
82 301 281 
498 217 180 
28 177 17 
395 334 192 
168 53 474 
149 159 452 
37 25 215 
243 123 24 
1 121 23 
38 240 420 
342 120 366 
176 217 9 
70 171 256 
77 25 318 
267 53 18 
237 200 189 
232 312 164 
26 91 138 
92 87 142 
176 8 51 
4 259 62 
346 418 298 
300 386 409 
183 279 84 
413 157 65 
212 73 121 
307 274 472 
221 492 79 
309 221 378 
60 371 417 
43 458 35 
452 209 463 
274 232 374 
436 300 46 
118 48 323 
405 47 66 
286 427 7 
212 261 148 
