1000
3
210 233 51 
289 428 454 
169 257 160 
346 339 58 
111 466 278 
418 4 201 
61 373 340 
397 239 395 
174 496 120 
28 191 216 
427 168 50 
119 68 251 
62 254 382 
332 251 22 
316 453 444 
283 22 219 
256 302 85 
303 136 461 
487 118 12 
241 296 302 
394 303 416 
383 275 387 
179 34 201 
211 121 420 
245 493 480 
278 394 10 
155 89 41 
238 359 129 
117 0 453 
132 404 422 
355 276 495 
385 478 177 
82 289 258 
427 355 84 
156 92 400 
242 96 283 
417 173 118 
116 52 438 
427 210 201 
232 394 336 
78 240 170 
4 16 151 
220 39 40 
253 133 430 
304 310 485 
389 371 126 
146 150 8 
405 356 213 
108 90 423 
216 86 459 
135 458 119 
107 441 401 
103 323 74 
104 426 442 
413 186 278 
323 158 26 
70 49 238 
389 160 379 
199 199 125 
138 0 45 
313 176 54 
435 198 391 
454 230 333 
431 480 252 
295 452 317 
313 211 361 
109 3 470 
498 315 174 
129 354 236 
211 487 269 
80 286 386 
267 205 42 
91 299 332 
344 310 486 
62 128 444 
205 266 298 
356 359 252 
265 46 466 
338 6 175 
306 84 444 
367 327 127 
339 80 169 
302 439 154 
43 429 483 
241 64 228 
219 192 63 
472 480 173 
124 121 35 
354 433 70 
26 465 91 
177 370 371 
458 324 348 
300 144 179 
79 216 53 
429 256 56 
425 242 158 
18 79 434 
69 458 55 
238 98 358 
198 24 160 
213 469 321 
234 365 228 
88 469 306 
202 203 265 
296 111 245 
49 325 257 
72 136 117 
388 496 143 
254 65 25 
213 391 498 
179 357 157 
32 366 483 
25 337 178 
94 470 214 
141 486 355 
286 401 306 
101 109 174 
134 294 399 
343 28 319 
179 73 440 
12 136 248 
409 189 365 
482 74 434 
307 387 355 
236 360 67 
341 479 101 
188 145 355 
219 200 78 
443 168 279 
466 255 38 
25 64 149 
310 10 63 
235 311 163 
302 288 136 
51 195 443 
352 296 3 
26 181 399 
129 73 173 
418 95 119 
326 75 202 
294 188 219 
52 343 389 
454 81 101 
101 75 323 
251 260 265 
204 485 426 
407 455 71 
454 421 90 
113 78 484 
202 427 142 
308 68 418 
23 334 229 
157 232 284 
466 257 205 
301 498 435 
73 73 476 
472 298 58 
25 111 215 
467 255 356 
270 18 253 
161 484 21 
88 209 330 
194 482 271 
169 287 345 
408 91 108 
199 349 237 
380 445 404 
149 448 402 
313 253 424 
70 230 361 
420 208 223 
471 323 422 
441 101 78 
423 313 413 
255 492 381 
5 422 36 
136 476 425 
273 127 274 
377 181 277 
296 229 25 
75 384 10 
498 472 68 
253 437 320 
49 0 253 
132 52 229 
173 423 60 
474 219 265 
196 169 385 
451 117 197 
454 347 295 
361 481 426 
353 93 251 
465 30 492 
123 390 136 
83 463 271 
49 497 89 
273 149 108 
272 98 275 
56 133 69 
358 464 226 
116 111 269 
55 248 262 
343 232 429 
423 247 218 
301 412 443 
190 458 428 
398 272 164 
163 299 478 
289 309 241 
377 169 289 
226 129 406 
364 452 29 
177 398 141 
492 360 9 
407 188 243 
244 44 369 
78 447 52 
382 468 82 
441 241 497 
471 385 149 
99 246 475 
354 228 389 
347 412 361 
149 152 351 
26 360 39 
319 185 43 
442 133 429 
56 392 191 
388 422 397 
282 319 145 
407 5 234 
274 271 237 
167 475 201 
235 127 171 
106 330 184 
173 416 424 
239 152 449 
213 85 24 
302 259 394 
459 63 176 
450 111 180 
333 395 251 
178 466 293 
477 103 20 
229 300 300 
317 293 468 
366 184 468 
80 261 177 
386 14 377 
278 304 257 
495 339 114 
392 459 108 
262 403 40 
34 461 237 
205 74 229 
421 71 74 
205 293 352 
313 482 176 
170 286 66 
191 386 147 
155 325 301 
284 319 393 
457 180 191 
121 457 461 
331 373 302 
309 4 189 
93 452 205 
107 142 488 
19 425 112 
271 47 247 
404 440 127 
462 453 467 
378 13 117 
259 30 1 
341 430 160 
65 202 448 
441 155 424 
260 111 375 
445 460 416 
277 3 384 
389 213 392 
187 191 404 
455 238 254 
146 420 258 
38 476 44 
269 191 178 
302 381 14 
137 286 284 
33 336 337 
155 269 122 
448 278 406 
438 409 42 
233 455 79 
263 287 353 
241 314 252 
136 454 66 
452 312 6 
90 233 206 
381 383 147 
80 65 344 
417 395 141 
448 12 438 
308 183 331 
247 161 370 
429 25 389 
209 304 155 
459 371 95 
459 241 396 
387 111 68 
430 475 348 
273 63 446 
401 91 455 
418 377 121 
247 222 268 
21 34 357 
468 47 44 
186 155 288 
117 105 66 
432 35 308 
262 274 304 
271 411 271 
347 334 90 
442 318 248 
70 35 430 
217 443 387 
335 58 367 
212 99 469 
70 215 162 
197 22 362 
363 123 117 
449 406 26 
51 272 265 
34 459 263 
282 423 209 
82 276 154 
294 443 194 
388 349 348 
386 27 467 
241 225 327 
398 348 84 
337 178 104 
395 473 213 
319 474 49 
497 176 254 
118 224 159 
13 151 51 
178 42 252 
100 370 156 
94 435 135 
143 152 299 
337 250 191 
23 126 279 
251 140 333 
196 237 339 
274 114 161 
485 126 277 
493 389 410 
220 453 433 
238 191 242 
252 315 327 
94 137 338 
45 458 151 
37 231 344 
149 393 64 
108 441 262 
459 488 80 
498 160 284 
228 176 343 
263 179 469 
98 493 380 
474 53 403 
48 218 193 
273 435 140 
270 108 360 
452 102 59 
495 82 396 
164 323 423 
166 259 241 
329 267 126 
204 15 40 
389 417 353 
30 335 495 
370 333 383 
409 343 9 
179 357 81 
330 398 177 
187 334 16 
59 194 194 
284 486 343 
469 319 121 
211 126 420 
121 362 349 
121 163 469 
487 339 34 
58 115 214 
343 130 420 
296 380 66 
80 448 187 
395 266 149 
1 307 408 
393 469 242 
429 324 79 
439 443 44 
219 80 133 
14 243 472 
300 324 302 
487 452 98 
366 485 470 
497 205 233 
180 59 456 
6 217 336 
373 467 51 
173 403 114 
403 119 0 
115 28 212 
491 15 101 
438 488 361 
297 293 137 
146 217 434 
234 121 121 
65 33 478 
223 405 345 
82 349 193 
102 57 342 
183 138 80 
229 88 434 
114 313 95 
319 235 233 
246 48 472 
228 243 222 
418 197 393 
159 492 354 
283 208 421 
143 366 22 
387 451 270 
16 38 166 
75 68 373 
201 483 443 
415 234 404 
231 90 56 
312 352 185 
368 361 111 
29 7 358 
3 453 61 
121 49 107 
26 467 283 
103 228 318 
161 192 64 
150 138 442 
466 450 290 
490 260 498 
201 5 458 
50 91 323 
17 270 122 
269 395 338 
410 259 136 
490 467 196 
75 111 58 
135 282 12 
254 406 431 
227 298 11 
400 236 297 
355 167 100 
449 444 485 
336 332 271 
441 81 49 
445 440 348 
372 40 126 
446 253 354 
312 186 191 
211 226 480 
341 476 353 
194 75 154 
111 178 335 
407 258 187 
218 183 146 
5 482 27 
262 232 317 
55 231 469 
216 169 270 
411 403 48 
455 497 245 
439 142 417 
240 103 306 
66 467 323 
157 47 212 
482 76 139 
365 484 131 
74 398 262 
209 478 162 
445 206 448 
380 226 6 
221 341 287 
96 452 463 
202 179 146 
308 54 265 
261 357 95 
109 303 490 
204 423 351 
465 373 463 
198 75 416 
474 379 306 
400 471 382 
449 203 186 
435 193 18 
344 499 354 
187 222 104 
146 251 347 
325 346 239 
380 197 92 
431 83 353 
296 167 394 
278 287 162 
334 326 113 
233 376 46 
358 323 487 
269 102 409 
472 424 87 
78 488 212 
104 132 276 
366 183 161 
303 486 499 
226 489 369 
273 386 267 
262 361 272 
155 218 326 
386 358 391 
262 470 309 
433 11 239 
85 382 320 
13 335 254 
128 250 108 
55 373 381 
195 14 32 
218 229 337 
498 384 482 
86 148 279 
183 210 460 
437 222 200 
355 6 10 
321 174 17 
244 303 465 
47 455 410 
467 137 285 
355 114 482 
270 49 86 
65 458 470 
117 193 499 
138 174 470 
73 180 67 
332 443 366 
458 476 75 
299 18 192 
258 56 324 
184 94 63 
460 491 148 
136 411 127 
278 211 272 
216 134 203 
278 172 489 
97 210 265 
280 172 400 
270 73 329 
336 103 230 
297 420 403 
486 394 41 
0 253 179 
368 418 151 
328 146 173 
212 309 96 
141 343 87 
29 252 117 
337 109 315 
257 322 299 
427 367 452 
315 195 270 
269 111 134 
227 70 409 
238 276 93 
367 128 369 
11 426 36 
14 411 207 
382 189 415 
275 103 208 
421 183 346 
432 114 50 
134 89 183 
343 100 263 
277 286 15 
29 18 462 
136 80 174 
389 425 415 
484 405 86 
298 407 224 
82 261 138 
187 432 411 
436 439 54 
324 316 49 
319 233 335 
220 233 283 
256 4 330 
259 178 214 
464 117 147 
323 409 39 
213 107 496 
160 29 180 
70 27 47 
80 353 466 
269 308 307 
357 5 217 
380 281 230 
417 341 405 
211 31 333 
444 286 245 
294 167 72 
332 285 214 
442 498 392 
455 402 104 
33 96 472 
137 7 339 
431 391 0 
355 456 161 
2 81 169 
282 192 93 
199 426 438 
271 274 308 
134 74 14 
404 493 197 
411 382 308 
353 251 335 
436 207 113 
409 41 346 
58 395 496 
337 139 90 
189 235 453 
443 12 20 
141 177 57 
465 476 127 
273 139 452 
245 4 193 
114 303 181 
8 106 183 
328 121 121 
371 84 171 
234 156 8 
206 249 235 
453 476 290 
185 287 274 
45 34 58 
430 111 378 
359 233 467 
73 194 64 
164 321 87 
485 292 27 
370 372 358 
302 189 159 
78 371 269 
140 73 162 
456 113 344 
443 465 394 
412 302 135 
396 440 401 
404 333 157 
95 119 445 
259 285 197 
12 139 301 
268 410 120 
155 262 296 
85 294 168 
131 149 27 
288 311 321 
30 19 299 
308 354 27 
81 146 62 
356 222 387 
245 497 163 
368 206 170 
453 403 307 
427 196 47 
336 132 180 
168 293 267 
425 276 349 
34 417 288 
477 30 154 
378 345 339 
151 75 141 
155 69 90 
104 473 67 
143 262 194 
199 231 77 
454 458 493 
311 145 132 
122 423 402 
10 287 413 
446 357 435 
367 286 292 
279 119 175 
390 417 419 
490 129 145 
85 23 343 
277 343 335 
255 477 222 
407 488 343 
240 454 219 
57 367 466 
163 99 306 
51 138 200 
443 272 494 
401 7 105 
89 345 367 
388 271 225 
420 200 51 
207 133 33 
101 211 24 
446 231 474 
151 199 382 
431 453 52 
152 332 339 
454 340 302 
388 183 39 
189 205 34 
94 138 286 
19 385 332 
302 117 490 
185 475 425 
103 50 144 
377 50 363 
21 242 135 
485 25 46 
42 187 163 
34 189 35 
15 167 5 
73 323 394 
89 186 62 
34 333 263 
290 145 58 
446 119 222 
457 494 24 
406 454 123 
269 440 218 
393 82 455 
258 26 108 
239 41 418 
302 267 60 
235 376 306 
264 59 63 
437 404 137 
236 69 346 
322 108 246 
101 208 224 
383 494 56 
491 175 43 
470 185 417 
372 149 139 
400 469 498 
30 153 89 
5 12 133 
298 400 163 
40 117 201 
152 496 81 
266 370 16 
436 264 181 
16 178 276 
362 258 455 
477 63 419 
312 348 365 
68 378 247 
20 337 255 
6 347 315 
477 152 151 
423 249 332 
151 218 209 
280 208 272 
15 66 318 
17 78 304 
60 334 82 
52 248 115 
32 111 431 
149 252 215 
228 483 20 
306 199 358 
302 231 70 
226 301 277 
384 49 125 
62 151 499 
337 412 208 
180 238 314 
480 241 83 
207 298 241 
256 499 196 
416 284 325 
88 15 67 
1 276 355 
112 455 266 
477 496 288 
378 451 272 
286 90 128 
157 230 429 
334 51 56 
223 293 423 
394 185 473 
98 31 344 
80 276 172 
253 474 394 
206 428 122 
304 247 250 
110 338 241 
26 416 470 
93 114 475 
8 417 312 
409 58 253 
171 195 259 
497 61 11 
366 368 260 
66 71 166 
92 418 306 
131 461 419 
77 143 40 
139 326 442 
376 44 433 
373 379 265 
440 215 104 
265 77 51 
301 323 32 
147 418 320 
262 182 69 
79 214 32 
431 11 432 
398 172 388 
264 225 175 
320 224 463 
250 329 66 
61 190 499 
85 48 42 
268 187 55 
242 308 21 
299 319 47 
155 94 33 
66 6 315 
494 181 288 
318 30 88 
160 240 21 
405 219 377 
457 443 143 
198 191 137 
2 455 437 
357 86 397 
478 125 209 
374 467 171 
416 442 211 
429 259 486 
446 27 116 
412 166 66 
492 421 79 
354 202 55 
308 100 113 
332 175 143 
3 388 346 
420 269 435 
313 118 339 
194 74 112 
148 348 235 
222 421 266 
154 146 375 
441 21 455 
88 480 386 
424 469 176 
40 291 346 
231 144 298 
30 154 266 
200 209 76 
419 346 188 
217 304 252 
328 368 70 
222 231 27 
58 191 172 
152 87 177 
410 173 347 
137 220 64 
282 298 476 
257 291 89 
303 412 222 
243 458 251 
254 234 275 
348 312 226 
9 97 100 
281 213 457 
141 75 282 
303 297 92 
458 313 294 
272 12 74 
384 68 321 
78 239 19 
402 412 197 
131 455 119 
442 115 447 
10 96 86 
357 425 6 
138 455 372 
93 192 198 
111 295 80 
366 108 472 
293 371 22 
350 393 229 
175 124 272 
428 125 431 
83 181 374 
254 329 234 
289 28 458 
329 190 80 
135 116 45 
381 57 472 
400 300 18 
233 99 228 
91 314 377 
92 268 354 
217 355 3 
70 434 269 
260 21 57 
66 219 3 
184 330 382 
70 301 25 
433 188 81 
484 376 430 
347 43 337 
153 304 177 
232 441 220 
311 480 242 
493 494 391 
214 437 133 
385 73 162 
318 135 463 
121 13 479 
94 179 255 
49 140 216 
73 485 99 
434 78 80 
380 414 157 
496 106 71 
441 79 41 
136 171 436 
400 149 109 
462 363 270 
110 259 345 
378 286 245 
497 246 137 
468 384 435 
236 115 465 
23 135 73 
321 393 393 
12 354 123 
270 364 3 
492 183 30 
397 484 77 
205 45 211 
440 275 299 
55 159 262 
315 109 430 
309 410 251 
216 161 204 
421 299 349 
65 186 312 
385 466 471 
420 116 399 
326 373 141 
463 261 310 
384 304 201 
44 279 132 
202 58 143 
381 341 236 
218 126 413 
158 118 190 
473 451 299 
138 439 227 
212 271 221 
146 191 246 
96 420 316 
357 78 226 
319 16 309 
353 141 256 
223 187 494 
199 165 7 
80 457 240 
482 11 135 
310 212 0 
366 353 220 
135 207 324 
290 261 151 
83 247 206 
274 131 146 
242 268 323 
105 359 216 
443 398 215 
57 150 282 
363 267 386 
77 139 177 
186 16 242 
345 118 91 
478 24 415 
145 133 458 
