1000
3
341 287 83 
421 484 14 
199 129 49 
210 3 423 
388 365 176 
419 295 182 
344 409 199 
224 461 336 
104 163 95 
445 467 165 
388 446 57 
39 323 195 
214 64 41 
206 359 316 
93 203 399 
206 359 112 
65 412 96 
152 495 495 
496 107 319 
104 32 274 
74 443 127 
185 63 166 
276 352 461 
126 63 296 
325 428 405 
455 391 311 
166 486 232 
400 283 280 
286 160 404 
132 308 290 
256 434 252 
63 307 251 
376 34 26 
269 61 186 
123 281 227 
460 155 483 
377 92 457 
65 176 391 
128 107 336 
401 58 335 
163 293 277 
332 47 261 
126 432 263 
213 244 174 
306 469 499 
107 471 203 
343 12 53 
144 181 218 
487 391 228 
62 245 251 
240 428 7 
405 244 445 
206 129 299 
200 280 235 
59 102 403 
203 269 212 
432 322 60 
10 183 120 
76 359 472 
398 187 232 
300 210 180 
175 324 55 
256 136 96 
179 226 107 
220 190 350 
477 74 48 
163 174 43 
240 99 460 
251 292 44 
369 172 59 
408 378 79 
197 41 288 
223 309 251 
450 150 306 
324 309 70 
204 95 416 
417 415 496 
387 422 49 
499 186 461 
112 312 400 
213 115 272 
39 268 106 
443 23 367 
218 266 478 
165 143 87 
150 91 384 
488 99 46 
321 272 457 
392 277 378 
349 244 183 
176 176 54 
56 79 481 
352 387 386 
464 13 15 
213 329 91 
274 65 226 
290 243 413 
329 323 462 
287 238 198 
305 269 417 
230 159 40 
201 452 45 
228 208 204 
445 386 283 
340 466 27 
170 277 451 
60 362 163 
115 431 402 
385 378 22 
384 107 104 
51 421 218 
286 64 480 
498 42 352 
1 110 63 
36 412 240 
50 216 246 
235 393 394 
268 355 234 
130 404 84 
101 55 486 
200 126 410 
302 355 121 
281 403 273 
324 407 499 
23 435 479 
284 274 7 
222 5 433 
165 62 61 
357 300 386 
32 416 370 
420 367 272 
311 303 163 
434 115 297 
315 40 190 
344 43 375 
223 142 221 
449 322 267 
142 354 171 
285 54 390 
19 486 193 
57 446 308 
89 439 96 
313 173 331 
498 46 229 
35 52 4 
97 57 80 
443 364 394 
302 44 17 
416 283 193 
69 81 277 
311 464 107 
249 291 247 
138 484 201 
487 215 176 
99 307 115 
378 235 408 
451 402 301 
41 296 211 
16 135 430 
237 244 71 
11 381 488 
4 365 223 
173 21 8 
231 243 58 
248 158 324 
38 235 221 
288 344 396 
332 369 321 
179 293 112 
440 51 12 
488 429 314 
495 198 343 
77 139 227 
278 470 334 
167 113 415 
476 334 287 
404 376 184 
395 135 100 
89 454 4 
349 148 435 
240 481 219 
173 245 40 
285 193 373 
182 391 188 
147 128 472 
281 339 329 
103 88 241 
464 111 6 
374 64 191 
113 102 110 
84 269 94 
76 400 361 
197 423 260 
299 55 304 
415 162 427 
453 366 422 
170 439 181 
215 234 451 
328 371 43 
245 86 19 
234 92 195 
177 39 153 
43 427 49 
260 76 236 
89 381 218 
180 167 169 
215 419 219 
356 382 278 
160 471 368 
234 239 98 
89 338 423 
232 449 355 
164 208 337 
125 86 204 
197 261 300 
177 324 38 
234 237 157 
364 405 5 
260 419 454 
135 407 198 
258 89 495 
204 341 329 
40 249 57 
232 12 381 
86 222 459 
402 312 15 
241 272 49 
204 148 314 
366 309 226 
477 105 68 
484 4 321 
304 389 499 
341 367 174 
245 258 34 
114 129 408 
134 5 62 
145 408 445 
358 351 406 
62 437 456 
310 77 43 
456 308 492 
63 78 404 
84 337 386 
14 411 455 
3 198 266 
148 237 452 
123 53 159 
484 461 440 
188 224 21 
64 476 274 
339 295 495 
433 342 56 
161 393 333 
324 265 183 
465 292 412 
99 23 81 
452 13 11 
104 298 483 
155 446 409 
49 129 415 
495 426 22 
316 19 287 
348 435 128 
442 334 338 
69 269 358 
479 60 471 
136 434 90 
228 323 183 
90 144 373 
248 226 13 
344 3 279 
338 256 145 
91 224 391 
302 70 301 
69 305 454 
360 234 473 
425 112 350 
274 194 481 
416 57 95 
276 338 194 
153 224 292 
412 385 493 
291 116 272 
82 462 276 
198 364 349 
51 245 477 
119 353 189 
263 350 361 
328 124 133 
59 200 344 
134 128 356 
411 329 17 
409 293 134 
172 417 360 
215 499 374 
312 230 23 
149 111 47 
328 18 456 
317 298 409 
490 151 196 
331 253 421 
411 311 481 
45 175 282 
396 269 69 
154 314 455 
267 124 373 
237 356 411 
114 130 62 
62 490 58 
407 196 242 
2 469 186 
462 116 297 
337 82 350 
53 494 155 
117 3 172 
469 405 273 
146 446 204 
84 38 442 
254 58 322 
151 392 63 
233 336 41 
217 302 109 
417 319 154 
134 280 376 
56 330 416 
137 498 148 
27 49 146 
412 141 122 
227 24 256 
480 38 357 
354 258 265 
489 393 193 
51 456 42 
413 83 454 
161 311 319 
96 60 245 
185 463 198 
178 281 131 
95 14 377 
355 119 121 
250 96 97 
332 44 492 
393 256 497 
124 394 400 
343 257 346 
87 173 338 
179 246 224 
231 429 469 
119 239 298 
196 380 163 
81 101 18 
330 38 481 
76 277 103 
35 396 388 
221 118 34 
108 278 28 
324 380 463 
416 92 139 
486 337 456 
452 58 163 
57 40 279 
419 330 414 
278 473 192 
404 133 26 
460 391 283 
360 421 133 
203 485 297 
206 3 495 
243 47 258 
446 252 385 
391 273 491 
459 169 0 
205 255 411 
492 265 426 
227 156 209 
244 60 15 
340 94 322 
282 388 120 
76 111 316 
335 128 470 
327 347 289 
481 422 143 
134 419 45 
342 355 210 
209 174 215 
65 475 248 
177 393 21 
422 399 408 
334 429 64 
104 72 88 
341 250 380 
350 285 327 
95 380 67 
385 377 355 
1 411 104 
240 6 334 
421 23 272 
384 338 354 
385 70 120 
294 1 111 
482 269 325 
329 105 94 
242 395 457 
135 391 457 
236 129 125 
251 424 417 
435 499 141 
225 219 434 
147 293 69 
390 365 431 
361 362 23 
438 3 184 
436 355 408 
389 21 63 
300 0 115 
374 296 90 
284 236 320 
479 377 45 
305 249 275 
303 438 29 
204 480 70 
78 309 107 
364 434 343 
216 83 109 
314 456 135 
245 22 496 
216 273 285 
413 22 202 
179 148 262 
483 294 204 
69 185 25 
397 19 335 
435 249 128 
41 104 94 
251 7 401 
111 251 477 
18 52 183 
462 281 244 
449 361 65 
18 39 246 
253 129 322 
182 271 137 
184 377 498 
127 466 185 
128 401 32 
256 345 362 
342 88 325 
85 419 462 
152 406 268 
200 292 171 
46 245 115 
125 357 275 
292 125 462 
497 137 22 
7 407 351 
21 135 262 
482 47 369 
381 196 477 
470 37 281 
262 448 358 
112 406 133 
183 329 0 
385 249 314 
69 359 413 
209 316 59 
34 193 237 
202 126 45 
242 363 120 
166 478 231 
32 352 316 
92 156 241 
445 178 122 
362 82 55 
331 3 393 
389 314 465 
495 469 203 
22 274 383 
136 445 293 
41 30 157 
461 391 321 
454 25 493 
397 83 82 
491 29 290 
388 146 254 
493 388 335 
65 121 58 
94 162 138 
248 313 296 
207 82 83 
259 372 354 
100 437 38 
68 55 334 
234 82 287 
35 170 353 
47 77 269 
19 313 348 
138 402 254 
258 81 491 
412 359 150 
384 161 370 
134 400 352 
245 152 497 
266 430 261 
16 46 90 
313 9 318 
213 19 94 
151 148 183 
413 148 324 
66 103 448 
423 242 372 
22 447 433 
329 345 215 
417 32 393 
470 470 302 
417 333 292 
97 74 397 
163 405 321 
462 457 90 
21 223 287 
355 322 153 
36 329 378 
319 287 475 
265 349 476 
158 229 114 
420 406 250 
88 86 8 
476 30 381 
215 136 84 
495 14 117 
463 226 84 
449 302 271 
391 259 190 
142 147 379 
229 46 274 
409 260 6 
105 319 191 
387 166 0 
463 109 182 
142 152 149 
246 495 269 
173 82 476 
404 380 206 
51 207 264 
297 215 393 
86 260 338 
195 369 95 
367 398 176 
183 18 193 
366 64 249 
32 288 335 
84 69 174 
273 249 488 
398 470 419 
327 430 488 
302 127 125 
21 428 205 
233 412 470 
201 396 416 
141 260 390 
74 176 434 
355 348 0 
330 226 148 
307 435 425 
88 410 113 
172 469 130 
473 93 311 
442 18 463 
263 400 356 
480 444 357 
51 203 255 
99 273 431 
158 398 221 
349 284 135 
479 290 483 
473 38 30 
392 297 266 
21 288 417 
271 309 205 
333 39 247 
487 448 406 
423 465 30 
88 187 356 
131 25 451 
301 423 146 
372 372 92 
217 464 173 
106 437 198 
396 73 144 
116 434 470 
382 469 210 
156 386 204 
30 165 129 
435 366 362 
123 248 479 
364 266 428 
165 198 295 
81 484 200 
192 187 269 
61 268 11 
238 405 433 
51 200 457 
339 291 195 
285 131 388 
96 265 23 
432 206 495 
61 221 76 
76 411 139 
196 162 494 
405 425 58 
472 132 488 
396 348 20 
97 249 316 
340 356 177 
25 137 82 
137 68 231 
377 103 378 
304 77 190 
282 117 127 
277 394 6 
132 468 127 
350 461 394 
303 249 193 
114 14 83 
45 1 29 
479 321 349 
346 104 185 
320 48 47 
242 243 436 
102 139 390 
302 389 248 
102 390 256 
141 11 82 
225 181 492 
392 212 425 
473 122 325 
296 107 254 
425 450 54 
313 49 9 
16 136 455 
324 406 109 
443 195 157 
248 392 352 
459 405 165 
112 485 23 
159 205 157 
148 127 84 
348 447 256 
248 457 396 
263 257 341 
258 485 472 
184 443 483 
464 165 18 
376 78 271 
265 99 174 
167 322 40 
469 57 159 
94 171 455 
318 302 194 
234 168 107 
362 1 39 
402 441 239 
392 362 443 
241 219 45 
110 345 0 
86 67 58 
158 458 201 
133 490 285 
299 302 359 
476 394 4 
299 217 281 
161 239 235 
476 317 444 
423 469 366 
384 436 69 
279 347 423 
252 199 342 
363 248 470 
211 153 496 
358 477 408 
62 226 488 
96 137 88 
325 20 37 
306 102 442 
321 404 280 
215 271 408 
466 145 240 
338 203 149 
219 383 469 
69 208 94 
477 11 19 
498 59 36 
250 332 129 
209 364 188 
424 100 187 
450 252 371 
320 40 386 
217 408 99 
76 153 431 
128 360 58 
169 32 138 
109 152 167 
416 334 77 
267 153 6 
60 101 357 
84 291 237 
311 256 176 
367 445 165 
74 409 138 
260 117 177 
232 126 114 
41 333 62 
47 42 207 
349 125 225 
414 194 446 
331 393 43 
86 49 158 
309 114 249 
433 312 360 
445 473 100 
460 426 121 
488 271 100 
369 149 470 
197 167 493 
338 403 490 
83 154 164 
281 352 87 
305 29 160 
403 215 184 
275 349 263 
144 390 74 
104 235 193 
465 334 426 
408 10 210 
266 247 12 
165 97 419 
84 131 419 
139 254 286 
267 312 187 
316 283 449 
270 54 135 
486 409 441 
143 400 487 
227 278 486 
495 451 415 
455 364 347 
62 460 436 
440 76 385 
148 156 352 
336 417 87 
151 227 462 
335 479 336 
367 399 415 
138 325 102 
99 266 356 
198 354 92 
297 420 346 
344 473 367 
8 145 220 
458 285 358 
347 142 306 
376 85 385 
400 300 20 
357 200 237 
32 344 157 
401 150 450 
436 74 415 
325 153 492 
12 85 271 
484 158 5 
166 208 179 
144 206 184 
207 361 313 
217 310 7 
378 488 222 
177 297 56 
205 323 79 
93 234 233 
422 217 177 
249 141 177 
54 460 54 
59 374 10 
14 120 281 
87 175 493 
239 157 385 
408 70 73 
446 21 425 
358 56 418 
435 333 433 
113 288 2 
207 196 345 
184 362 431 
112 82 37 
15 442 239 
37 74 96 
347 346 152 
297 35 477 
81 130 81 
203 445 17 
177 87 317 
480 374 31 
246 334 53 
469 472 408 
238 453 210 
218 432 452 
358 373 266 
19 173 204 
215 89 8 
143 194 388 
156 200 9 
239 428 123 
420 342 318 
397 483 240 
318 392 169 
305 311 41 
294 307 375 
266 440 481 
326 28 387 
287 10 30 
324 167 282 
25 380 214 
300 3 409 
384 189 455 
205 450 485 
286 94 420 
473 372 331 
118 18 410 
415 401 479 
165 5 83 
143 113 383 
8 264 47 
487 76 364 
292 307 442 
158 438 380 
356 321 295 
43 216 450 
386 85 35 
139 70 406 
137 221 357 
37 404 490 
496 403 188 
228 474 145 
428 211 228 
459 434 358 
417 439 5 
454 194 376 
120 138 15 
97 444 482 
42 313 122 
195 342 476 
211 253 481 
472 493 201 
66 99 418 
195 381 122 
390 64 121 
119 210 39 
345 23 180 
433 52 342 
421 363 66 
469 29 170 
31 114 279 
159 218 59 
248 296 104 
245 124 206 
37 75 376 
132 372 40 
206 118 334 
306 144 196 
12 281 415 
402 362 132 
124 269 132 
391 248 115 
208 266 90 
388 47 410 
487 14 418 
206 106 270 
73 454 270 
417 450 279 
259 39 7 
186 397 171 
357 464 249 
472 162 138 
60 466 203 
91 173 50 
335 31 289 
389 260 355 
74 48 232 
40 429 5 
397 420 419 
385 377 168 
400 450 412 
463 386 264 
152 24 192 
209 339 17 
431 149 493 
496 226 328 
441 355 94 
439 369 94 
372 391 78 
116 411 278 
35 452 392 
322 11 279 
209 64 138 
485 310 126 
471 36 498 
478 336 440 
405 7 299 
364 324 113 
189 394 63 
285 15 255 
459 131 456 
382 312 161 
62 167 217 
69 308 468 
82 238 353 
84 212 419 
148 192 159 
110 315 440 
162 233 399 
394 237 204 
402 326 95 
163 108 82 
208 281 424 
300 145 246 
411 130 348 
409 251 346 
107 35 205 
132 235 169 
37 121 291 
20 296 387 
71 232 396 
259 483 394 
452 351 237 
283 26 356 
63 403 490 
359 54 323 
318 304 397 
423 284 403 
138 423 361 
401 370 385 
418 212 432 
473 464 288 
207 401 283 
417 207 343 
116 148 218 
433 381 178 
451 64 289 
444 244 285 
424 430 52 
454 98 396 
481 249 11 
242 376 462 
4 191 344 
347 373 202 
485 446 10 
325 125 35 
17 128 193 
435 306 121 
222 389 345 
433 172 389 
157 248 407 
99 386 217 
64 437 298 
2 404 133 
154 271 304 
142 68 366 
246 302 360 
300 264 346 
135 343 65 
30 100 267 
306 419 326 
406 416 83 
72 148 196 
280 335 120 
268 446 147 
291 335 419 
17 103 492 
133 393 75 
349 267 481 
426 463 12 
24 5 51 
393 93 223 
471 290 144 
336 127 497 
303 366 412 
450 115 104 
439 299 246 
384 99 68 
281 365 332 
352 11 354 
327 268 445 
319 270 124 
69 258 278 
151 490 341 
302 122 402 
146 164 322 
94 423 463 
77 111 113 
427 100 342 
390 80 103 
487 220 321 
