1000
3
329 426 105 
7 438 122 
102 57 66 
136 475 127 
261 323 378 
314 13 2 
178 429 498 
204 54 211 
317 123 88 
399 240 134 
86 156 300 
398 145 451 
403 92 175 
4 289 453 
271 253 374 
339 495 139 
212 307 178 
182 308 268 
148 352 27 
455 115 314 
128 142 120 
182 201 416 
491 190 322 
259 383 167 
479 199 234 
390 41 54 
146 307 449 
98 462 12 
388 343 67 
433 175 380 
155 322 287 
378 252 234 
74 61 221 
75 458 431 
275 23 242 
178 371 414 
422 388 292 
147 147 376 
132 365 4 
114 445 258 
489 372 382 
327 471 273 
130 291 158 
20 185 30 
455 309 443 
59 180 144 
326 197 358 
303 176 183 
137 32 354 
379 92 312 
355 56 33 
440 358 53 
92 34 260 
466 372 240 
426 475 130 
143 358 228 
223 63 276 
47 152 69 
444 466 57 
256 319 88 
403 97 136 
275 439 99 
186 212 497 
118 20 158 
353 272 156 
486 430 128 
301 97 337 
168 315 228 
121 273 433 
68 209 298 
171 494 357 
445 406 290 
479 431 410 
444 106 63 
119 248 334 
481 319 163 
239 53 407 
388 463 291 
109 89 40 
32 219 375 
370 431 470 
187 79 205 
422 278 172 
242 342 442 
28 476 4 
332 241 55 
347 67 90 
496 401 1 
57 292 472 
324 173 120 
189 364 244 
435 41 201 
28 195 227 
422 476 497 
478 400 294 
353 24 121 
51 18 9 
304 275 68 
151 353 407 
55 310 146 
237 335 52 
345 471 421 
226 143 261 
478 191 47 
393 0 87 
119 21 403 
139 351 28 
321 132 355 
421 193 225 
327 229 19 
338 439 147 
73 439 198 
491 170 291 
108 305 443 
303 436 485 
307 256 263 
391 485 416 
23 48 197 
439 436 208 
156 158 496 
71 113 13 
320 408 64 
187 490 144 
26 99 214 
52 128 106 
226 446 429 
388 29 67 
283 452 17 
107 238 412 
395 252 468 
54 64 88 
205 5 275 
375 202 64 
478 350 305 
250 312 267 
332 206 336 
29 175 13 
119 303 461 
75 152 284 
236 183 465 
334 269 31 
466 242 322 
216 378 476 
74 174 421 
449 335 368 
474 405 311 
148 215 478 
77 114 483 
163 220 340 
88 429 251 
494 80 238 
379 175 195 
67 450 92 
259 176 460 
308 172 84 
83 198 12 
163 406 227 
234 325 455 
496 299 331 
95 352 298 
481 382 122 
113 83 347 
295 298 165 
315 339 103 
231 21 179 
395 249 123 
350 173 224 
296 80 398 
238 477 281 
341 72 83 
410 342 203 
290 212 117 
381 444 350 
471 94 326 
172 183 279 
240 430 93 
370 309 194 
355 144 361 
499 294 80 
482 447 415 
438 174 408 
215 480 139 
331 386 268 
10 301 199 
211 110 427 
186 302 81 
458 234 356 
2 265 249 
140 353 351 
211 469 139 
193 499 272 
366 148 242 
465 13 183 
37 425 246 
160 486 116 
353 105 31 
44 233 399 
183 332 225 
263 323 343 
117 377 53 
152 232 234 
43 462 22 
190 446 456 
199 392 495 
468 443 494 
79 353 381 
320 148 40 
471 404 4 
440 143 52 
13 74 492 
201 159 384 
189 400 325 
44 267 303 
320 282 38 
350 194 120 
73 192 83 
466 107 194 
383 410 259 
70 296 173 
273 432 303 
432 42 366 
37 463 149 
295 171 147 
379 163 459 
299 250 81 
200 469 316 
86 62 287 
15 238 118 
311 321 485 
255 139 289 
340 129 461 
488 329 36 
123 422 189 
471 343 220 
218 264 3 
11 114 443 
188 445 111 
402 376 353 
496 12 186 
302 168 450 
278 439 410 
59 262 144 
30 300 337 
478 284 468 
487 250 167 
98 150 381 
275 61 208 
387 404 190 
101 316 72 
120 255 285 
208 25 445 
165 196 445 
490 329 328 
32 421 169 
98 190 263 
95 387 494 
395 163 54 
113 397 314 
173 60 109 
345 354 276 
431 70 417 
379 74 433 
337 463 214 
472 352 325 
447 413 401 
52 328 197 
5 300 56 
210 362 250 
488 299 245 
212 166 4 
498 335 118 
289 146 313 
403 60 273 
274 25 35 
378 478 375 
332 380 60 
137 259 71 
259 459 494 
32 214 468 
436 265 183 
246 381 385 
173 310 151 
12 462 106 
266 432 252 
252 241 213 
384 469 259 
367 181 190 
73 186 367 
234 175 214 
480 262 208 
341 165 222 
424 298 306 
266 207 279 
291 109 10 
235 158 442 
166 206 218 
192 10 403 
95 16 152 
221 33 447 
273 141 31 
77 340 156 
249 194 276 
225 73 411 
45 374 355 
426 454 240 
376 151 446 
425 417 298 
109 14 102 
346 139 94 
457 459 223 
422 137 5 
262 331 331 
262 274 382 
116 495 434 
82 367 31 
364 21 331 
432 170 349 
92 282 380 
190 382 53 
122 378 258 
146 334 176 
9 271 261 
98 496 354 
34 153 394 
366 405 239 
194 489 277 
341 437 84 
169 87 360 
439 266 289 
267 16 318 
144 380 132 
34 355 447 
83 289 316 
152 326 496 
402 295 486 
50 400 69 
240 33 248 
155 331 124 
399 220 30 
332 333 365 
159 322 161 
244 281 54 
367 423 151 
454 10 350 
46 59 314 
103 494 129 
50 343 20 
191 10 62 
410 473 300 
349 100 158 
378 400 215 
234 281 470 
13 484 68 
21 446 417 
151 7 118 
28 343 202 
375 111 61 
285 205 28 
259 204 432 
142 31 275 
367 27 266 
312 452 126 
196 349 268 
326 22 37 
221 141 353 
102 257 499 
51 324 155 
339 412 387 
286 25 276 
162 346 366 
435 337 496 
437 378 497 
332 199 217 
150 54 245 
426 46 174 
178 417 96 
217 260 101 
53 90 429 
220 212 401 
355 91 321 
135 150 373 
327 159 266 
403 327 493 
96 333 204 
234 409 39 
42 188 253 
338 156 192 
23 473 410 
218 146 453 
440 380 213 
290 83 376 
341 81 6 
272 159 195 
162 3 129 
491 32 106 
425 245 220 
0 453 206 
103 280 19 
216 97 338 
153 210 324 
21 201 52 
190 252 171 
175 298 414 
68 128 86 
269 126 344 
157 212 174 
212 5 141 
54 330 36 
139 97 204 
127 123 98 
268 24 282 
117 413 89 
151 100 490 
66 387 412 
153 79 455 
392 92 256 
189 233 236 
203 320 157 
449 252 130 
457 219 404 
323 165 94 
59 464 415 
214 111 166 
273 31 183 
42 404 375 
174 138 86 
322 89 222 
339 425 215 
172 100 269 
362 305 443 
363 352 342 
423 53 198 
407 43 465 
38 172 128 
141 100 454 
24 244 137 
413 13 395 
115 61 255 
476 225 449 
45 383 91 
412 142 282 
76 115 435 
453 200 372 
427 408 40 
166 128 137 
473 225 68 
77 401 393 
383 195 414 
47 179 491 
221 376 444 
414 183 103 
375 15 434 
62 205 466 
110 89 221 
225 291 67 
390 219 368 
5 164 31 
110 265 490 
53 419 416 
189 228 75 
52 395 108 
77 82 286 
355 299 127 
350 59 235 
142 146 6 
6 39 132 
139 118 267 
79 81 209 
241 389 302 
190 291 439 
458 396 210 
472 130 161 
456 491 304 
412 359 101 
337 252 169 
258 270 265 
39 73 0 
446 3 371 
371 464 198 
125 54 42 
78 497 181 
382 129 222 
171 328 475 
14 76 435 
170 186 39 
420 145 353 
334 359 266 
345 407 246 
293 266 9 
69 427 276 
144 87 72 
277 478 398 
405 382 8 
402 169 390 
133 1 431 
281 210 240 
289 142 388 
10 381 169 
355 350 381 
36 231 470 
432 216 305 
422 380 113 
299 364 267 
231 213 94 
420 300 89 
103 454 211 
174 311 299 
323 269 369 
199 232 65 
23 155 459 
14 301 354 
209 21 7 
64 187 142 
217 58 489 
33 405 2 
72 35 139 
272 143 327 
42 9 266 
146 244 96 
430 113 92 
135 57 404 
424 33 269 
147 469 230 
476 381 407 
455 172 262 
274 184 122 
487 239 168 
497 180 5 
73 251 394 
203 429 275 
390 150 69 
343 211 265 
272 114 456 
453 55 79 
118 252 165 
136 121 10 
66 450 358 
50 86 258 
185 435 177 
64 133 102 
125 292 33 
241 332 137 
38 386 131 
403 167 298 
55 355 444 
318 304 414 
53 320 412 
479 390 7 
347 328 496 
140 482 443 
359 289 385 
100 214 432 
494 31 49 
37 162 405 
478 209 79 
175 16 439 
441 369 164 
289 78 362 
125 408 255 
109 263 349 
376 401 496 
196 312 191 
400 95 477 
24 172 184 
190 87 150 
309 309 60 
104 485 391 
70 466 28 
396 459 326 
179 440 449 
79 318 171 
170 469 383 
338 410 444 
203 242 30 
180 481 127 
109 346 483 
285 62 398 
454 275 331 
393 202 430 
5 141 30 
100 482 139 
62 63 442 
212 490 192 
163 470 368 
453 379 3 
423 316 335 
400 398 177 
296 428 368 
8 442 3 
354 391 234 
374 224 151 
146 68 277 
327 129 59 
141 9 321 
349 285 238 
495 243 66 
189 321 65 
19 144 112 
360 309 74 
151 100 73 
357 440 377 
417 388 112 
298 13 133 
62 97 236 
434 393 182 
91 361 184 
95 457 99 
8 329 210 
469 348 145 
219 122 332 
6 50 10 
60 74 64 
363 417 312 
139 440 122 
14 271 158 
293 253 473 
246 80 471 
182 185 423 
251 362 306 
457 187 232 
100 367 31 
274 96 434 
50 263 321 
48 319 317 
255 489 454 
323 5 136 
45 176 173 
257 59 340 
139 279 492 
171 445 250 
79 103 306 
307 315 341 
9 189 304 
289 33 133 
451 111 295 
398 174 430 
216 230 439 
19 158 452 
295 159 322 
94 95 290 
424 397 47 
200 78 196 
15 118 78 
443 36 34 
12 384 115 
413 93 299 
356 181 347 
387 263 331 
265 312 0 
155 273 270 
409 127 377 
8 125 86 
20 331 499 
289 411 46 
450 86 473 
234 468 497 
303 362 266 
344 296 32 
172 355 397 
376 368 348 
429 355 374 
465 229 236 
415 27 123 
375 395 364 
152 335 474 
297 304 394 
446 94 370 
268 319 16 
397 484 91 
408 283 355 
369 342 121 
239 333 288 
464 441 307 
198 419 64 
350 152 417 
369 260 71 
362 256 304 
138 426 325 
47 443 110 
336 479 489 
328 146 254 
109 337 164 
32 130 490 
71 208 79 
409 63 89 
399 306 490 
101 64 362 
140 71 41 
419 156 166 
386 2 2 
106 347 358 
477 31 25 
82 37 76 
452 403 21 
43 34 112 
463 236 161 
111 160 307 
308 81 459 
26 240 365 
42 353 394 
485 72 350 
258 390 51 
328 130 68 
230 364 136 
415 4 270 
387 120 344 
230 313 471 
460 84 359 
226 228 55 
366 67 475 
362 409 316 
421 419 236 
344 218 294 
84 469 228 
362 274 89 
100 259 334 
290 254 364 
312 228 294 
195 109 321 
31 120 440 
427 255 415 
409 222 238 
134 44 128 
40 331 179 
71 342 279 
325 467 1 
88 239 362 
66 409 397 
16 281 328 
382 427 93 
129 482 68 
6 367 312 
184 406 327 
192 154 190 
353 419 418 
60 386 198 
363 15 243 
230 162 10 
14 121 301 
255 256 26 
355 189 35 
15 89 139 
293 368 489 
241 70 413 
298 244 147 
304 1 239 
248 169 467 
37 255 271 
425 221 191 
451 317 14 
337 253 462 
335 378 64 
399 36 236 
367 109 199 
54 186 180 
205 445 162 
400 221 85 
76 277 396 
477 238 56 
4 480 180 
249 315 433 
180 27 203 
454 412 375 
319 165 391 
185 85 60 
299 183 323 
495 206 480 
176 4 178 
322 220 451 
471 265 293 
388 408 93 
81 490 149 
230 18 334 
391 135 144 
97 419 476 
321 371 454 
149 188 113 
190 16 488 
18 161 274 
100 414 126 
231 455 472 
294 293 90 
302 17 84 
327 455 491 
56 197 21 
82 182 134 
224 468 64 
72 368 19 
289 327 463 
373 193 470 
395 355 151 
482 339 366 
137 432 436 
368 444 494 
224 45 306 
84 244 434 
84 437 167 
351 21 69 
391 177 14 
135 18 399 
375 288 349 
490 308 155 
34 265 481 
452 133 283 
107 348 363 
232 153 498 
394 242 50 
436 248 175 
413 38 45 
105 219 112 
336 367 216 
111 340 148 
75 469 161 
135 380 258 
487 352 188 
267 449 365 
0 275 115 
117 343 338 
446 88 318 
322 92 85 
425 284 397 
456 88 323 
404 243 51 
244 424 451 
16 58 376 
488 199 486 
185 243 105 
15 175 469 
171 311 305 
356 445 238 
79 303 175 
329 288 358 
434 283 253 
428 464 52 
110 293 355 
275 38 72 
445 142 357 
27 407 213 
66 377 386 
228 163 494 
98 346 471 
333 353 78 
66 274 268 
197 128 272 
471 362 399 
166 315 286 
51 58 262 
385 134 496 
153 82 313 
405 53 240 
498 412 29 
421 410 212 
260 259 279 
340 348 155 
135 137 215 
261 5 58 
122 175 494 
168 40 78 
191 124 28 
198 438 21 
40 31 255 
342 409 156 
74 461 232 
445 126 239 
448 290 368 
288 141 101 
134 380 9 
186 119 180 
245 165 445 
419 481 393 
215 269 310 
477 285 69 
264 4 285 
459 56 323 
284 64 318 
453 230 46 
248 407 159 
373 368 322 
11 368 341 
290 192 414 
54 159 295 
197 463 55 
1 496 240 
302 93 481 
488 417 456 
394 75 62 
133 221 268 
222 123 36 
327 145 392 
127 343 202 
167 493 68 
499 362 17 
47 28 207 
196 271 497 
257 497 416 
3 464 478 
343 263 461 
495 342 110 
31 6 254 
381 336 152 
467 192 16 
83 303 54 
317 153 83 
272 378 89 
347 340 290 
269 125 306 
278 39 222 
361 439 294 
185 243 67 
422 421 214 
414 21 142 
357 360 276 
271 60 386 
1 323 380 
143 138 94 
34 110 167 
95 389 114 
222 348 176 
173 484 278 
494 334 149 
392 298 490 
145 431 279 
214 17 68 
137 159 21 
34 306 394 
108 474 164 
255 482 421 
348 121 478 
93 68 457 
131 248 226 
309 170 274 
347 68 95 
119 316 60 
478 90 208 
210 357 208 
245 450 202 
312 62 199 
157 455 420 
215 480 265 
468 94 29 
108 479 364 
394 309 147 
428 453 408 
227 34 334 
32 11 281 
289 34 242 
264 192 116 
311 32 474 
122 259 216 
32 259 41 
76 125 149 
242 246 393 
3 248 170 
374 321 261 
246 250 16 
324 159 45 
123 83 8 
116 418 193 
297 344 9 
492 39 153 
457 19 139 
486 395 97 
372 474 106 
78 139 330 
112 456 318 
389 140 384 
373 261 319 
287 129 103 
10 114 38 
451 320 56 
281 311 345 
238 427 306 
46 183 294 
469 236 135 
458 456 445 
179 38 396 
498 482 69 
301 467 258 
68 248 251 
75 108 375 
420 493 393 
235 36 313 
369 436 388 
73 75 243 
150 101 95 
298 384 71 
472 70 488 
396 409 114 
350 348 497 
488 163 379 
117 96 180 
174 236 261 
31 222 475 
484 446 93 
360 304 200 
477 150 139 
434 1 286 
232 91 0 
311 58 185 
182 183 238 
