1000
3
437 197 441 
403 379 361 
189 101 210 
21 424 280 
197 296 371 
130 235 476 
40 146 362 
436 387 211 
280 319 84 
405 314 86 
25 312 286 
314 25 267 
232 412 145 
93 285 70 
434 400 433 
482 208 475 
292 135 292 
354 235 32 
298 401 153 
158 297 69 
393 155 459 
128 219 408 
349 424 295 
267 24 378 
101 5 91 
457 336 23 
437 30 26 
381 306 44 
6 40 22 
225 141 238 
450 356 485 
376 56 307 
132 123 85 
437 265 240 
14 207 470 
414 104 204 
443 302 138 
14 370 466 
50 181 293 
200 183 465 
36 265 362 
303 79 306 
158 338 169 
39 466 66 
186 171 487 
226 360 357 
436 143 209 
260 246 421 
233 234 300 
328 248 335 
488 443 286 
325 425 441 
351 88 54 
220 402 284 
363 395 114 
79 206 337 
232 181 48 
480 484 216 
7 153 202 
345 493 477 
352 61 191 
288 468 20 
420 358 325 
407 452 395 
267 378 453 
241 140 293 
193 201 92 
232 66 303 
134 427 176 
270 85 68 
165 252 481 
91 155 28 
168 19 122 
315 212 399 
452 257 357 
6 99 15 
432 272 403 
238 414 405 
373 494 139 
380 264 50 
198 281 79 
334 87 197 
75 107 160 
467 307 238 
313 455 26 
255 115 446 
266 73 40 
373 27 167 
325 40 134 
215 24 288 
276 71 453 
273 331 73 
185 398 289 
52 187 106 
492 405 335 
43 366 480 
317 247 1 
351 322 323 
498 150 197 
493 52 237 
401 430 245 
270 343 172 
253 480 252 
182 195 396 
97 314 13 
0 184 180 
71 398 471 
21 76 98 
279 475 113 
461 418 9 
440 333 282 
267 109 335 
258 190 387 
484 244 338 
326 211 183 
230 452 321 
425 102 115 
159 113 444 
128 245 114 
397 62 473 
321 30 397 
462 222 366 
341 10 376 
300 250 487 
468 22 270 
45 215 425 
412 354 449 
52 88 92 
431 9 100 
265 456 295 
86 465 272 
89 335 288 
50 64 413 
39 116 312 
444 276 321 
85 479 158 
191 101 158 
2 226 307 
340 317 26 
146 168 480 
241 192 385 
243 37 302 
59 15 313 
273 304 369 
222 447 232 
483 486 492 
361 289 177 
409 84 130 
413 482 485 
142 404 232 
137 400 416 
198 243 341 
3 385 356 
52 480 464 
24 145 214 
249 271 8 
92 198 32 
39 407 192 
45 453 129 
262 400 106 
3 95 351 
412 422 177 
412 428 214 
130 35 493 
339 173 296 
15 405 159 
412 480 295 
156 408 356 
232 228 486 
107 263 410 
405 11 54 
328 40 445 
307 291 80 
388 30 198 
415 177 113 
69 168 22 
249 207 243 
90 299 449 
13 192 121 
360 430 364 
287 371 21 
478 477 101 
487 249 394 
177 170 228 
295 367 432 
49 427 484 
399 316 152 
335 225 263 
63 238 422 
282 164 340 
330 4 429 
428 209 266 
8 12 409 
94 52 433 
228 394 226 
366 439 483 
21 325 250 
235 13 329 
245 85 356 
447 277 375 
90 472 485 
468 396 178 
104 438 260 
147 116 412 
364 243 412 
456 101 48 
59 126 391 
137 458 32 
24 127 476 
390 177 202 
112 323 416 
459 135 87 
380 41 217 
269 219 352 
348 97 88 
398 59 471 
86 343 297 
418 456 299 
221 98 357 
347 297 6 
231 226 244 
178 417 299 
457 450 151 
84 316 184 
479 417 375 
79 382 251 
390 454 352 
217 108 184 
264 468 212 
235 156 487 
281 467 290 
209 342 392 
333 79 343 
124 315 315 
364 439 51 
8 280 37 
306 349 299 
283 239 360 
112 330 21 
63 299 37 
162 197 335 
443 29 255 
364 224 96 
175 471 417 
41 99 459 
134 355 159 
408 24 57 
209 355 100 
439 162 270 
111 353 201 
254 361 158 
407 295 357 
257 313 283 
459 346 411 
427 277 96 
116 327 472 
315 32 85 
251 263 178 
210 354 200 
29 161 96 
348 153 157 
463 271 104 
106 1 338 
351 375 421 
452 355 367 
80 421 389 
437 203 460 
422 23 94 
112 233 364 
249 387 99 
358 179 92 
420 395 159 
175 87 427 
332 395 248 
52 410 392 
227 245 187 
148 42 206 
489 332 376 
480 469 3 
253 217 120 
263 482 68 
159 447 329 
214 216 81 
406 478 85 
101 61 393 
473 276 203 
232 257 4 
53 368 390 
113 480 167 
312 421 159 
8 117 336 
344 75 76 
417 433 449 
323 26 444 
184 224 448 
261 36 359 
331 332 269 
427 74 115 
212 312 142 
425 441 284 
89 191 287 
118 314 91 
172 446 144 
303 311 268 
60 285 69 
469 327 349 
204 9 233 
232 418 131 
441 342 454 
445 171 271 
316 40 237 
419 284 404 
437 25 223 
334 158 308 
65 159 381 
8 27 489 
19 496 4 
0 186 168 
107 15 283 
150 233 498 
92 30 204 
61 254 314 
265 359 457 
101 346 235 
111 84 364 
24 307 299 
260 155 340 
99 461 323 
471 404 195 
171 194 270 
219 419 153 
233 16 249 
411 14 464 
182 107 467 
347 94 77 
266 46 2 
312 113 336 
332 161 121 
108 484 130 
376 470 405 
22 231 255 
348 319 50 
104 258 106 
364 374 82 
453 354 446 
129 41 175 
268 162 491 
438 362 22 
423 143 219 
480 461 205 
289 363 437 
444 24 9 
448 160 53 
156 236 415 
267 215 449 
336 218 298 
478 242 150 
444 473 410 
474 91 390 
144 167 239 
159 317 259 
412 236 390 
280 145 66 
383 70 337 
396 131 44 
273 70 252 
395 9 290 
335 84 116 
196 353 265 
154 81 421 
100 233 472 
469 160 420 
106 261 65 
285 264 475 
323 375 47 
65 430 264 
36 298 2 
340 94 307 
230 433 257 
83 46 304 
41 197 294 
142 48 62 
113 24 73 
312 244 105 
342 176 173 
109 461 381 
120 31 439 
470 18 185 
230 218 207 
328 329 304 
406 411 62 
93 445 389 
140 74 130 
227 186 359 
157 360 268 
462 15 27 
242 54 441 
375 248 40 
415 227 457 
3 477 433 
51 396 488 
357 463 437 
112 99 354 
483 117 121 
417 95 356 
384 451 217 
2 446 165 
273 21 60 
345 128 94 
470 420 99 
82 112 91 
239 360 246 
497 228 69 
260 172 443 
269 71 169 
492 173 443 
105 53 373 
365 498 197 
431 422 284 
102 171 459 
54 433 416 
89 177 265 
183 80 48 
298 298 492 
396 68 231 
347 219 229 
276 406 492 
439 37 476 
403 347 233 
365 348 334 
16 9 25 
338 345 379 
205 210 332 
337 307 124 
233 466 280 
412 149 175 
18 302 445 
29 211 141 
389 108 178 
330 497 160 
181 24 208 
260 82 477 
178 411 412 
354 344 312 
451 278 272 
191 380 1 
410 303 59 
120 448 343 
254 72 345 
411 132 439 
324 320 191 
84 76 168 
68 287 472 
173 120 222 
314 86 495 
143 464 95 
378 265 467 
349 214 167 
24 429 61 
96 94 339 
368 366 451 
293 294 146 
114 334 129 
304 285 121 
463 360 450 
225 392 12 
174 474 255 
486 271 203 
247 6 139 
415 93 33 
487 12 399 
174 180 83 
11 74 333 
401 434 223 
282 282 64 
229 157 367 
46 444 464 
183 368 71 
171 340 485 
206 115 437 
108 444 132 
76 197 167 
280 265 289 
44 330 125 
102 16 278 
9 159 226 
251 276 405 
120 323 308 
464 3 386 
489 109 306 
6 307 204 
347 182 201 
289 202 387 
96 419 36 
396 15 426 
280 23 390 
364 257 410 
18 192 491 
250 107 370 
484 92 365 
322 447 454 
344 204 167 
321 431 168 
375 20 184 
351 99 448 
46 274 139 
240 401 48 
363 172 439 
12 130 371 
349 177 69 
418 456 269 
448 12 30 
68 465 243 
448 334 245 
333 473 332 
115 445 394 
410 64 348 
162 181 129 
453 98 20 
24 189 477 
154 374 363 
434 446 254 
472 207 360 
355 451 410 
150 104 41 
199 155 345 
331 208 405 
179 245 396 
113 489 408 
191 449 34 
439 201 158 
258 244 448 
4 160 354 
163 8 311 
214 0 133 
77 439 269 
174 174 151 
410 488 405 
165 328 207 
149 473 403 
291 127 311 
471 162 243 
76 60 144 
427 298 152 
496 127 118 
498 366 152 
181 4 339 
480 56 382 
202 50 350 
6 403 19 
149 273 114 
184 387 236 
92 292 411 
461 306 415 
315 304 201 
461 127 405 
387 156 113 
152 141 164 
27 60 468 
93 198 338 
165 121 315 
165 53 80 
221 492 30 
477 58 316 
6 102 95 
376 286 455 
111 188 82 
166 324 173 
464 91 243 
206 214 103 
78 316 217 
25 235 492 
364 136 387 
382 155 30 
344 455 7 
191 221 480 
263 439 169 
459 191 393 
11 390 172 
295 56 50 
127 363 14 
267 392 297 
186 277 133 
456 94 472 
495 347 174 
45 341 472 
240 312 112 
471 302 438 
8 26 308 
356 149 170 
171 111 20 
318 434 108 
209 215 31 
52 446 111 
54 212 75 
492 219 134 
370 98 1 
311 341 257 
320 458 154 
436 280 251 
447 130 332 
373 33 247 
206 403 363 
17 183 369 
136 90 443 
267 325 321 
367 358 40 
212 133 59 
90 112 119 
218 108 340 
18 383 111 
281 49 57 
153 127 361 
331 448 158 
341 349 318 
420 161 257 
435 474 343 
194 335 218 
290 10 212 
331 382 470 
460 29 272 
20 71 25 
156 346 393 
297 37 130 
339 445 266 
11 109 261 
108 281 311 
303 287 285 
313 229 105 
320 21 340 
409 103 295 
352 425 81 
33 100 489 
140 261 166 
25 14 353 
288 53 271 
493 490 387 
32 95 132 
209 168 344 
297 50 363 
159 162 396 
355 105 469 
485 311 4 
109 303 80 
204 202 208 
76 476 126 
366 221 161 
27 288 334 
118 321 355 
365 132 417 
149 69 65 
433 32 437 
297 207 499 
458 464 295 
358 297 295 
424 55 404 
74 163 490 
354 450 175 
245 363 81 
239 49 290 
51 114 198 
264 395 257 
357 474 488 
434 480 174 
274 152 347 
383 478 184 
31 433 145 
395 428 233 
156 187 212 
407 6 480 
74 291 339 
167 204 249 
370 117 310 
108 85 439 
385 442 272 
411 285 382 
316 483 398 
5 43 381 
29 74 298 
6 379 489 
27 237 62 
486 272 49 
465 459 60 
451 339 326 
85 326 212 
320 268 300 
248 407 306 
297 257 430 
463 259 304 
330 5 237 
343 294 298 
230 210 177 
159 59 416 
117 443 330 
85 384 160 
362 126 442 
217 402 425 
165 39 125 
288 245 301 
220 273 272 
457 272 496 
214 485 472 
297 151 284 
374 380 110 
170 250 495 
230 401 307 
323 105 235 
487 455 132 
265 496 283 
121 194 44 
209 488 337 
309 22 121 
283 1 479 
416 347 146 
334 231 381 
383 145 457 
210 378 123 
112 174 106 
495 469 170 
209 274 428 
160 231 143 
414 50 243 
345 487 104 
214 349 17 
387 401 419 
124 88 321 
308 496 224 
487 330 493 
398 495 364 
430 210 312 
208 188 397 
333 443 243 
259 60 497 
467 61 88 
62 89 317 
110 409 248 
119 452 111 
12 422 45 
36 186 439 
302 67 137 
86 395 111 
394 152 106 
282 458 266 
280 137 278 
256 69 123 
352 29 43 
457 165 206 
420 59 275 
50 173 64 
396 374 171 
247 226 450 
439 105 106 
361 346 432 
451 317 116 
443 408 415 
107 403 231 
110 340 67 
405 302 13 
383 443 413 
266 304 267 
482 98 424 
411 334 351 
16 479 72 
286 64 119 
16 292 478 
136 337 436 
151 56 45 
190 247 241 
334 396 460 
407 458 377 
474 74 19 
235 295 234 
69 392 366 
211 73 412 
210 129 464 
107 173 320 
282 118 458 
69 57 301 
360 133 393 
303 205 400 
66 269 340 
186 105 430 
183 418 336 
205 32 112 
253 257 79 
373 177 253 
17 482 126 
127 232 38 
459 44 340 
72 106 399 
442 45 177 
7 392 447 
224 363 56 
208 126 272 
34 103 126 
257 290 443 
55 228 275 
95 1 197 
114 25 419 
132 246 256 
426 484 140 
326 434 183 
111 273 340 
362 323 171 
320 169 17 
95 134 340 
115 496 277 
345 173 95 
207 7 227 
76 253 168 
445 151 494 
214 470 23 
262 84 9 
320 478 463 
64 183 454 
81 34 34 
68 67 27 
379 44 242 
292 269 461 
32 172 214 
24 197 143 
97 139 82 
52 473 457 
38 214 327 
380 262 133 
324 304 371 
272 474 156 
460 213 444 
447 147 492 
87 358 190 
20 488 77 
50 322 396 
99 442 299 
423 6 14 
414 368 448 
400 1 159 
125 332 326 
228 130 392 
402 496 336 
79 449 7 
174 284 179 
181 375 212 
187 243 496 
471 259 381 
186 468 41 
325 293 187 
213 314 338 
100 156 196 
359 456 337 
310 104 7 
194 306 437 
453 486 497 
459 278 314 
133 277 150 
411 299 33 
283 355 38 
107 128 43 
24 182 486 
105 58 201 
182 26 178 
334 154 153 
459 391 187 
440 372 229 
469 171 23 
206 489 443 
306 330 235 
7 13 187 
267 151 386 
318 71 351 
301 42 68 
142 284 464 
5 125 336 
156 109 134 
335 436 368 
274 69 311 
234 203 273 
30 49 247 
160 343 449 
55 2 286 
322 248 278 
81 424 340 
365 147 348 
433 131 357 
499 27 288 
413 380 267 
102 209 99 
224 376 449 
349 157 88 
397 180 146 
143 465 31 
185 317 6 
92 473 236 
46 238 59 
429 93 237 
99 290 284 
228 158 447 
14 98 254 
492 226 70 
151 425 371 
226 161 161 
156 464 315 
234 185 146 
388 217 18 
39 433 154 
155 127 315 
98 136 433 
199 233 428 
29 195 48 
174 437 271 
115 271 5 
362 365 47 
318 436 308 
126 484 158 
349 479 124 
332 385 425 
89 258 74 
31 459 237 
113 370 134 
426 44 388 
9 66 265 
300 54 117 
425 449 223 
281 473 162 
32 450 338 
412 373 468 
180 27 139 
321 53 38 
209 326 274 
28 3 128 
232 138 219 
180 81 331 
166 81 236 
387 431 226 
355 159 228 
180 430 362 
461 29 197 
387 293 139 
251 252 379 
168 227 14 
282 359 133 
182 90 85 
309 34 11 
242 315 137 
246 423 14 
235 154 493 
5 213 264 
87 481 446 
387 4 224 
155 362 104 
275 137 110 
75 282 108 
355 313 50 
42 23 464 
20 174 302 
43 480 13 
376 448 61 
305 143 230 
455 269 137 
173 281 19 
266 322 3 
55 334 203 
131 45 289 
104 395 160 
497 81 486 
39 230 260 
347 89 209 
369 212 485 
286 266 17 
415 171 133 
209 462 170 
50 55 334 
116 251 385 
297 205 130 
373 195 284 
2 429 180 
68 20 253 
320 445 493 
42 405 304 
170 433 196 
393 229 217 
170 55 384 
458 173 263 
331 227 116 
255 354 337 
215 250 361 
89 436 456 
321 428 184 
71 0 137 
347 258 88 
212 64 151 
468 75 255 
76 4 370 
256 347 164 
485 173 446 
490 133 348 
422 337 271 
448 47 125 
128 271 73 
120 11 377 
359 74 258 
