1000
3
171 194 32 
342 42 324 
356 155 462 
317 76 353 
299 21 2 
332 257 282 
101 14 476 
364 3 441 
198 287 59 
398 191 433 
296 495 338 
377 361 499 
468 180 177 
276 300 266 
55 74 162 
93 362 391 
418 27 50 
59 470 34 
134 422 96 
253 491 280 
257 133 399 
422 414 165 
144 236 230 
212 291 7 
470 382 468 
44 281 250 
37 190 295 
55 91 489 
96 273 237 
436 111 251 
399 94 453 
96 231 173 
245 83 171 
164 105 420 
476 144 243 
460 84 94 
443 244 190 
143 296 431 
450 224 119 
458 484 185 
22 118 419 
270 175 50 
299 110 401 
290 432 204 
132 367 287 
223 450 73 
82 353 445 
95 139 356 
177 362 170 
10 222 277 
439 319 7 
230 156 125 
274 94 385 
152 244 34 
95 380 93 
79 159 464 
373 76 374 
121 406 378 
210 104 238 
73 204 165 
9 250 286 
1 397 329 
17 267 470 
218 479 23 
41 448 150 
87 20 222 
129 364 123 
109 172 53 
163 123 424 
27 63 303 
438 149 94 
137 460 323 
164 169 154 
167 200 332 
50 3 43 
104 435 102 
382 446 276 
129 480 325 
221 310 395 
356 481 17 
261 165 167 
0 2 370 
102 341 395 
122 91 482 
255 170 266 
252 144 468 
89 61 315 
317 106 25 
316 71 108 
252 107 187 
400 167 62 
13 175 224 
324 169 320 
247 32 179 
197 163 136 
438 338 199 
135 474 352 
123 190 80 
129 391 62 
23 206 322 
250 314 267 
263 15 142 
430 385 77 
145 458 334 
226 108 231 
375 179 61 
347 330 27 
374 25 369 
487 443 442 
183 492 202 
245 277 17 
370 384 439 
388 245 133 
368 268 36 
287 72 385 
441 257 166 
227 195 369 
275 350 115 
207 322 95 
126 377 485 
465 268 411 
117 235 467 
240 422 314 
489 143 165 
219 308 113 
359 193 436 
132 423 377 
200 140 173 
299 321 202 
60 470 33 
422 485 101 
163 123 105 
29 241 363 
144 51 251 
481 416 478 
271 74 150 
38 194 130 
496 172 92 
264 224 458 
457 407 445 
167 148 456 
296 272 78 
338 178 210 
216 4 193 
324 289 429 
436 118 239 
179 77 24 
433 173 2 
281 375 216 
400 431 374 
396 245 439 
183 297 161 
166 454 130 
123 323 384 
13 473 94 
206 9 294 
102 353 183 
252 431 352 
189 348 47 
133 449 74 
338 340 372 
285 349 321 
219 211 319 
489 113 282 
144 125 328 
377 455 43 
496 22 235 
269 108 200 
147 332 16 
332 450 186 
179 456 483 
228 280 217 
454 160 402 
132 163 47 
319 329 368 
250 109 31 
49 195 163 
283 401 239 
284 179 28 
368 8 371 
480 5 422 
456 70 18 
409 385 1 
334 412 56 
210 282 322 
360 311 313 
46 81 374 
431 417 362 
67 363 40 
287 454 201 
149 444 59 
104 326 49 
499 440 104 
68 103 252 
483 13 437 
281 40 60 
242 296 257 
302 300 478 
366 330 433 
377 83 391 
462 293 353 
116 351 69 
194 419 118 
33 5 243 
463 311 460 
472 210 249 
244 37 429 
93 360 174 
329 396 318 
312 197 336 
263 251 106 
323 66 43 
193 185 251 
354 295 438 
298 445 430 
361 279 190 
306 376 87 
79 115 194 
125 254 119 
390 226 40 
400 58 322 
31 311 145 
331 180 292 
349 413 115 
446 437 313 
391 419 479 
8 386 285 
42 155 113 
177 0 116 
204 141 255 
340 210 424 
214 33 124 
357 475 384 
444 17 455 
428 168 235 
333 65 497 
199 261 378 
88 104 98 
58 180 334 
235 459 278 
58 83 187 
17 41 295 
232 236 481 
401 498 71 
267 48 43 
83 434 199 
34 323 490 
327 227 300 
417 60 244 
423 7 199 
136 490 140 
195 40 50 
50 474 175 
385 245 220 
456 372 47 
384 487 195 
104 386 213 
192 443 372 
129 190 197 
293 475 336 
79 36 128 
414 494 67 
409 64 60 
423 297 446 
394 140 282 
192 397 162 
12 24 171 
207 29 201 
270 298 37 
250 169 32 
381 464 47 
486 467 165 
283 154 337 
116 30 87 
499 111 441 
307 396 167 
44 156 474 
78 444 161 
430 197 364 
52 166 421 
167 85 117 
190 482 4 
37 284 361 
304 152 466 
257 432 481 
16 48 263 
375 276 157 
25 13 497 
79 128 308 
57 249 309 
90 58 24 
281 123 112 
325 276 89 
89 435 453 
391 97 176 
227 251 217 
465 308 286 
52 111 324 
360 345 461 
109 380 469 
396 90 207 
140 153 35 
312 431 251 
72 469 465 
117 430 165 
362 164 147 
333 22 234 
461 129 487 
26 443 120 
223 296 259 
441 124 114 
84 258 121 
284 372 455 
274 257 378 
383 417 339 
191 206 37 
45 282 350 
192 401 466 
409 428 4 
44 361 286 
33 347 7 
11 334 165 
490 349 95 
211 100 350 
170 192 235 
460 445 291 
354 297 206 
299 219 142 
120 0 161 
344 422 216 
179 458 29 
152 107 466 
401 142 257 
294 77 257 
204 343 491 
359 119 286 
375 310 110 
164 459 9 
252 460 45 
422 241 110 
463 260 481 
11 294 471 
12 84 126 
475 249 265 
109 468 254 
392 196 131 
105 3 153 
217 205 419 
417 6 165 
426 94 177 
90 336 20 
102 188 117 
146 230 178 
78 330 404 
143 239 373 
299 18 263 
220 88 51 
111 171 15 
367 333 224 
396 221 140 
1 292 162 
40 400 411 
208 100 467 
452 421 196 
220 17 383 
7 459 199 
60 445 372 
406 106 443 
389 92 161 
464 23 388 
113 118 465 
175 411 74 
252 298 69 
181 211 262 
154 197 369 
58 169 149 
177 135 309 
9 51 333 
429 97 71 
205 425 272 
266 255 421 
237 245 159 
156 307 443 
145 383 251 
268 130 96 
430 84 138 
48 81 54 
196 315 213 
213 105 151 
83 29 13 
478 19 331 
475 329 291 
239 192 302 
435 11 295 
21 438 156 
484 363 371 
6 339 157 
315 478 132 
497 37 143 
126 215 8 
275 233 373 
351 139 409 
457 314 194 
128 424 430 
208 352 12 
334 70 491 
328 59 231 
99 8 148 
444 406 488 
127 153 31 
402 32 365 
120 228 36 
336 225 300 
449 298 321 
130 335 227 
87 56 119 
289 247 481 
147 377 224 
129 170 294 
279 186 33 
258 278 124 
203 391 50 
250 200 374 
258 287 380 
54 251 384 
311 20 489 
465 277 475 
69 261 307 
207 44 252 
339 443 86 
478 43 431 
409 168 426 
353 136 327 
180 444 226 
350 284 292 
9 231 45 
346 383 350 
356 87 228 
297 26 67 
180 408 90 
363 152 380 
235 363 33 
160 87 288 
290 179 307 
215 144 149 
71 311 291 
466 282 153 
3 369 153 
365 256 427 
81 298 236 
110 491 2 
232 217 239 
123 406 58 
396 442 322 
67 347 43 
395 423 251 
199 110 337 
442 466 202 
340 459 80 
194 201 8 
467 240 254 
258 8 294 
428 11 211 
57 487 60 
320 346 358 
261 298 381 
442 155 48 
385 397 41 
381 88 276 
474 442 145 
434 414 394 
152 200 343 
97 443 49 
21 265 15 
47 323 495 
246 209 97 
251 236 224 
207 338 460 
437 258 13 
165 192 282 
122 38 299 
276 140 428 
19 91 1 
158 24 250 
268 499 45 
401 121 25 
306 370 152 
153 326 263 
369 332 113 
269 187 353 
478 103 196 
488 30 314 
113 207 180 
337 192 144 
246 105 94 
140 142 479 
387 355 3 
53 25 364 
323 455 305 
468 377 96 
442 452 340 
386 448 220 
258 183 472 
43 195 184 
314 400 74 
480 119 222 
282 47 94 
353 291 137 
163 226 433 
199 82 25 
170 493 395 
281 255 341 
234 33 411 
232 490 63 
408 450 447 
270 380 52 
456 209 445 
251 256 370 
351 456 174 
113 70 208 
316 414 439 
101 177 230 
219 378 266 
179 94 440 
242 82 487 
450 487 199 
221 269 73 
36 355 389 
27 50 498 
96 497 213 
139 405 463 
472 272 79 
357 69 71 
252 364 195 
370 444 89 
469 19 121 
246 54 200 
262 469 140 
135 111 269 
494 148 385 
192 356 76 
14 112 458 
429 260 458 
180 32 191 
52 492 51 
336 6 289 
145 297 224 
140 385 168 
236 102 35 
433 468 114 
329 160 384 
157 452 143 
301 436 323 
472 201 97 
478 219 50 
126 222 196 
354 12 313 
440 46 148 
232 346 48 
376 393 221 
459 373 174 
137 401 203 
4 188 327 
263 25 398 
341 301 409 
212 202 218 
61 307 349 
195 311 145 
178 242 414 
346 450 439 
29 324 49 
219 345 251 
274 376 108 
381 482 454 
428 407 343 
404 157 155 
280 120 370 
346 450 426 
310 268 465 
379 190 41 
56 19 173 
219 204 420 
5 476 252 
350 180 215 
75 385 486 
247 279 262 
193 275 209 
87 245 216 
29 53 319 
225 219 166 
0 58 186 
352 67 281 
207 425 447 
101 94 275 
432 212 32 
93 357 229 
172 135 235 
231 235 127 
432 394 491 
15 310 404 
313 348 341 
51 403 450 
156 245 149 
422 393 185 
401 37 495 
58 286 74 
376 170 386 
31 333 221 
339 256 101 
216 24 254 
127 69 253 
236 8 49 
156 469 300 
386 216 497 
42 310 168 
409 107 0 
354 182 228 
282 326 338 
355 208 329 
63 103 249 
303 241 70 
61 112 267 
89 247 308 
385 235 21 
11 425 38 
89 80 283 
102 386 470 
128 251 4 
52 251 235 
461 82 328 
483 90 180 
31 442 486 
403 4 156 
291 184 193 
100 303 442 
99 90 441 
416 23 120 
236 148 61 
199 493 355 
28 175 398 
468 394 423 
335 176 69 
240 470 340 
63 22 430 
40 311 397 
485 261 13 
349 39 253 
317 439 3 
26 23 316 
309 287 495 
388 265 260 
189 405 496 
47 144 360 
484 113 244 
434 79 251 
161 492 401 
399 179 355 
31 39 293 
101 253 237 
77 328 351 
170 74 346 
465 3 405 
209 332 360 
130 74 237 
480 213 428 
0 393 132 
37 201 166 
435 388 56 
405 338 455 
452 382 300 
117 88 493 
19 393 349 
43 291 105 
479 0 424 
490 255 47 
311 196 282 
75 368 30 
380 273 44 
125 267 243 
482 233 459 
256 311 330 
52 287 27 
448 100 70 
379 47 495 
382 90 483 
7 141 464 
147 300 457 
374 205 118 
448 291 257 
232 426 419 
107 478 338 
11 288 310 
449 338 349 
387 234 380 
266 490 191 
176 354 182 
125 99 164 
463 486 360 
299 72 63 
366 232 82 
254 215 84 
225 442 303 
369 411 346 
184 94 75 
317 278 407 
240 270 246 
363 355 229 
85 376 207 
118 499 460 
56 346 41 
179 306 230 
444 402 45 
267 432 267 
154 51 309 
120 77 217 
386 308 35 
408 43 433 
354 396 169 
289 11 494 
326 24 152 
17 231 208 
396 362 159 
235 392 208 
396 294 132 
27 297 386 
75 212 95 
343 85 405 
261 238 475 
449 228 249 
56 154 291 
183 438 100 
16 334 451 
403 36 279 
176 187 334 
312 209 128 
176 194 19 
312 333 440 
346 143 143 
208 486 338 
389 427 30 
321 417 184 
60 216 129 
74 384 465 
67 280 296 
115 439 339 
45 6 105 
498 368 3 
125 157 292 
449 488 112 
244 246 92 
452 204 60 
499 404 105 
491 105 86 
207 463 120 
128 356 144 
77 98 487 
146 326 271 
18 340 114 
64 329 481 
49 318 223 
321 286 439 
403 54 271 
359 186 214 
312 409 307 
86 339 432 
280 201 360 
154 44 232 
169 100 334 
202 229 52 
397 491 31 
325 37 178 
262 440 371 
316 95 144 
221 493 235 
47 293 313 
172 488 432 
252 3 349 
259 59 423 
299 38 171 
161 361 46 
488 460 375 
69 23 312 
423 251 53 
40 261 16 
360 429 336 
193 237 238 
312 253 48 
42 325 301 
167 133 26 
292 166 134 
80 386 244 
389 138 167 
191 249 225 
136 190 483 
216 205 144 
439 257 334 
489 67 244 
249 105 346 
378 286 185 
81 90 311 
303 101 224 
85 430 2 
59 475 70 
373 53 318 
322 10 106 
238 319 144 
309 137 322 
429 463 42 
227 170 470 
146 133 28 
467 115 253 
22 477 480 
63 403 113 
321 164 211 
423 256 382 
490 290 374 
278 457 93 
30 444 342 
354 431 290 
214 423 124 
30 462 181 
80 230 255 
160 483 334 
16 346 98 
277 263 279 
363 497 87 
82 273 450 
97 359 72 
118 164 61 
52 482 279 
196 481 429 
215 459 26 
233 3 171 
202 471 312 
324 381 357 
109 250 335 
152 160 28 
196 313 124 
213 112 352 
420 167 373 
267 68 369 
140 45 390 
362 89 310 
263 201 208 
324 449 132 
301 164 170 
251 319 43 
395 377 401 
417 255 226 
241 55 402 
126 203 321 
482 459 46 
407 9 314 
390 321 381 
55 278 450 
285 114 476 
26 146 358 
464 233 255 
413 402 104 
413 351 45 
334 106 328 
464 120 372 
21 295 66 
19 479 392 
142 256 75 
259 328 110 
137 201 175 
440 28 357 
210 203 436 
62 336 290 
471 237 322 
416 442 318 
204 139 203 
14 159 151 
224 391 57 
253 259 377 
339 98 423 
485 8 468 
360 164 39 
421 409 69 
15 31 26 
100 327 136 
264 104 462 
362 234 424 
49 18 283 
215 274 71 
310 422 418 
330 354 234 
311 154 286 
371 264 375 
457 67 263 
16 276 152 
120 289 389 
482 220 257 
300 221 265 
201 166 384 
113 203 309 
102 359 135 
23 22 157 
15 78 106 
204 130 324 
256 398 139 
306 178 442 
233 326 340 
395 57 219 
492 294 18 
350 242 298 
428 414 150 
398 303 181 
228 226 171 
357 362 412 
30 478 316 
18 26 498 
437 400 50 
448 307 299 
249 51 494 
361 386 234 
106 162 114 
220 438 224 
355 130 92 
146 149 250 
83 315 211 
439 264 134 
237 15 466 
51 394 288 
269 153 409 
150 367 394 
321 464 214 
27 78 303 
93 228 214 
384 498 394 
173 201 161 
114 377 46 
39 293 315 
386 437 482 
235 409 260 
459 338 58 
154 416 27 
374 312 190 
99 476 125 
251 154 56 
18 284 132 
99 295 272 
368 248 449 
433 388 205 
290 322 174 
121 291 86 
344 138 432 
483 224 5 
179 227 218 
270 451 325 
58 366 244 
470 437 30 
226 374 492 
125 182 301 
441 99 276 
174 307 390 
461 451 457 
55 17 360 
3 333 495 
102 282 249 
186 297 361 
237 473 450 
268 325 401 
499 389 157 
394 261 45 
484 480 239 
38 318 445 
424 24 276 
244 423 298 
213 156 12 
291 473 376 
364 497 451 
471 481 154 
401 389 280 
418 299 477 
316 321 309 
101 212 83 
329 132 474 
70 45 422 
99 208 67 
255 63 254 
459 462 277 
32 434 268 
220 26 336 
226 328 81 
8 460 164 
300 425 308 
202 378 85 
231 142 125 
270 319 409 
440 49 383 
248 190 290 
155 460 296 
75 355 373 
281 308 395 
232 440 92 
418 392 370 
100 409 56 
495 180 119 
