1000
3
304 213 170 
447 497 446 
493 477 272 
478 185 285 
247 191 272 
154 472 361 
67 456 363 
237 301 292 
72 85 134 
455 437 286 
151 203 235 
397 271 163 
245 277 388 
172 393 115 
120 498 360 
184 184 309 
441 440 320 
405 262 380 
57 36 158 
437 191 454 
259 144 26 
404 400 311 
461 142 363 
362 454 440 
18 263 329 
240 11 132 
471 297 90 
131 443 343 
35 240 214 
275 306 319 
40 324 176 
424 331 340 
259 215 27 
385 173 246 
39 295 410 
323 452 434 
72 377 467 
393 284 82 
358 135 264 
345 436 316 
87 173 345 
16 182 226 
203 395 273 
30 418 135 
1 69 231 
434 153 78 
496 341 47 
425 368 111 
155 425 18 
441 267 175 
303 42 170 
149 62 370 
399 354 245 
0 405 375 
90 89 385 
471 495 449 
140 388 422 
428 212 165 
280 254 478 
365 202 388 
26 213 56 
383 206 475 
422 19 272 
423 256 17 
76 106 414 
226 135 303 
97 376 322 
150 306 340 
166 65 432 
374 369 489 
424 408 311 
241 58 154 
100 457 130 
451 393 110 
390 17 125 
416 151 459 
337 86 115 
216 92 107 
255 472 387 
460 185 99 
261 297 377 
414 451 465 
176 63 147 
213 114 145 
334 343 131 
352 484 336 
165 107 24 
348 448 339 
109 283 314 
313 449 479 
18 397 253 
489 204 418 
378 301 328 
217 315 55 
81 314 211 
42 273 90 
474 378 391 
99 276 281 
284 406 462 
154 470 371 
86 202 99 
176 465 470 
126 231 216 
347 233 166 
45 365 280 
233 104 286 
10 215 434 
247 66 442 
237 448 223 
486 386 257 
281 216 488 
217 236 412 
250 75 311 
258 321 497 
96 441 428 
285 267 362 
469 140 48 
103 241 445 
113 421 331 
367 497 365 
205 183 284 
491 108 356 
77 57 439 
109 467 458 
25 57 383 
262 428 326 
229 115 441 
164 393 466 
418 494 258 
268 17 4 
499 125 128 
196 498 242 
42 214 323 
199 397 194 
345 164 371 
345 144 321 
314 204 115 
205 486 10 
252 424 21 
134 275 354 
269 284 144 
216 78 404 
69 189 446 
280 36 74 
311 400 429 
179 129 293 
309 58 185 
492 168 211 
286 166 457 
285 63 303 
284 155 473 
102 323 172 
327 496 418 
289 16 214 
490 294 50 
271 205 304 
497 135 296 
425 362 301 
417 354 150 
155 476 101 
23 407 330 
200 115 440 
266 339 200 
475 317 90 
392 460 476 
131 441 481 
87 458 113 
97 240 198 
424 83 218 
93 175 386 
214 453 346 
297 333 177 
29 40 188 
359 41 17 
269 463 233 
454 430 202 
80 52 380 
82 467 432 
269 201 464 
351 363 190 
87 399 422 
339 467 190 
405 25 380 
483 466 442 
456 235 127 
73 297 347 
60 21 100 
35 267 431 
496 136 228 
118 413 363 
427 145 315 
170 139 448 
86 356 73 
97 233 85 
190 42 272 
188 6 311 
183 460 230 
109 428 110 
365 150 176 
169 379 381 
179 109 295 
243 455 350 
451 52 212 
9 166 244 
62 77 450 
454 142 472 
143 434 358 
413 17 206 
452 250 458 
35 435 422 
452 19 115 
233 162 211 
335 28 213 
260 152 32 
11 419 440 
117 28 29 
344 463 346 
145 431 61 
203 241 473 
458 313 481 
185 168 274 
466 16 49 
329 374 274 
164 210 394 
335 278 149 
73 490 91 
498 233 486 
450 126 401 
290 262 302 
464 411 2 
347 328 150 
163 361 43 
103 271 8 
80 34 102 
168 103 20 
118 8 495 
38 124 83 
9 18 16 
301 457 140 
66 329 193 
61 38 148 
313 278 195 
169 6 419 
374 30 140 
366 462 260 
20 135 224 
128 204 7 
103 44 85 
323 386 304 
470 347 322 
28 194 143 
431 347 400 
152 268 206 
484 176 63 
73 47 401 
495 111 463 
357 144 368 
45 12 54 
295 404 222 
18 478 211 
448 390 316 
404 397 204 
129 348 26 
229 89 267 
111 228 258 
496 292 26 
232 290 130 
383 405 373 
135 419 458 
32 441 242 
417 485 166 
373 487 180 
492 393 162 
365 54 407 
416 24 339 
7 264 187 
244 467 339 
135 56 480 
266 497 46 
247 323 332 
456 301 498 
491 219 209 
459 80 256 
31 145 109 
62 22 149 
276 317 92 
317 230 331 
102 20 360 
85 59 248 
361 135 194 
160 324 81 
256 412 58 
210 416 106 
282 128 29 
43 393 360 
106 435 325 
152 25 421 
134 178 299 
340 331 437 
449 371 36 
244 463 288 
280 255 113 
172 266 198 
319 174 281 
344 139 43 
276 77 50 
158 365 132 
404 422 249 
477 305 461 
58 99 196 
326 142 298 
124 83 476 
159 90 294 
30 397 21 
466 372 228 
277 71 83 
357 128 142 
294 86 80 
474 487 288 
453 337 12 
271 47 2 
152 133 323 
13 332 195 
306 281 302 
225 56 91 
17 329 312 
156 317 68 
210 428 398 
365 398 82 
192 203 3 
118 356 490 
311 259 250 
29 453 47 
488 183 130 
198 99 455 
26 263 90 
403 215 197 
407 382 184 
462 291 34 
432 133 154 
438 358 302 
460 143 498 
168 131 98 
233 388 284 
54 29 337 
17 32 36 
459 465 93 
494 216 292 
307 72 254 
227 288 488 
240 272 436 
404 225 15 
110 38 323 
211 463 337 
399 288 208 
331 177 371 
238 114 148 
273 163 62 
238 82 34 
408 347 428 
360 374 135 
88 403 415 
345 88 352 
386 49 276 
2 191 338 
284 430 12 
91 418 374 
456 461 498 
221 402 387 
365 113 18 
145 60 96 
284 277 330 
437 204 439 
433 121 39 
85 235 22 
416 328 456 
375 169 487 
309 244 277 
334 419 405 
82 354 162 
471 123 172 
246 323 192 
259 207 64 
135 80 337 
267 91 265 
162 58 180 
462 329 323 
313 456 165 
243 190 347 
458 384 434 
208 433 3 
166 32 277 
282 357 476 
359 158 55 
319 268 121 
73 229 213 
407 411 418 
345 299 224 
399 49 113 
75 292 446 
264 63 308 
353 34 198 
342 447 399 
159 190 201 
360 474 251 
210 124 449 
35 43 70 
260 174 373 
454 219 207 
246 141 32 
422 427 464 
352 211 458 
284 482 472 
235 382 167 
259 257 90 
390 102 107 
434 376 369 
489 133 424 
432 181 321 
361 426 291 
178 124 240 
145 477 153 
477 481 42 
343 360 233 
346 4 415 
32 104 464 
132 91 223 
49 307 127 
273 179 422 
6 87 202 
322 65 258 
464 9 320 
294 179 337 
222 326 85 
385 53 171 
214 415 446 
302 7 359 
261 141 264 
394 391 342 
105 251 366 
73 318 139 
231 223 181 
67 444 151 
461 341 112 
125 87 259 
322 434 74 
411 270 464 
201 409 455 
402 381 114 
304 312 341 
51 438 341 
466 446 90 
166 168 257 
421 113 295 
170 444 234 
419 78 482 
274 342 19 
353 257 280 
188 324 222 
37 59 120 
215 125 331 
491 162 33 
479 74 64 
248 244 487 
304 213 147 
69 135 307 
495 112 340 
484 14 102 
7 357 318 
181 156 111 
264 255 198 
299 189 447 
398 19 174 
414 31 379 
226 66 442 
164 86 96 
247 148 460 
392 498 456 
241 386 437 
212 98 80 
264 499 58 
46 263 72 
315 220 305 
404 250 46 
132 247 69 
294 213 127 
248 112 481 
114 107 170 
55 164 280 
452 46 104 
244 354 483 
142 169 57 
113 339 252 
188 463 397 
280 131 82 
105 479 499 
105 10 52 
202 83 148 
35 346 417 
258 474 357 
275 171 384 
31 45 243 
288 391 355 
254 412 485 
241 477 251 
477 83 36 
306 145 173 
1 179 137 
447 416 328 
420 8 326 
292 376 321 
487 491 19 
272 414 416 
53 94 303 
43 221 267 
4 377 171 
342 71 89 
177 425 257 
65 178 103 
228 254 208 
264 34 29 
74 202 217 
275 250 334 
195 344 346 
243 155 441 
78 487 291 
395 450 58 
317 116 269 
426 469 321 
28 149 37 
326 259 38 
220 178 38 
111 224 206 
369 295 407 
422 138 260 
494 230 391 
51 273 272 
201 473 163 
348 446 131 
141 68 308 
450 294 374 
159 310 471 
287 89 364 
418 247 266 
289 377 159 
462 262 175 
127 339 223 
146 70 444 
409 477 399 
456 93 98 
210 34 382 
341 192 321 
250 159 151 
395 41 169 
218 254 151 
149 178 14 
225 227 31 
284 486 271 
2 485 88 
239 411 140 
226 123 10 
261 181 196 
335 269 281 
117 72 23 
137 2 231 
346 210 420 
233 361 481 
115 230 461 
36 166 431 
113 488 112 
15 372 25 
168 317 89 
163 232 46 
311 460 76 
459 437 330 
117 339 260 
236 249 229 
440 237 364 
8 177 482 
185 162 411 
166 449 223 
261 16 266 
495 127 267 
269 496 344 
445 268 215 
78 271 386 
460 209 457 
204 129 499 
371 477 457 
258 115 36 
479 413 494 
198 303 48 
167 415 187 
167 195 362 
166 354 427 
273 490 202 
403 256 80 
334 420 429 
242 108 390 
477 229 431 
188 165 266 
375 184 427 
187 311 298 
85 106 228 
421 1 137 
114 363 360 
17 44 383 
316 406 81 
441 349 348 
142 41 335 
365 392 76 
54 490 442 
496 400 367 
404 326 372 
392 239 271 
288 2 349 
73 424 343 
393 336 246 
226 388 333 
387 311 483 
369 20 39 
349 131 422 
99 281 322 
84 472 205 
275 494 496 
271 459 460 
224 313 459 
477 429 484 
472 374 392 
337 15 379 
238 111 27 
104 409 74 
34 86 7 
401 305 156 
125 384 416 
81 195 484 
287 464 135 
239 383 476 
75 214 380 
83 429 50 
223 149 254 
347 89 362 
150 103 128 
192 260 454 
155 120 98 
163 417 436 
272 480 209 
22 79 44 
337 216 192 
118 84 475 
359 121 138 
334 190 487 
404 491 262 
352 498 290 
6 107 414 
56 23 96 
194 320 481 
228 58 80 
228 250 215 
289 389 317 
124 320 104 
200 16 257 
187 6 20 
484 274 121 
455 128 427 
460 188 499 
176 158 196 
247 468 135 
494 475 418 
123 120 127 
250 430 408 
214 2 226 
183 463 341 
24 293 395 
188 50 80 
452 361 326 
491 118 153 
272 391 339 
389 491 253 
319 194 477 
265 459 94 
106 120 195 
499 342 393 
2 299 266 
351 236 150 
131 43 172 
481 201 128 
429 267 32 
170 412 397 
468 218 91 
463 182 56 
148 450 76 
67 141 66 
178 242 416 
422 280 258 
261 239 376 
395 127 66 
64 307 232 
297 233 417 
208 180 135 
199 425 28 
153 249 334 
434 65 143 
182 120 205 
37 228 2 
225 237 312 
150 429 309 
73 305 56 
188 367 294 
15 401 413 
10 27 379 
331 31 129 
331 70 137 
372 238 312 
399 151 142 
395 250 258 
486 274 398 
482 155 463 
401 480 355 
113 264 317 
257 174 434 
41 177 178 
356 4 346 
310 368 182 
201 143 469 
251 122 248 
31 258 339 
235 280 191 
81 400 116 
297 36 227 
227 421 461 
148 217 361 
267 350 389 
225 435 496 
287 175 9 
165 32 315 
192 39 197 
358 198 394 
157 157 358 
152 20 442 
487 65 65 
434 118 145 
238 338 107 
154 179 47 
113 376 321 
10 436 352 
242 254 141 
112 367 481 
397 245 214 
30 10 116 
405 264 271 
399 315 344 
123 63 66 
240 158 83 
163 476 64 
436 367 487 
431 477 302 
336 260 44 
354 200 21 
50 41 151 
86 391 133 
214 466 264 
126 463 293 
117 325 248 
424 209 308 
31 193 230 
397 208 430 
472 9 221 
225 465 214 
30 90 170 
308 312 417 
273 129 397 
54 94 361 
11 91 44 
455 78 45 
172 162 484 
111 490 390 
222 57 377 
253 345 249 
118 386 44 
316 465 246 
50 375 450 
128 204 137 
251 432 220 
485 275 175 
297 277 268 
133 291 55 
450 43 75 
196 159 315 
200 87 28 
39 345 347 
486 76 303 
321 263 440 
440 53 331 
219 78 220 
170 9 326 
352 276 321 
308 180 208 
263 335 110 
120 44 110 
208 329 461 
438 171 82 
44 421 343 
111 230 161 
95 128 218 
1 236 261 
31 276 338 
389 322 166 
435 43 91 
329 217 110 
195 291 371 
180 139 107 
416 162 163 
214 223 390 
290 2 99 
356 481 497 
223 481 295 
364 379 267 
493 247 15 
163 55 206 
347 225 364 
335 16 441 
130 19 105 
255 450 415 
279 168 291 
391 477 289 
285 258 35 
437 478 181 
174 66 333 
294 192 325 
359 253 350 
187 59 106 
268 269 149 
158 256 448 
212 205 459 
390 42 229 
313 261 329 
280 304 413 
111 428 305 
278 478 71 
135 76 282 
247 52 486 
328 4 486 
383 30 129 
391 47 249 
42 106 23 
126 304 215 
232 425 171 
281 30 75 
4 34 486 
368 347 135 
412 249 355 
394 203 268 
14 195 167 
378 380 287 
234 101 168 
44 327 252 
343 378 168 
421 452 2 
182 374 266 
458 11 319 
380 441 318 
235 366 333 
314 105 358 
410 201 400 
150 341 247 
40 386 382 
179 280 134 
296 319 1 
261 192 327 
223 289 41 
189 419 239 
291 216 438 
436 467 259 
497 33 379 
162 494 8 
107 382 483 
459 319 50 
198 339 491 
386 277 431 
450 249 239 
2 236 116 
329 212 116 
456 299 196 
329 445 343 
207 391 117 
349 385 134 
401 384 257 
492 452 389 
367 345 469 
54 466 461 
338 66 9 
101 359 255 
251 466 58 
245 30 450 
162 39 293 
121 226 496 
54 150 446 
57 99 60 
298 146 400 
276 360 346 
219 132 80 
159 209 248 
431 299 272 
169 436 10 
379 240 444 
377 441 422 
246 345 122 
339 302 173 
148 183 294 
472 490 353 
422 407 344 
143 418 271 
386 231 156 
284 263 185 
448 291 43 
342 332 346 
452 445 139 
413 98 141 
181 428 326 
298 38 188 
373 36 200 
208 342 427 
329 182 149 
125 222 350 
325 455 205 
287 125 303 
137 168 311 
186 383 119 
289 27 291 
358 96 20 
326 362 35 
141 78 41 
174 19 108 
427 246 38 
185 162 348 
323 416 155 
365 25 397 
97 40 386 
434 449 68 
43 491 407 
182 110 308 
153 143 256 
168 319 422 
287 31 331 
472 73 156 
374 389 488 
51 375 372 
254 298 296 
21 405 147 
20 450 99 
119 92 12 
303 334 430 
363 117 138 
284 276 272 
322 238 68 
16 352 184 
329 386 20 
450 94 144 
329 477 144 
377 193 319 
376 109 9 
436 237 111 
463 57 199 
288 175 186 
498 310 402 
435 185 265 
269 206 110 
97 427 397 
22 277 49 
72 171 220 
339 443 230 
483 281 131 
279 287 132 
490 228 153 
96 155 90 
472 477 39 
11 105 107 
422 50 146 
354 452 213 
54 456 65 
276 154 118 
408 115 118 
325 24 297 
14 491 44 
337 359 385 
345 214 290 
270 421 468 
316 101 135 
331 161 403 
123 18 179 
132 157 41 
74 64 66 
75 190 3 
298 151 41 
82 491 483 
224 322 179 
224 276 450 
431 93 118 
176 90 259 
