1000
3
165 33 136 
256 481 398 
472 19 137 
327 412 111 
369 455 412 
100 476 37 
233 25 275 
229 293 388 
82 156 262 
468 412 36 
166 165 61 
282 481 423 
240 277 31 
343 311 344 
161 483 49 
405 46 9 
22 205 395 
78 306 112 
84 269 407 
445 5 383 
229 355 203 
64 30 46 
212 240 359 
393 206 435 
362 422 103 
374 88 429 
473 426 171 
330 135 440 
81 261 96 
496 313 236 
421 116 400 
144 417 477 
275 162 43 
392 328 173 
441 194 43 
384 316 106 
184 309 73 
464 198 474 
343 315 254 
489 366 61 
154 231 56 
387 173 273 
126 308 13 
262 244 219 
45 213 446 
441 405 27 
135 389 103 
15 469 14 
424 14 469 
27 240 402 
269 22 378 
395 287 12 
405 220 198 
326 56 5 
465 176 293 
113 96 194 
101 411 483 
196 227 30 
157 376 468 
177 414 419 
379 398 437 
245 463 230 
486 86 330 
267 48 473 
223 259 219 
133 192 81 
84 343 271 
443 126 382 
423 353 261 
62 80 264 
430 117 323 
91 379 157 
327 164 377 
450 458 465 
288 496 163 
349 62 196 
234 185 104 
339 322 59 
406 393 144 
50 354 345 
429 358 125 
207 185 87 
406 79 371 
13 496 328 
423 161 499 
12 220 471 
478 118 192 
409 400 79 
3 32 60 
347 80 407 
52 408 150 
276 431 489 
151 72 323 
129 454 143 
135 191 191 
161 40 443 
341 84 63 
490 409 245 
311 274 70 
58 221 469 
464 314 230 
223 225 301 
360 261 215 
88 345 149 
497 337 93 
97 142 104 
395 143 220 
176 204 166 
112 73 73 
248 98 64 
195 67 357 
78 332 179 
271 491 183 
289 424 489 
357 51 468 
273 64 356 
318 109 261 
391 414 209 
175 152 111 
297 291 281 
392 23 439 
369 206 463 
110 487 136 
246 162 383 
22 141 193 
237 398 327 
266 421 304 
290 406 464 
26 280 459 
161 213 417 
220 26 220 
462 489 338 
99 336 238 
399 163 95 
364 408 357 
415 244 289 
28 256 477 
492 465 398 
328 248 238 
403 103 57 
67 342 20 
210 313 482 
456 327 400 
163 349 443 
113 166 12 
55 137 158 
447 234 385 
464 251 376 
276 321 342 
318 466 278 
140 216 447 
446 376 137 
492 378 134 
24 113 219 
441 468 409 
462 335 431 
307 28 56 
380 495 326 
41 183 184 
271 245 138 
472 116 291 
101 207 42 
287 400 52 
31 382 237 
39 208 365 
317 156 247 
385 459 457 
28 91 476 
56 486 63 
227 103 228 
239 25 38 
414 198 473 
149 298 210 
294 75 324 
367 45 101 
434 66 294 
298 494 27 
284 321 118 
203 281 32 
229 1 385 
409 260 468 
86 208 160 
22 276 347 
47 36 115 
143 442 459 
385 22 485 
27 336 470 
199 171 282 
354 198 496 
283 228 155 
407 48 164 
266 38 337 
127 64 175 
122 272 323 
126 435 96 
308 376 462 
232 29 404 
394 222 37 
90 212 476 
231 51 307 
292 171 105 
26 78 136 
251 166 363 
325 377 230 
108 71 158 
463 231 143 
163 405 38 
250 462 492 
403 113 439 
480 123 7 
291 319 356 
478 326 45 
365 325 135 
138 372 181 
40 226 492 
228 3 494 
144 199 85 
229 109 120 
9 402 44 
286 396 456 
124 1 77 
449 491 31 
148 258 439 
18 393 276 
37 192 415 
352 486 396 
255 244 263 
39 472 188 
427 255 375 
213 243 389 
448 137 125 
153 27 217 
230 111 178 
497 23 133 
421 168 111 
239 296 265 
172 477 386 
13 79 35 
181 72 70 
291 194 0 
381 429 318 
47 200 471 
72 457 213 
369 227 177 
37 435 160 
255 230 90 
458 172 469 
89 212 342 
365 240 111 
194 236 364 
330 427 425 
423 232 493 
408 379 78 
147 475 94 
328 400 93 
284 238 252 
477 156 8 
235 93 62 
82 90 496 
310 372 153 
455 146 494 
394 384 234 
308 257 333 
301 61 215 
13 81 458 
308 132 228 
301 331 321 
58 387 220 
80 362 180 
9 354 136 
63 452 170 
302 482 22 
358 263 172 
73 319 433 
477 419 226 
279 139 294 
260 295 271 
104 5 23 
420 216 442 
131 436 408 
68 419 407 
478 261 330 
483 126 346 
13 150 274 
87 216 183 
349 399 115 
52 349 179 
182 448 216 
463 95 313 
395 355 268 
24 26 37 
410 246 152 
357 239 300 
290 101 213 
375 351 159 
28 443 392 
96 206 133 
375 308 491 
334 330 420 
291 7 296 
220 28 252 
467 331 153 
190 386 372 
457 170 23 
271 239 11 
382 97 234 
491 436 260 
120 214 282 
315 147 412 
374 439 303 
490 496 288 
249 39 456 
451 286 177 
104 232 221 
323 304 15 
166 418 189 
264 266 2 
286 29 132 
118 499 180 
231 439 293 
106 38 182 
316 351 6 
389 35 440 
330 329 425 
132 405 294 
477 42 70 
20 349 83 
92 453 341 
372 370 391 
382 12 245 
449 146 234 
489 362 333 
309 494 259 
334 99 316 
387 262 76 
74 189 35 
320 492 440 
342 389 281 
166 69 88 
395 128 63 
213 30 158 
161 122 64 
408 170 466 
235 12 497 
100 422 279 
431 160 177 
484 484 320 
112 48 191 
163 95 424 
334 299 391 
144 261 385 
423 493 42 
251 97 15 
18 206 312 
309 158 291 
208 313 416 
72 68 435 
110 215 237 
470 162 210 
39 204 201 
398 477 304 
89 39 410 
318 138 353 
239 138 472 
342 85 9 
147 87 283 
365 465 44 
165 83 485 
89 152 408 
385 35 174 
274 409 168 
78 221 411 
83 333 34 
344 228 196 
274 341 248 
270 136 135 
368 30 335 
429 225 386 
152 203 265 
332 492 433 
441 102 80 
234 290 77 
77 139 289 
486 76 480 
291 432 252 
381 358 67 
267 199 352 
482 302 121 
38 229 393 
430 228 149 
164 249 380 
156 140 241 
64 271 9 
456 214 103 
328 162 219 
60 250 415 
311 192 33 
349 225 419 
488 453 335 
368 494 165 
45 77 2 
247 244 309 
50 493 329 
403 73 460 
360 198 455 
367 415 328 
261 292 203 
345 475 307 
315 148 135 
497 368 449 
59 413 386 
209 95 189 
349 95 328 
306 162 258 
177 77 1 
1 69 122 
428 155 405 
113 235 66 
400 449 300 
105 329 404 
201 107 117 
92 297 328 
491 312 139 
304 37 144 
339 75 265 
219 459 283 
40 280 98 
377 186 496 
65 43 313 
105 406 7 
492 359 462 
473 144 36 
318 20 242 
252 307 322 
482 76 151 
283 153 492 
148 327 94 
303 188 131 
68 325 275 
272 440 225 
270 154 173 
498 16 361 
319 229 6 
393 179 60 
484 103 237 
353 139 441 
152 446 287 
63 283 101 
215 389 231 
330 364 429 
20 496 323 
285 48 253 
30 242 446 
333 197 20 
44 250 441 
46 266 219 
303 466 144 
451 173 458 
298 429 351 
338 90 489 
227 18 46 
126 74 405 
433 496 131 
184 198 318 
183 44 84 
20 400 90 
136 379 158 
453 139 233 
204 100 223 
172 319 119 
223 371 7 
159 136 124 
142 45 348 
346 421 362 
338 163 219 
370 6 383 
273 229 159 
155 105 135 
90 296 34 
244 419 101 
36 51 272 
112 465 336 
170 13 429 
294 237 60 
204 306 10 
17 354 54 
460 415 494 
466 172 201 
492 104 450 
34 493 416 
381 364 74 
367 79 415 
354 82 431 
381 425 23 
352 246 426 
67 211 138 
383 71 12 
35 200 68 
166 45 306 
479 361 429 
235 255 310 
305 16 138 
198 382 235 
491 87 49 
326 325 236 
88 468 89 
64 180 331 
121 455 44 
492 213 137 
149 488 384 
12 366 151 
417 337 457 
11 301 66 
487 2 100 
259 256 30 
147 227 285 
455 448 246 
366 242 273 
313 334 281 
196 378 259 
38 497 119 
493 154 146 
462 66 435 
135 187 463 
113 409 38 
134 278 398 
347 243 6 
84 156 305 
72 235 26 
117 395 317 
76 347 187 
399 310 78 
234 178 354 
95 383 285 
241 350 15 
359 132 71 
49 433 74 
252 273 497 
330 496 336 
374 78 69 
450 424 416 
47 424 124 
309 420 496 
57 152 245 
200 30 364 
427 333 212 
370 8 233 
273 494 496 
156 11 121 
379 374 71 
265 157 238 
369 41 165 
172 388 295 
461 153 263 
193 430 446 
63 480 135 
441 134 440 
104 207 146 
40 109 451 
74 97 374 
172 93 147 
14 123 179 
112 88 324 
418 142 239 
252 180 32 
101 48 256 
469 431 464 
467 356 119 
403 371 264 
101 346 442 
60 406 216 
233 492 252 
66 496 224 
348 40 219 
156 106 313 
468 93 162 
191 376 146 
440 311 80 
96 293 412 
108 222 498 
126 103 16 
326 451 150 
255 379 98 
427 477 74 
232 446 407 
88 344 71 
357 122 350 
259 101 413 
17 42 456 
51 447 298 
478 398 186 
361 417 26 
308 33 54 
251 223 204 
296 493 131 
144 257 287 
229 73 79 
156 47 466 
60 368 334 
63 499 92 
275 485 104 
425 18 384 
22 135 348 
465 467 67 
177 372 64 
237 282 408 
279 408 385 
247 404 60 
355 413 228 
211 90 185 
309 68 125 
144 279 17 
22 209 63 
67 35 147 
391 72 204 
273 402 87 
116 59 286 
99 286 411 
155 338 489 
115 118 100 
125 375 127 
0 249 379 
429 204 326 
354 277 52 
176 454 222 
186 248 460 
404 365 419 
241 12 280 
414 466 464 
491 227 113 
32 171 408 
460 28 15 
67 216 120 
219 6 376 
167 102 112 
71 273 285 
162 421 229 
277 204 233 
110 498 384 
88 136 218 
418 174 47 
74 21 34 
193 181 118 
236 374 354 
223 71 102 
143 343 166 
298 80 124 
356 47 451 
46 467 363 
139 180 6 
494 119 145 
363 347 443 
242 392 217 
127 39 157 
325 401 219 
132 453 153 
460 306 477 
388 136 385 
382 125 311 
444 361 85 
18 438 375 
495 242 183 
408 271 282 
37 68 231 
105 59 390 
123 164 213 
292 23 484 
399 324 33 
109 268 170 
177 108 480 
411 385 91 
117 434 12 
134 347 390 
322 65 427 
179 219 337 
126 157 329 
373 271 484 
486 391 486 
450 67 143 
166 164 102 
32 446 356 
258 309 8 
63 400 280 
174 264 424 
431 277 237 
471 191 340 
202 215 466 
179 16 345 
100 55 131 
162 255 301 
96 245 64 
10 470 70 
338 421 179 
435 134 245 
412 252 260 
463 411 177 
142 24 153 
217 112 35 
248 44 192 
393 66 353 
323 110 389 
20 288 461 
411 475 293 
390 42 136 
469 55 156 
324 341 77 
124 183 155 
456 270 431 
441 205 289 
283 307 189 
325 89 253 
162 279 385 
499 87 117 
498 414 153 
374 54 152 
369 362 406 
341 130 356 
352 322 4 
421 428 371 
83 231 7 
456 202 314 
498 351 395 
186 4 230 
27 438 134 
441 36 257 
88 496 407 
60 210 136 
120 164 29 
459 417 74 
69 388 203 
273 310 260 
332 366 480 
71 23 143 
215 69 238 
231 125 2 
269 263 359 
13 360 159 
118 37 386 
203 80 21 
470 92 134 
374 475 411 
407 374 21 
181 110 116 
44 178 92 
304 279 28 
105 370 262 
215 297 479 
372 127 496 
415 72 290 
219 404 148 
141 155 316 
401 105 415 
472 282 235 
425 467 220 
346 110 46 
67 9 483 
136 369 453 
373 425 200 
236 477 491 
86 112 166 
138 15 243 
87 58 232 
308 212 356 
78 456 257 
10 417 219 
38 383 245 
430 491 127 
388 462 387 
215 392 62 
385 166 180 
401 495 365 
6 7 107 
313 247 380 
141 354 483 
160 358 499 
29 338 402 
273 374 70 
461 57 34 
149 360 367 
239 229 288 
17 250 2 
16 333 450 
485 7 39 
284 216 62 
31 265 51 
76 168 18 
246 84 402 
477 103 276 
189 66 398 
319 451 65 
205 478 223 
368 414 384 
156 378 126 
31 126 282 
208 132 175 
489 277 262 
15 338 307 
320 442 223 
240 49 240 
366 478 160 
131 120 249 
390 176 499 
346 451 388 
250 248 383 
177 65 213 
29 458 206 
217 493 199 
251 142 236 
71 464 280 
472 220 245 
405 88 397 
357 267 101 
108 221 149 
150 381 84 
147 434 120 
364 462 439 
223 85 421 
261 196 267 
362 6 282 
331 496 97 
239 211 14 
273 71 35 
401 299 307 
103 336 312 
437 229 245 
273 255 77 
75 290 151 
182 251 126 
191 201 260 
325 182 176 
233 88 187 
228 361 5 
169 339 93 
351 1 285 
18 321 98 
4 305 228 
382 279 369 
413 381 424 
465 155 454 
89 147 249 
453 252 469 
288 182 464 
14 316 481 
480 25 443 
127 247 147 
498 396 246 
143 491 222 
162 263 188 
442 19 385 
214 263 322 
464 83 452 
475 213 394 
447 498 210 
76 45 311 
330 45 172 
198 384 426 
276 246 314 
69 449 322 
430 67 266 
408 396 481 
61 338 257 
306 151 96 
209 162 43 
112 273 427 
413 331 444 
126 440 200 
80 253 226 
410 88 432 
193 299 357 
398 213 491 
54 193 159 
140 473 498 
497 311 305 
128 444 477 
101 44 459 
38 107 434 
59 458 19 
435 90 450 
43 442 89 
137 484 242 
238 455 459 
333 76 60 
421 268 347 
350 65 419 
59 337 497 
312 89 480 
275 256 1 
101 350 65 
87 463 12 
24 481 288 
368 170 218 
177 135 419 
13 466 84 
266 149 70 
224 80 61 
204 70 2 
143 374 324 
481 290 471 
492 326 106 
280 239 321 
54 388 157 
263 360 368 
78 85 187 
38 295 415 
402 102 280 
375 133 114 
106 6 234 
31 110 169 
19 310 110 
90 315 254 
84 291 106 
433 353 495 
181 297 71 
100 223 420 
40 8 71 
3 51 68 
499 420 173 
112 6 32 
468 460 182 
404 3 401 
193 313 355 
84 391 159 
246 360 273 
163 60 440 
224 68 466 
238 479 100 
247 479 219 
140 109 204 
63 57 92 
478 137 167 
360 80 69 
60 276 421 
407 342 400 
137 115 491 
435 48 489 
178 374 450 
231 78 114 
107 301 35 
269 191 388 
497 324 494 
431 497 40 
30 94 147 
471 289 464 
450 442 307 
496 268 494 
289 20 14 
335 344 355 
352 113 145 
250 461 370 
4 102 81 
130 238 444 
164 291 315 
169 320 456 
154 233 195 
8 185 328 
271 195 47 
165 112 102 
230 399 148 
489 149 408 
74 350 200 
61 444 56 
480 48 6 
390 236 454 
8 238 322 
238 458 203 
423 218 227 
295 74 350 
52 330 34 
378 250 232 
155 57 430 
253 202 32 
250 147 8 
60 85 228 
320 273 81 
371 82 320 
461 458 289 
271 145 486 
318 368 418 
443 287 493 
175 3 138 
304 82 446 
257 68 297 
55 416 62 
132 30 167 
217 199 17 
146 437 301 
186 32 367 
169 56 166 
372 458 314 
129 323 402 
329 51 413 
12 325 4 
452 294 64 
346 4 2 
239 118 439 
173 418 158 
63 191 274 
246 21 78 
205 412 257 
80 490 193 
