1000
3
296 463 355 
331 14 166 
459 263 455 
492 390 198 
416 319 426 
144 237 381 
183 30 375 
144 27 164 
472 11 102 
206 327 455 
311 422 321 
48 463 170 
64 411 312 
316 274 408 
21 119 362 
381 397 490 
463 5 449 
175 218 315 
492 104 327 
491 186 429 
51 239 336 
71 178 468 
388 306 336 
452 429 391 
130 84 227 
333 86 191 
401 145 31 
266 287 446 
496 328 274 
235 0 17 
287 148 117 
62 189 411 
414 151 295 
162 81 461 
418 311 457 
345 303 277 
25 391 174 
183 324 168 
64 412 390 
98 71 425 
268 77 276 
130 319 311 
228 23 241 
241 44 475 
173 366 376 
440 378 38 
223 31 248 
59 105 31 
227 320 337 
393 168 122 
302 66 406 
16 374 492 
218 475 415 
291 56 359 
378 205 90 
326 129 382 
142 379 208 
146 5 240 
197 53 330 
497 114 44 
10 96 159 
253 466 168 
172 45 462 
226 281 36 
150 144 174 
98 158 31 
295 229 19 
336 377 118 
109 298 238 
153 208 367 
106 61 196 
47 43 264 
29 192 96 
38 143 4 
462 60 399 
229 164 13 
259 303 245 
145 341 154 
224 296 364 
169 252 130 
278 34 354 
257 370 117 
192 442 198 
405 48 350 
177 301 462 
52 460 216 
163 328 486 
67 275 366 
319 472 46 
376 358 260 
339 266 95 
23 301 256 
464 32 24 
343 462 273 
348 378 364 
224 90 85 
348 255 184 
83 416 30 
297 408 305 
31 78 277 
478 100 412 
156 256 301 
20 245 49 
493 106 72 
372 47 210 
282 268 186 
384 57 416 
397 50 7 
279 338 120 
135 96 117 
329 16 438 
261 465 312 
467 265 295 
53 203 344 
486 223 272 
327 387 457 
128 75 50 
114 211 291 
194 356 244 
161 10 219 
383 8 203 
196 205 51 
192 350 351 
409 170 95 
204 152 104 
353 495 42 
430 391 390 
218 46 334 
86 104 364 
257 55 188 
145 92 214 
448 187 166 
314 129 128 
50 261 407 
188 36 433 
99 20 18 
12 214 417 
281 168 313 
222 47 244 
336 252 198 
279 86 284 
214 378 267 
426 69 218 
429 161 172 
216 166 246 
208 455 343 
263 430 148 
118 369 475 
187 86 458 
139 129 67 
385 300 362 
217 239 390 
371 343 208 
378 182 165 
91 460 261 
203 155 169 
260 165 307 
333 62 227 
314 252 340 
466 256 212 
366 482 144 
247 135 79 
218 398 471 
7 132 321 
304 98 330 
122 7 108 
301 158 293 
437 362 312 
422 343 171 
301 473 241 
293 193 314 
440 392 374 
77 489 18 
435 53 331 
195 85 93 
419 487 315 
262 348 209 
377 282 106 
487 1 313 
493 241 253 
211 482 266 
405 402 121 
30 214 57 
103 69 109 
106 368 17 
10 369 466 
145 9 123 
428 478 86 
443 329 74 
141 478 225 
415 361 38 
483 490 322 
313 161 106 
434 152 281 
413 393 300 
169 113 225 
104 481 287 
197 409 197 
202 126 67 
446 311 216 
246 51 290 
64 470 194 
356 399 155 
121 460 51 
240 222 209 
333 346 354 
72 10 114 
225 491 35 
417 144 114 
89 204 365 
211 363 252 
152 94 479 
46 216 339 
223 281 388 
167 276 146 
111 468 222 
249 163 238 
344 370 226 
244 140 366 
248 317 334 
241 346 248 
48 176 435 
331 313 244 
344 348 156 
178 62 275 
138 202 384 
497 137 328 
113 222 351 
370 411 15 
394 256 134 
396 133 173 
172 496 113 
39 429 184 
239 431 392 
496 337 239 
480 286 384 
300 281 233 
4 456 467 
389 224 121 
74 242 134 
328 493 455 
31 278 40 
458 192 65 
364 322 64 
278 286 360 
18 375 125 
162 419 220 
210 417 361 
236 37 279 
431 390 117 
99 177 21 
293 85 424 
22 94 286 
3 436 370 
240 361 163 
499 402 283 
122 161 164 
115 390 262 
490 98 320 
132 315 15 
74 269 357 
37 188 406 
83 243 418 
46 312 212 
86 411 135 
114 484 219 
328 184 389 
464 283 359 
89 302 479 
381 393 183 
402 329 362 
21 319 291 
380 92 257 
85 338 19 
460 449 431 
129 463 158 
418 385 21 
209 43 127 
316 71 475 
114 476 200 
438 430 376 
152 240 219 
32 256 201 
184 115 421 
342 367 215 
472 118 258 
343 381 89 
175 357 74 
293 165 187 
364 378 10 
229 65 360 
229 436 449 
281 393 437 
494 108 309 
440 312 286 
376 227 75 
131 113 448 
492 469 255 
437 199 258 
30 55 170 
172 405 434 
475 146 177 
363 399 121 
488 315 71 
328 316 376 
405 294 23 
278 145 75 
98 270 383 
310 174 59 
396 186 291 
177 160 367 
5 15 269 
440 281 488 
347 180 36 
375 389 6 
404 181 177 
362 283 431 
105 385 374 
132 393 136 
279 361 1 
454 319 49 
282 392 100 
213 25 251 
433 269 392 
317 165 63 
110 337 380 
257 128 101 
342 78 169 
334 364 47 
114 83 384 
137 422 469 
126 302 89 
215 126 86 
266 362 58 
295 455 378 
114 297 285 
225 35 120 
400 489 190 
236 316 220 
20 183 4 
94 475 349 
463 100 488 
181 385 180 
301 32 224 
346 207 169 
208 170 380 
0 345 319 
150 204 304 
12 256 99 
142 338 447 
400 236 59 
157 144 84 
118 86 438 
461 395 139 
286 470 462 
352 421 494 
92 275 208 
312 475 211 
474 182 44 
32 461 82 
346 371 397 
168 4 378 
303 177 203 
451 28 210 
276 21 368 
190 271 161 
20 341 90 
355 246 373 
7 213 101 
258 335 269 
16 394 344 
14 318 280 
51 366 240 
426 76 487 
304 119 15 
491 107 83 
279 415 2 
202 306 207 
352 459 409 
369 283 149 
274 100 182 
417 320 436 
376 243 346 
40 449 444 
485 314 246 
385 331 45 
193 297 397 
165 218 137 
65 185 496 
308 317 305 
37 439 321 
134 78 207 
407 443 23 
214 166 1 
236 25 60 
133 133 427 
242 303 24 
400 326 183 
472 133 203 
179 81 367 
70 67 275 
71 408 28 
448 136 381 
353 107 81 
19 49 203 
146 255 19 
370 410 242 
20 479 380 
416 62 218 
498 76 321 
135 484 248 
54 356 122 
259 85 341 
212 248 13 
315 271 429 
96 69 116 
422 465 396 
462 45 97 
226 277 155 
81 230 114 
68 417 246 
387 448 227 
29 71 434 
480 259 71 
323 252 252 
348 4 441 
350 281 28 
145 437 10 
5 406 169 
11 154 192 
217 494 275 
277 386 260 
253 433 102 
250 384 196 
40 41 119 
221 6 297 
72 498 111 
282 481 469 
355 262 235 
170 364 118 
97 179 238 
12 393 439 
131 498 339 
204 426 461 
143 162 51 
322 410 200 
256 485 193 
433 374 212 
218 76 346 
395 203 131 
99 294 325 
7 58 188 
374 281 250 
359 199 380 
42 409 262 
138 152 90 
140 93 355 
93 350 207 
41 373 214 
247 367 52 
349 443 15 
459 65 475 
365 173 397 
287 466 46 
201 406 281 
245 440 399 
147 125 491 
292 115 17 
169 175 351 
135 114 77 
66 239 97 
67 203 257 
321 43 478 
476 0 359 
479 247 471 
489 400 43 
110 414 32 
251 138 326 
215 144 104 
439 112 104 
261 302 303 
373 199 299 
402 484 206 
19 166 209 
17 95 493 
386 416 489 
63 71 301 
152 32 449 
322 338 4 
15 161 109 
12 286 219 
390 469 204 
250 270 306 
65 260 120 
41 186 205 
412 132 492 
461 338 334 
10 159 191 
5 149 69 
481 345 389 
490 378 251 
300 437 190 
433 420 244 
169 35 138 
437 429 139 
54 397 350 
196 335 328 
353 316 355 
109 375 217 
480 303 361 
227 494 404 
338 17 193 
46 437 302 
60 367 464 
51 48 476 
194 59 295 
203 437 46 
168 288 209 
6 167 55 
494 31 250 
275 88 290 
464 327 64 
411 227 214 
23 313 353 
357 347 104 
407 70 80 
289 141 200 
76 400 47 
38 50 143 
114 441 70 
283 288 293 
166 466 408 
215 157 288 
321 374 476 
18 478 412 
274 216 40 
397 178 499 
349 104 104 
248 196 469 
1 36 303 
486 92 265 
168 426 117 
166 260 304 
378 32 106 
114 145 208 
312 369 244 
445 169 372 
348 159 131 
334 73 373 
403 202 273 
457 410 280 
204 386 95 
357 15 251 
400 234 256 
155 124 481 
297 253 62 
325 475 426 
375 476 467 
137 306 368 
275 399 273 
312 66 289 
244 418 149 
52 206 458 
219 248 288 
444 194 473 
326 359 368 
294 253 422 
233 411 295 
464 37 362 
202 181 330 
194 44 115 
176 434 161 
127 345 269 
211 458 318 
390 438 412 
179 314 132 
164 295 182 
436 296 494 
336 51 181 
232 326 184 
72 345 495 
473 464 44 
313 268 440 
130 364 484 
492 462 253 
53 488 250 
303 274 389 
417 203 232 
425 116 62 
117 110 128 
493 168 491 
85 241 133 
282 45 197 
165 426 353 
485 35 141 
277 269 43 
138 384 211 
471 98 486 
142 392 128 
305 367 107 
47 479 342 
229 236 230 
279 66 22 
335 100 86 
483 298 60 
50 348 346 
45 452 36 
269 405 321 
342 338 310 
65 441 258 
157 211 141 
491 338 88 
404 68 79 
126 211 143 
338 328 16 
40 341 403 
85 218 93 
37 103 444 
255 479 141 
318 288 7 
327 431 271 
255 403 67 
217 184 267 
150 216 495 
161 352 237 
226 281 220 
209 440 381 
416 331 126 
455 3 36 
445 439 477 
492 253 20 
84 117 93 
258 464 402 
446 358 178 
18 359 381 
442 483 13 
182 242 354 
475 316 448 
225 306 344 
132 37 107 
309 303 301 
203 86 128 
187 440 41 
276 150 481 
58 382 282 
108 479 461 
105 436 319 
354 22 466 
472 358 216 
373 54 36 
16 477 299 
357 404 147 
146 361 358 
271 296 125 
5 462 126 
454 86 436 
197 466 186 
349 168 396 
0 108 340 
407 395 220 
341 234 475 
39 360 154 
277 250 205 
421 184 288 
468 119 390 
396 105 216 
56 169 129 
380 203 56 
420 483 444 
44 445 330 
199 335 349 
148 461 289 
292 330 155 
402 165 248 
463 118 148 
364 274 332 
171 234 403 
493 39 83 
8 498 457 
193 159 156 
125 467 360 
73 30 468 
94 388 192 
89 347 259 
95 84 138 
348 109 226 
152 154 483 
333 99 114 
402 272 116 
282 69 163 
319 307 27 
82 165 175 
23 443 334 
446 83 136 
1 288 247 
443 289 448 
298 220 217 
105 447 293 
76 114 38 
26 256 197 
22 276 42 
81 360 348 
147 272 226 
321 205 336 
201 150 248 
338 84 379 
4 365 472 
135 381 405 
145 198 14 
36 292 225 
71 123 122 
395 302 366 
447 20 58 
49 21 242 
467 42 55 
375 9 440 
328 49 479 
367 474 273 
300 59 223 
180 418 68 
195 209 327 
295 18 315 
497 426 365 
38 181 153 
461 197 357 
252 452 327 
467 27 338 
4 115 42 
228 200 49 
179 459 346 
243 113 287 
83 174 337 
302 241 150 
136 365 243 
489 57 330 
179 494 183 
81 243 320 
402 69 363 
282 22 154 
219 133 112 
418 273 348 
397 497 374 
68 18 358 
41 373 394 
471 442 466 
408 288 416 
193 361 225 
258 286 274 
187 341 182 
439 410 299 
275 458 292 
309 59 219 
120 134 399 
310 294 123 
215 187 88 
335 295 387 
343 424 76 
107 329 477 
337 22 466 
103 38 273 
197 175 320 
407 245 257 
287 483 249 
487 204 488 
138 238 202 
451 259 179 
13 110 439 
202 227 178 
48 270 450 
47 227 305 
66 264 109 
327 472 68 
173 227 137 
285 79 174 
186 73 5 
315 296 182 
497 28 264 
387 224 156 
20 436 242 
263 369 297 
466 78 282 
476 425 391 
438 395 76 
245 347 217 
71 302 467 
456 181 402 
424 332 113 
296 19 17 
250 452 372 
63 364 455 
42 431 31 
96 103 93 
54 76 27 
336 141 448 
127 27 436 
224 20 242 
336 363 370 
258 119 167 
219 90 92 
255 84 269 
433 419 180 
497 426 241 
3 327 375 
365 295 218 
406 128 435 
71 198 286 
345 198 292 
462 154 62 
280 247 263 
482 348 340 
491 424 353 
246 120 412 
307 434 48 
338 429 206 
126 134 401 
316 137 81 
434 154 49 
181 175 310 
468 289 231 
46 424 163 
308 253 213 
458 133 364 
121 248 346 
379 365 414 
6 44 87 
348 344 174 
124 357 103 
3 445 226 
474 56 141 
47 253 331 
406 26 106 
176 358 149 
73 401 469 
212 491 131 
434 347 477 
93 310 386 
477 96 492 
459 337 490 
284 206 138 
232 323 92 
165 259 141 
145 296 402 
26 383 467 
178 305 365 
93 200 343 
238 180 259 
241 439 9 
203 190 27 
285 426 67 
356 157 138 
392 308 411 
496 120 268 
299 71 474 
338 190 374 
216 190 286 
300 336 233 
295 182 370 
469 152 434 
236 361 299 
359 194 369 
276 441 127 
220 232 300 
204 394 187 
450 20 49 
171 105 4 
424 76 383 
182 345 338 
444 433 116 
382 119 44 
201 402 137 
485 97 290 
19 12 158 
467 402 244 
180 32 284 
210 447 60 
7 254 146 
229 211 148 
111 314 451 
188 97 155 
408 365 251 
378 320 431 
191 309 250 
499 427 449 
387 110 121 
82 385 235 
34 393 229 
53 313 383 
159 389 269 
163 110 165 
184 139 390 
99 236 287 
357 244 335 
400 406 209 
308 81 46 
319 194 425 
53 499 309 
436 282 182 
256 199 218 
131 196 215 
298 396 312 
162 365 414 
50 382 383 
358 470 362 
349 128 407 
44 147 362 
182 312 480 
186 212 440 
6 225 124 
333 473 278 
393 280 74 
7 289 323 
424 486 38 
467 139 183 
460 97 221 
158 410 296 
54 397 222 
269 369 45 
98 310 394 
406 48 105 
84 316 426 
290 178 52 
225 64 441 
404 181 120 
416 232 48 
351 140 358 
319 356 408 
289 33 175 
414 450 281 
348 265 12 
289 387 486 
338 305 336 
18 299 165 
303 374 134 
405 332 214 
88 19 122 
48 76 100 
17 488 45 
348 429 133 
95 68 206 
267 195 162 
34 192 317 
172 474 311 
165 439 390 
488 158 439 
64 337 424 
180 304 193 
244 255 410 
10 214 491 
276 51 419 
255 158 264 
265 92 484 
327 144 45 
285 395 110 
115 323 166 
15 308 50 
197 444 312 
422 293 406 
10 176 199 
152 117 24 
51 182 6 
495 13 224 
3 208 0 
371 334 184 
353 354 420 
359 154 221 
366 222 447 
167 382 128 
258 339 243 
453 177 246 
326 334 422 
468 317 214 
465 157 482 
369 314 214 
41 436 54 
276 375 78 
358 248 19 
459 78 122 
431 166 205 
33 44 180 
11 198 251 
120 377 309 
88 161 360 
395 469 45 
12 17 493 
192 164 341 
235 16 135 
409 437 477 
55 101 278 
404 138 310 
388 94 98 
273 480 454 
294 333 39 
356 263 347 
201 198 373 
128 161 364 
222 333 481 
1 229 174 
258 88 301 
303 28 201 
357 385 398 
