1000
3
146 176 230 
232 441 494 
183 12 161 
234 359 248 
481 138 352 
209 55 63 
350 382 442 
389 8 351 
201 139 153 
296 31 215 
433 178 320 
234 70 429 
58 24 190 
265 298 171 
257 163 453 
414 392 206 
354 27 405 
112 214 318 
323 23 171 
293 426 10 
491 164 213 
309 181 312 
12 160 282 
437 161 101 
269 290 11 
208 298 110 
473 273 357 
181 237 140 
499 252 172 
236 246 70 
342 411 217 
200 272 167 
136 475 402 
307 425 53 
40 208 440 
366 470 179 
254 454 358 
451 160 238 
490 356 241 
299 74 247 
122 210 157 
476 325 313 
349 403 229 
87 120 296 
107 117 75 
43 171 172 
385 219 234 
219 145 30 
188 81 493 
246 403 76 
471 407 111 
39 342 102 
446 313 66 
194 464 227 
458 429 143 
379 99 406 
156 408 465 
218 85 123 
393 489 180 
103 290 319 
290 197 334 
369 22 427 
101 51 41 
79 178 195 
321 156 314 
411 326 189 
258 439 213 
497 365 218 
373 356 130 
133 488 224 
436 115 411 
188 143 196 
42 74 148 
316 174 331 
229 278 381 
150 91 354 
32 238 9 
396 33 20 
410 377 104 
497 384 173 
97 380 91 
211 263 88 
182 320 83 
37 412 265 
189 138 403 
152 400 180 
415 242 17 
34 60 9 
88 285 287 
397 291 410 
163 405 394 
286 101 404 
213 497 346 
462 350 368 
203 69 421 
62 104 428 
344 487 382 
31 188 17 
0 293 7 
239 233 343 
254 167 315 
302 187 227 
143 253 207 
171 105 301 
421 355 297 
54 35 425 
404 203 271 
383 189 133 
455 195 7 
404 189 99 
44 488 405 
220 148 472 
44 322 451 
81 27 183 
194 297 82 
21 437 323 
431 238 367 
48 68 483 
367 108 420 
145 231 279 
266 480 499 
350 331 49 
322 497 194 
208 429 484 
307 207 261 
115 477 227 
456 27 129 
309 37 163 
335 248 209 
147 248 161 
450 213 227 
415 302 346 
45 187 37 
55 452 105 
76 333 219 
357 78 419 
196 232 357 
196 337 318 
302 89 393 
337 407 28 
2 221 258 
42 142 280 
266 148 255 
293 233 482 
302 148 5 
50 281 252 
369 343 85 
10 281 496 
122 469 423 
281 312 16 
268 37 344 
332 25 355 
321 87 195 
151 429 494 
347 45 448 
54 220 21 
427 80 410 
249 103 314 
411 336 345 
3 138 488 
431 242 409 
280 124 46 
149 304 44 
447 88 193 
403 428 281 
464 483 251 
155 423 254 
249 21 205 
187 415 228 
180 118 394 
32 453 439 
294 409 363 
43 68 448 
4 445 217 
341 281 260 
99 472 468 
174 342 393 
57 378 436 
294 46 260 
115 204 440 
137 8 89 
308 458 478 
408 203 317 
76 180 71 
410 476 304 
482 313 233 
428 208 202 
336 52 137 
219 55 382 
316 74 159 
138 268 357 
288 394 442 
279 435 112 
304 33 36 
92 61 334 
117 30 217 
22 368 418 
473 293 409 
344 272 404 
40 35 192 
481 354 234 
0 263 106 
225 278 442 
69 174 470 
188 218 127 
139 434 120 
305 115 86 
314 112 441 
29 136 382 
318 430 354 
374 469 310 
190 77 184 
295 94 355 
105 243 323 
57 197 467 
28 47 1 
17 213 213 
10 203 209 
47 35 417 
446 198 438 
405 385 371 
56 375 20 
291 260 425 
281 481 222 
259 90 110 
421 419 225 
231 321 79 
387 158 419 
471 352 132 
233 230 207 
483 490 253 
449 23 268 
415 399 395 
231 225 321 
113 397 321 
165 280 169 
23 449 47 
370 232 299 
398 358 227 
127 229 59 
499 274 281 
53 242 114 
276 313 427 
177 457 83 
102 184 200 
327 138 465 
332 311 170 
53 366 233 
329 376 36 
375 435 102 
124 445 496 
288 197 194 
27 468 239 
472 109 83 
330 38 213 
1 355 424 
328 366 261 
261 275 139 
182 360 248 
143 46 134 
38 118 319 
112 261 57 
55 31 261 
396 217 72 
140 444 90 
121 246 468 
124 86 309 
247 157 29 
399 485 278 
383 292 12 
228 415 78 
313 276 384 
206 4 334 
462 384 369 
304 126 412 
329 152 61 
49 133 57 
415 369 345 
460 125 258 
242 354 380 
402 162 411 
257 413 69 
277 408 380 
410 411 168 
220 135 313 
225 262 278 
149 176 146 
28 160 351 
222 328 387 
314 359 466 
38 338 160 
54 194 78 
176 461 476 
164 250 399 
497 114 144 
314 33 373 
380 98 332 
223 468 62 
211 309 94 
124 174 24 
419 465 74 
150 385 344 
322 132 366 
165 123 396 
1 330 17 
366 133 406 
186 247 253 
218 386 482 
32 493 401 
245 72 360 
240 151 479 
195 194 102 
397 339 39 
137 121 433 
148 497 348 
292 218 297 
363 115 470 
242 66 490 
210 484 366 
411 389 48 
248 224 245 
211 17 309 
238 358 276 
452 312 255 
495 166 286 
243 367 236 
461 206 486 
142 139 227 
277 401 169 
339 29 403 
49 341 135 
30 250 312 
233 397 350 
385 115 487 
154 223 49 
442 428 129 
194 363 261 
15 238 30 
435 305 77 
444 106 454 
147 377 444 
484 160 288 
359 250 33 
57 346 319 
285 127 252 
417 207 135 
324 39 329 
169 251 359 
238 2 129 
285 198 483 
86 40 234 
226 78 302 
179 307 375 
277 59 332 
454 317 199 
261 458 277 
380 440 85 
237 73 74 
339 402 439 
224 392 137 
176 241 493 
187 19 136 
358 155 145 
390 259 12 
104 182 451 
162 11 61 
218 343 386 
305 11 489 
305 65 192 
479 265 476 
122 332 248 
123 446 301 
282 101 34 
33 268 150 
74 305 492 
35 443 46 
299 490 369 
351 199 242 
405 72 214 
71 330 11 
344 196 26 
43 57 469 
41 419 314 
367 161 59 
138 35 329 
290 410 308 
311 14 475 
217 98 421 
300 367 469 
116 346 367 
114 491 396 
481 39 260 
200 382 407 
34 13 440 
411 294 147 
468 31 68 
108 63 499 
169 81 66 
326 232 153 
29 90 212 
75 138 324 
69 340 264 
79 43 319 
51 324 248 
53 431 452 
112 165 298 
433 3 480 
438 260 160 
387 352 132 
162 181 14 
340 125 33 
332 319 314 
377 92 345 
231 152 83 
455 46 11 
144 184 229 
274 60 322 
308 339 56 
488 462 448 
336 66 129 
361 348 131 
118 494 429 
124 438 83 
425 53 476 
363 40 368 
479 346 124 
103 47 497 
348 115 489 
257 153 32 
52 412 185 
252 203 477 
314 39 411 
16 428 482 
265 329 459 
107 443 86 
184 353 81 
36 377 449 
305 35 104 
52 490 293 
305 277 229 
260 21 83 
358 197 476 
120 441 34 
234 353 247 
221 2 423 
259 303 171 
203 491 139 
473 498 392 
354 60 79 
493 469 104 
457 49 23 
358 482 495 
145 314 246 
268 384 238 
383 312 241 
267 468 25 
325 162 441 
309 444 255 
398 166 188 
10 251 293 
487 291 345 
357 441 188 
194 110 256 
357 45 434 
47 393 85 
387 86 84 
68 367 76 
129 32 106 
379 171 409 
47 425 11 
398 474 75 
389 166 144 
415 276 215 
483 371 299 
397 217 86 
355 26 298 
300 427 126 
408 209 68 
231 128 203 
297 427 45 
311 290 284 
175 135 333 
342 102 111 
198 248 262 
74 490 90 
437 221 299 
379 55 242 
203 354 474 
235 426 491 
129 82 249 
116 383 56 
473 427 322 
73 69 459 
80 299 46 
137 63 305 
69 237 489 
413 14 339 
228 9 208 
328 429 234 
176 451 130 
322 348 176 
290 331 149 
332 241 175 
488 312 62 
75 95 28 
317 220 232 
144 313 408 
164 88 223 
446 94 141 
493 430 45 
169 139 88 
76 255 200 
341 82 281 
245 303 23 
228 458 201 
342 370 342 
490 223 244 
174 305 88 
434 313 198 
309 435 471 
252 414 337 
140 299 91 
74 361 124 
207 62 398 
25 488 221 
74 275 22 
289 96 184 
470 329 263 
33 459 310 
114 368 498 
391 47 183 
295 424 109 
245 116 319 
151 130 305 
486 4 483 
137 257 474 
16 164 237 
369 234 154 
456 433 101 
269 223 230 
255 259 333 
355 84 348 
353 294 28 
499 403 273 
487 323 86 
79 27 460 
70 133 313 
256 229 95 
300 102 339 
287 262 157 
226 1 142 
390 249 442 
485 220 85 
171 285 100 
67 372 409 
230 69 79 
198 183 27 
347 281 334 
262 67 461 
321 67 125 
228 180 299 
491 478 370 
175 397 96 
424 288 255 
272 284 265 
66 54 406 
68 336 84 
433 96 257 
20 185 455 
258 306 121 
381 116 333 
142 433 300 
351 127 288 
310 96 239 
297 408 444 
57 462 27 
21 471 386 
230 405 139 
372 90 258 
121 321 494 
199 310 487 
487 323 422 
132 283 64 
310 322 177 
438 42 169 
325 39 353 
115 482 450 
448 96 180 
332 47 497 
227 60 16 
76 456 240 
482 150 2 
249 237 338 
190 194 333 
442 452 28 
181 335 245 
403 11 206 
467 162 70 
393 376 91 
83 78 315 
292 72 18 
447 368 278 
447 494 491 
27 132 407 
450 178 345 
422 236 163 
331 273 181 
199 217 251 
236 212 22 
356 144 417 
171 226 365 
138 198 381 
85 303 400 
383 430 423 
136 388 269 
219 345 408 
110 41 186 
321 489 389 
198 157 304 
27 443 297 
255 491 156 
9 108 161 
254 497 389 
48 251 456 
461 474 54 
199 322 402 
260 100 324 
107 48 482 
202 325 43 
449 63 447 
251 356 82 
228 261 363 
23 446 342 
462 77 17 
123 137 236 
356 125 293 
296 58 84 
126 200 44 
340 354 385 
140 43 396 
252 439 286 
191 155 312 
206 485 189 
89 35 470 
496 374 99 
106 415 212 
346 438 474 
400 94 128 
445 41 383 
301 127 108 
49 262 319 
44 457 15 
232 271 67 
230 334 177 
357 79 328 
291 109 372 
291 55 296 
142 73 474 
155 153 468 
134 485 73 
365 19 131 
33 424 346 
140 228 346 
194 484 331 
310 207 203 
302 415 60 
364 27 219 
52 384 337 
305 90 298 
286 7 347 
144 257 482 
160 363 303 
404 428 406 
205 216 420 
273 450 374 
171 321 396 
418 202 459 
270 127 285 
290 15 293 
90 306 241 
96 98 27 
81 24 87 
435 456 18 
139 216 344 
161 68 382 
126 189 304 
141 59 313 
151 88 209 
276 275 232 
292 91 176 
333 10 78 
390 156 48 
345 401 126 
267 86 299 
289 52 168 
80 475 64 
228 119 176 
252 84 37 
150 281 296 
493 349 423 
265 443 53 
104 478 237 
119 348 135 
60 156 220 
92 495 257 
236 426 55 
320 218 189 
40 212 399 
242 127 33 
297 486 237 
463 138 164 
43 264 19 
351 308 293 
19 498 450 
205 420 417 
176 70 58 
107 494 437 
104 318 358 
153 227 188 
33 384 205 
79 144 302 
291 195 453 
461 340 393 
423 94 98 
204 333 96 
386 408 106 
101 360 358 
39 495 469 
147 314 186 
478 214 420 
165 386 169 
57 387 319 
412 211 176 
46 108 457 
229 77 451 
227 415 427 
61 136 149 
35 197 328 
352 97 430 
292 136 63 
88 170 283 
11 67 390 
158 219 445 
271 424 129 
137 35 126 
489 412 123 
229 210 301 
83 239 252 
366 283 409 
53 457 379 
127 389 77 
229 362 385 
401 348 498 
229 23 408 
23 378 275 
17 438 156 
67 373 450 
263 127 327 
178 317 246 
130 159 320 
103 100 305 
82 18 120 
446 439 159 
134 388 490 
190 318 276 
280 358 290 
441 310 236 
498 394 155 
435 459 148 
463 117 332 
188 178 464 
122 417 328 
360 214 483 
433 318 226 
135 50 366 
497 47 468 
263 323 326 
341 166 116 
33 417 77 
64 457 6 
434 361 333 
180 33 7 
81 400 248 
366 189 496 
65 121 255 
401 146 361 
96 41 232 
112 242 348 
114 397 299 
206 150 230 
82 445 406 
154 283 10 
133 264 477 
174 265 193 
100 404 369 
122 490 14 
259 170 427 
356 379 148 
56 423 480 
220 376 37 
93 248 19 
310 489 373 
236 238 236 
144 90 323 
381 236 412 
331 120 26 
389 55 1 
173 196 472 
160 284 149 
53 48 341 
192 314 95 
271 323 368 
163 68 18 
318 407 465 
188 280 158 
300 489 31 
144 361 7 
35 328 109 
335 137 261 
151 148 287 
170 232 103 
46 194 319 
50 174 148 
154 75 322 
384 52 438 
316 38 292 
419 16 168 
370 413 313 
76 433 348 
44 468 238 
10 78 293 
181 278 184 
248 355 201 
230 139 215 
9 177 205 
345 352 114 
473 363 442 
389 365 350 
358 374 96 
199 211 380 
252 429 486 
440 158 145 
475 469 36 
88 360 82 
394 243 22 
371 294 275 
199 198 185 
383 371 278 
206 489 456 
355 169 471 
444 282 286 
440 401 330 
77 78 415 
136 26 353 
226 187 479 
398 200 81 
313 211 59 
483 268 188 
380 156 479 
186 19 254 
367 319 139 
305 365 106 
442 392 178 
78 450 425 
303 391 12 
217 2 448 
409 118 472 
72 107 171 
383 220 54 
18 380 362 
12 268 101 
229 308 129 
69 496 170 
126 324 316 
324 121 130 
262 117 308 
197 342 143 
227 494 107 
172 356 178 
304 337 157 
266 113 70 
105 293 23 
151 283 334 
205 357 336 
225 116 386 
427 235 338 
225 388 106 
439 169 367 
44 248 277 
40 405 397 
386 124 368 
319 166 177 
441 91 272 
118 205 422 
114 70 103 
30 442 116 
379 194 422 
17 222 303 
119 402 113 
274 459 353 
475 434 403 
159 226 154 
96 296 78 
356 224 138 
348 399 133 
415 186 259 
309 143 345 
375 337 67 
449 430 148 
405 121 95 
273 128 97 
139 98 347 
492 389 131 
302 200 470 
313 172 254 
467 287 85 
4 477 60 
256 477 168 
321 470 495 
0 34 87 
368 260 168 
445 407 4 
381 383 99 
102 68 266 
130 69 164 
472 336 76 
304 186 11 
286 109 332 
211 178 172 
489 147 305 
432 237 51 
80 399 260 
181 5 153 
295 130 430 
402 170 258 
102 358 193 
284 163 63 
64 289 141 
210 407 376 
133 214 82 
387 406 370 
78 240 113 
219 69 487 
399 107 32 
77 325 253 
168 330 255 
321 43 461 
207 245 45 
216 238 373 
379 431 285 
176 315 9 
425 128 190 
114 23 144 
356 380 308 
429 246 153 
6 214 149 
327 218 246 
126 139 418 
117 278 476 
85 164 470 
272 285 109 
377 69 0 
218 58 254 
316 161 408 
485 190 325 
424 261 170 
241 382 209 
38 258 103 
495 36 212 
271 135 194 
105 292 180 
357 266 53 
265 478 67 
269 446 166 
146 439 302 
88 342 458 
453 185 25 
337 199 111 
307 342 248 
243 457 408 
223 478 162 
432 329 3 
423 285 223 
31 473 492 
97 102 240 
71 419 62 
143 284 229 
154 115 331 
394 177 379 
274 138 421 
85 485 441 
339 94 430 
245 497 195 
450 216 112 
67 474 59 
463 319 262 
395 112 406 
347 322 302 
50 412 330 
481 48 319 
