1000
3
123 154 355 
89 232 148 
488 2 302 
385 17 293 
241 405 239 
352 220 57 
292 136 396 
333 122 377 
426 123 293 
99 96 86 
12 22 59 
199 190 149 
416 66 450 
31 339 371 
268 70 386 
111 499 357 
331 238 3 
237 143 68 
104 305 387 
129 257 392 
468 494 83 
417 255 14 
303 401 8 
329 391 11 
100 384 182 
93 315 498 
359 302 180 
424 378 386 
268 105 114 
347 53 36 
250 277 315 
86 177 209 
170 395 238 
346 367 169 
36 498 417 
53 307 81 
372 179 82 
468 9 246 
362 445 470 
205 213 229 
6 384 13 
390 332 378 
351 80 11 
311 127 112 
309 30 458 
29 166 94 
104 455 322 
359 81 233 
112 248 458 
174 126 455 
317 332 260 
90 228 414 
280 189 472 
309 28 133 
395 298 484 
320 304 346 
307 106 223 
367 181 384 
32 427 112 
299 442 154 
11 261 57 
297 261 433 
281 342 66 
149 342 136 
464 121 469 
389 413 138 
189 79 321 
237 254 356 
248 279 263 
160 493 206 
419 205 198 
350 243 159 
327 9 35 
418 423 33 
83 93 187 
432 453 333 
74 234 136 
391 142 408 
233 475 460 
228 206 310 
98 174 8 
55 134 106 
409 130 480 
471 331 257 
279 116 17 
117 480 322 
491 261 435 
231 90 6 
15 494 155 
276 216 371 
156 112 469 
258 249 3 
28 380 268 
314 423 194 
60 4 277 
343 300 314 
325 21 444 
398 27 436 
311 60 324 
203 347 322 
197 292 190 
218 113 422 
358 94 44 
261 396 123 
439 67 14 
107 269 471 
118 70 25 
71 163 256 
39 126 310 
290 45 484 
160 214 210 
78 372 201 
2 391 368 
375 357 322 
224 258 154 
373 293 37 
328 82 301 
8 176 452 
468 314 122 
150 301 434 
290 328 395 
431 248 39 
374 127 468 
100 414 75 
23 301 105 
222 259 241 
6 335 378 
265 370 236 
242 155 484 
45 445 62 
350 330 8 
424 30 303 
410 62 19 
438 267 242 
204 458 60 
235 403 326 
254 277 120 
337 30 420 
73 358 211 
276 378 161 
495 287 86 
217 33 387 
64 32 165 
354 481 484 
375 464 450 
244 185 464 
194 232 99 
180 403 374 
356 23 158 
247 7 400 
90 113 73 
309 369 235 
186 194 393 
146 180 68 
490 427 28 
459 53 172 
316 48 86 
235 137 323 
368 363 14 
318 16 417 
38 430 485 
170 91 72 
214 44 184 
452 154 470 
400 341 370 
386 198 318 
120 315 37 
339 166 184 
174 89 265 
475 41 484 
321 182 408 
287 45 280 
468 432 370 
20 241 113 
46 460 377 
255 215 62 
421 201 332 
236 319 425 
107 253 377 
351 68 236 
127 11 399 
109 153 50 
272 30 336 
260 202 428 
123 26 297 
248 366 127 
399 349 9 
293 399 12 
55 193 305 
92 186 171 
205 495 140 
245 326 38 
85 487 382 
285 468 490 
187 279 12 
186 72 477 
363 437 132 
129 242 273 
203 191 208 
433 64 471 
289 388 186 
299 31 320 
20 217 476 
271 373 8 
328 477 64 
352 422 365 
33 88 461 
285 192 104 
332 465 284 
444 371 387 
280 12 306 
267 345 14 
45 382 151 
14 442 465 
123 489 459 
248 135 461 
495 52 487 
224 496 326 
111 296 203 
2 416 292 
123 181 112 
118 61 11 
54 317 58 
164 104 305 
371 18 159 
25 329 312 
486 78 333 
211 151 111 
459 458 379 
308 3 311 
25 55 225 
289 101 429 
430 105 439 
127 184 154 
51 363 143 
25 74 335 
11 18 435 
409 6 204 
126 50 111 
256 102 136 
156 197 50 
264 149 456 
235 190 185 
136 70 306 
334 196 140 
495 303 34 
42 453 225 
100 434 171 
372 190 141 
80 299 71 
289 401 147 
55 335 472 
181 490 498 
427 139 56 
206 355 10 
214 230 333 
317 438 93 
172 218 247 
77 69 242 
318 468 467 
331 497 384 
229 26 350 
29 315 40 
299 129 198 
58 54 371 
17 356 140 
335 1 290 
145 390 216 
159 315 450 
434 407 22 
13 288 57 
372 123 194 
118 485 59 
304 496 363 
309 458 31 
325 162 202 
433 282 197 
155 467 281 
154 96 103 
428 70 349 
265 90 338 
462 142 457 
237 475 244 
268 249 8 
457 410 498 
423 270 50 
2 335 49 
44 189 439 
482 256 152 
265 495 489 
141 400 235 
44 274 34 
417 260 55 
260 342 236 
495 87 268 
304 424 281 
103 176 247 
295 27 177 
438 18 408 
422 328 94 
278 8 299 
51 41 94 
209 372 260 
177 317 169 
62 104 6 
12 109 44 
151 280 407 
407 145 435 
215 351 478 
283 342 2 
298 4 393 
144 239 0 
138 496 420 
391 203 472 
443 434 190 
341 101 164 
375 444 54 
317 316 388 
273 419 191 
24 67 118 
450 384 187 
11 384 32 
127 413 300 
245 437 53 
231 293 297 
232 219 366 
300 295 251 
450 378 158 
47 202 290 
210 108 125 
94 247 342 
65 126 386 
93 1 477 
28 438 166 
39 7 287 
416 10 85 
142 19 488 
72 0 92 
199 57 441 
366 24 70 
232 107 410 
306 4 216 
151 70 271 
432 285 407 
196 233 83 
336 188 116 
27 15 378 
305 496 344 
119 236 377 
109 444 339 
24 104 371 
4 113 71 
122 441 115 
363 260 175 
317 481 226 
149 475 82 
94 439 208 
349 286 107 
244 131 299 
211 395 242 
398 121 233 
127 248 193 
185 23 147 
325 324 461 
360 175 303 
462 492 107 
122 377 420 
72 97 3 
108 478 448 
40 49 37 
302 156 293 
17 79 361 
24 334 347 
176 414 203 
165 215 200 
240 396 151 
90 429 312 
459 478 342 
45 109 154 
341 109 208 
440 130 298 
244 391 150 
58 122 138 
271 23 176 
201 228 259 
293 408 198 
272 190 300 
335 442 234 
445 246 113 
203 150 288 
286 402 85 
302 163 460 
346 37 155 
332 27 155 
497 378 230 
119 279 269 
275 189 247 
189 26 352 
10 130 261 
264 269 170 
399 180 323 
283 111 253 
17 122 364 
149 277 201 
107 196 96 
434 123 97 
318 49 130 
321 101 322 
40 316 26 
145 61 356 
401 61 136 
428 9 287 
219 339 347 
5 304 146 
472 105 257 
220 81 312 
147 353 368 
146 496 201 
5 471 430 
227 362 189 
430 282 261 
4 359 141 
479 390 273 
91 314 129 
257 361 49 
98 353 309 
136 133 58 
147 379 119 
406 3 400 
319 445 215 
277 118 147 
122 144 227 
411 6 57 
51 27 71 
302 86 489 
226 142 434 
280 445 305 
123 132 408 
9 173 315 
105 198 43 
447 189 302 
266 497 8 
355 394 156 
387 339 111 
192 153 415 
496 139 63 
77 333 101 
498 236 300 
156 251 293 
132 264 197 
266 129 213 
443 276 3 
331 260 166 
353 338 197 
326 237 290 
466 424 324 
438 142 434 
184 157 106 
220 119 300 
97 283 195 
436 177 446 
7 431 472 
248 13 230 
121 5 28 
229 332 221 
326 430 447 
495 412 396 
403 295 367 
412 342 282 
240 347 57 
136 3 316 
462 344 175 
117 373 232 
42 473 125 
195 132 297 
402 356 250 
43 414 470 
178 140 281 
466 206 97 
354 118 431 
457 271 307 
255 243 332 
165 239 364 
241 231 403 
129 238 18 
392 365 13 
228 1 85 
44 142 429 
230 244 311 
60 89 206 
287 473 238 
424 292 253 
474 199 429 
90 150 349 
161 419 61 
438 320 320 
55 481 136 
330 133 325 
470 81 390 
17 60 342 
431 109 111 
348 46 299 
235 491 28 
343 295 104 
101 287 151 
200 38 471 
210 200 10 
413 216 454 
367 261 488 
466 427 183 
7 116 56 
205 0 346 
5 460 469 
473 246 144 
356 322 451 
166 468 491 
56 250 187 
340 203 325 
204 344 338 
243 62 129 
115 162 347 
473 243 437 
107 446 199 
232 181 137 
392 114 124 
250 257 143 
348 176 446 
175 61 265 
320 266 205 
417 367 45 
289 100 181 
123 20 50 
108 420 112 
208 324 451 
163 24 297 
276 135 98 
168 113 248 
358 368 438 
62 393 490 
123 486 33 
445 162 484 
389 113 174 
147 410 169 
408 67 448 
272 312 484 
245 257 460 
397 241 82 
457 326 406 
419 223 487 
346 293 496 
167 483 45 
481 325 187 
483 469 163 
423 4 95 
435 82 436 
251 295 474 
45 28 305 
7 229 125 
81 419 87 
458 423 235 
89 106 364 
440 250 359 
30 178 83 
271 404 410 
53 322 337 
386 70 401 
156 220 337 
321 313 84 
423 168 94 
366 379 187 
432 100 98 
5 354 336 
33 409 324 
326 174 117 
427 130 477 
25 489 277 
343 97 255 
415 16 332 
99 432 358 
151 382 271 
223 197 292 
109 56 83 
44 18 262 
101 219 24 
246 173 442 
41 423 376 
403 26 91 
463 33 302 
119 311 403 
335 313 265 
322 202 61 
138 260 106 
196 126 170 
227 0 492 
167 458 308 
174 231 200 
176 323 262 
477 110 28 
165 42 317 
95 215 366 
283 279 58 
86 262 316 
40 92 172 
122 301 495 
75 94 423 
82 460 81 
22 426 268 
114 135 254 
397 83 487 
130 119 452 
117 396 18 
488 104 144 
373 192 468 
85 169 302 
324 329 368 
71 41 59 
178 333 197 
20 98 389 
158 25 34 
169 392 127 
348 370 474 
317 485 332 
174 331 287 
127 207 163 
228 202 315 
450 495 455 
219 425 202 
403 270 438 
186 180 275 
442 326 413 
255 405 137 
405 110 253 
360 352 491 
308 311 395 
158 101 231 
451 319 386 
267 405 433 
208 357 62 
32 164 433 
498 490 454 
318 475 188 
240 161 116 
305 240 206 
471 347 31 
298 349 81 
23 135 20 
450 452 344 
103 481 168 
269 2 268 
5 399 481 
450 144 132 
460 27 331 
277 473 266 
342 417 290 
279 291 363 
493 24 10 
433 170 394 
241 71 444 
241 201 151 
300 460 473 
147 451 452 
128 14 339 
33 483 400 
286 14 32 
344 260 241 
105 276 370 
487 376 447 
76 207 365 
356 51 358 
104 224 47 
246 442 314 
321 128 34 
226 177 197 
43 491 265 
53 468 487 
441 260 233 
193 386 53 
283 347 486 
27 223 270 
1 400 260 
10 328 102 
178 239 132 
90 2 374 
421 391 392 
485 60 271 
376 486 386 
73 159 263 
476 243 237 
379 41 28 
160 454 67 
359 189 130 
250 202 326 
414 446 425 
396 192 256 
31 174 71 
116 424 339 
113 266 294 
146 109 431 
73 428 489 
324 101 32 
91 355 318 
407 301 286 
464 449 349 
332 95 297 
170 465 138 
204 117 13 
291 469 12 
74 286 346 
200 337 279 
487 268 376 
135 50 430 
342 35 258 
29 314 179 
408 301 290 
474 315 359 
300 95 419 
54 279 493 
367 403 161 
237 301 388 
212 396 343 
287 140 288 
207 338 336 
184 354 356 
365 204 283 
345 283 95 
24 462 214 
235 315 395 
178 290 191 
70 311 492 
229 296 10 
414 150 416 
280 98 270 
440 481 190 
136 381 20 
445 109 311 
497 349 207 
77 2 488 
167 259 374 
266 471 109 
357 21 326 
213 77 187 
461 126 61 
489 249 343 
305 460 447 
19 413 144 
347 399 11 
482 40 207 
256 180 244 
294 275 348 
394 444 291 
6 74 330 
306 499 325 
264 170 499 
37 356 343 
351 322 476 
144 453 349 
118 200 80 
483 471 377 
146 298 405 
344 398 408 
7 307 427 
179 415 177 
464 473 284 
440 238 241 
331 273 132 
239 310 136 
250 278 363 
94 24 249 
143 449 271 
252 112 207 
94 269 410 
15 171 329 
498 410 416 
89 377 66 
85 211 199 
5 101 390 
355 309 189 
87 91 267 
286 92 450 
470 166 375 
126 494 133 
249 41 147 
133 62 296 
477 372 109 
271 76 325 
464 192 201 
226 9 2 
188 137 352 
150 436 221 
422 264 251 
63 331 412 
267 334 144 
429 158 60 
103 132 221 
408 157 230 
39 492 75 
51 483 161 
381 394 288 
18 108 423 
146 66 378 
129 117 314 
179 313 212 
447 331 344 
72 1 371 
447 228 192 
274 418 391 
372 342 472 
240 216 247 
457 293 109 
456 246 151 
38 488 249 
474 416 404 
54 306 66 
29 471 158 
482 164 388 
260 440 407 
466 278 136 
474 374 460 
312 386 250 
380 357 495 
44 140 170 
36 260 29 
383 130 307 
477 160 465 
406 219 22 
87 285 247 
227 159 352 
378 225 266 
373 59 89 
310 385 312 
494 495 273 
261 81 267 
350 183 282 
236 206 413 
188 193 242 
87 69 484 
234 279 58 
156 475 303 
258 120 38 
393 103 371 
10 130 281 
446 196 133 
446 95 331 
271 490 383 
362 226 256 
361 461 11 
256 98 400 
213 161 105 
363 52 59 
277 69 114 
165 33 1 
145 116 332 
62 262 364 
342 95 174 
313 11 457 
112 282 79 
125 427 338 
434 202 286 
483 479 60 
465 488 348 
373 414 380 
469 74 86 
81 454 462 
487 296 103 
226 75 82 
135 15 219 
467 156 32 
125 15 416 
325 124 10 
40 343 71 
202 322 327 
297 232 205 
457 160 196 
260 297 391 
214 418 256 
50 85 64 
149 10 91 
461 192 363 
456 431 165 
332 332 250 
490 433 368 
159 22 406 
441 43 278 
99 199 270 
366 140 401 
283 149 196 
323 486 227 
431 474 169 
47 309 179 
324 301 265 
246 107 290 
7 106 298 
347 327 2 
450 273 32 
348 231 418 
268 246 162 
321 380 235 
288 60 176 
291 328 159 
190 239 270 
205 325 344 
373 251 218 
385 296 405 
86 329 298 
98 242 455 
348 28 72 
350 343 404 
295 129 31 
420 155 255 
454 214 318 
389 270 419 
51 37 283 
117 210 343 
485 417 428 
424 339 53 
293 366 148 
381 136 159 
295 46 40 
97 38 225 
166 390 19 
126 222 334 
152 220 31 
374 177 276 
133 222 204 
367 402 160 
169 394 246 
303 424 289 
48 33 161 
292 80 116 
494 452 10 
320 80 197 
209 407 192 
66 56 343 
440 273 185 
366 171 370 
102 496 193 
481 145 133 
16 294 128 
78 405 400 
249 317 159 
475 315 265 
483 117 428 
44 173 317 
499 4 350 
114 290 477 
395 346 141 
246 461 402 
41 96 260 
187 140 104 
59 175 46 
480 89 270 
313 436 254 
429 210 27 
227 192 233 
425 229 92 
235 65 207 
412 215 20 
311 213 86 
137 19 94 
292 124 7 
178 92 422 
327 352 352 
346 444 32 
467 86 488 
92 416 445 
160 476 196 
25 321 168 
451 243 302 
43 364 459 
70 115 148 
250 169 443 
205 101 286 
22 376 275 
329 108 428 
404 314 128 
181 170 63 
432 326 62 
457 465 155 
87 414 458 
144 6 380 
59 271 289 
390 87 377 
255 137 463 
104 427 221 
216 200 337 
130 1 388 
326 122 493 
116 359 64 
423 478 359 
272 87 426 
222 2 270 
411 363 297 
455 411 156 
93 76 198 
25 161 432 
48 194 187 
179 425 425 
81 344 87 
236 30 111 
99 245 382 
