1000
3
322 490 27 
458 473 168 
338 327 118 
222 443 312 
116 423 232 
80 268 60 
221 280 69 
156 298 398 
218 255 238 
144 194 123 
212 81 67 
110 439 125 
399 315 429 
210 51 103 
313 51 42 
312 237 393 
150 330 479 
213 456 86 
208 390 482 
196 48 332 
253 129 249 
142 328 215 
146 53 351 
305 359 325 
323 286 55 
125 178 141 
491 363 135 
367 246 414 
237 454 55 
80 481 462 
374 149 376 
50 283 398 
282 277 478 
54 100 143 
208 427 303 
279 103 401 
217 339 395 
113 491 383 
365 361 158 
195 390 372 
69 368 393 
457 443 10 
263 116 357 
260 228 9 
498 476 387 
370 310 175 
290 116 110 
217 224 253 
422 246 4 
361 95 421 
218 34 420 
446 182 194 
307 200 333 
422 80 220 
44 162 125 
69 429 384 
86 221 65 
496 106 112 
76 102 67 
384 327 43 
314 138 135 
98 230 413 
391 8 315 
9 28 130 
336 385 499 
111 266 6 
173 415 464 
97 58 420 
455 480 491 
7 100 434 
97 185 273 
248 56 424 
205 271 334 
154 327 272 
389 326 258 
4 111 475 
128 374 47 
489 80 311 
403 105 11 
124 350 221 
183 47 248 
379 235 12 
61 196 419 
414 465 420 
328 331 235 
112 467 300 
193 479 431 
126 433 195 
454 431 486 
438 438 158 
240 217 84 
238 343 387 
301 89 31 
214 145 428 
242 383 213 
452 487 385 
406 493 58 
25 16 30 
320 437 198 
417 161 140 
106 147 298 
321 153 361 
338 8 89 
420 249 153 
179 275 263 
374 138 279 
76 298 118 
243 432 349 
318 390 375 
259 143 198 
186 113 277 
110 220 274 
36 151 313 
443 129 121 
208 11 297 
410 198 78 
99 445 439 
261 6 398 
205 94 181 
5 379 77 
358 196 35 
328 442 485 
413 272 266 
105 480 466 
477 399 416 
238 214 18 
198 190 237 
78 191 439 
167 18 263 
116 369 307 
215 351 415 
493 79 386 
473 289 189 
375 51 429 
311 313 259 
319 348 303 
452 173 278 
375 319 10 
145 372 281 
204 16 32 
231 274 56 
313 269 252 
469 186 7 
269 378 107 
375 85 314 
475 121 273 
241 387 481 
76 360 207 
429 84 360 
459 23 51 
63 125 98 
32 381 263 
466 225 35 
149 355 238 
305 12 138 
84 1 44 
442 224 134 
296 165 384 
11 381 408 
461 333 150 
115 150 195 
147 98 133 
396 144 176 
320 144 310 
209 444 204 
49 31 230 
320 377 383 
217 127 391 
430 220 351 
98 147 224 
219 100 347 
239 346 91 
296 467 241 
134 452 190 
436 465 37 
230 303 412 
435 435 392 
217 38 156 
390 412 126 
64 363 212 
302 487 343 
296 288 222 
214 444 447 
147 41 303 
314 49 134 
227 256 125 
169 419 458 
307 371 104 
457 292 412 
110 75 136 
313 479 417 
443 93 192 
185 193 49 
123 195 32 
300 92 253 
167 24 351 
37 89 207 
244 403 74 
250 223 395 
154 392 251 
63 248 180 
386 373 427 
452 2 364 
305 198 183 
252 136 185 
413 279 63 
393 309 429 
317 88 489 
12 429 433 
349 269 366 
483 246 406 
413 384 249 
189 57 68 
367 23 111 
369 60 355 
396 248 470 
206 81 401 
282 166 206 
449 287 91 
151 469 127 
474 407 352 
178 26 10 
141 141 209 
58 163 31 
455 414 309 
147 35 96 
166 99 363 
9 324 6 
410 244 77 
470 477 411 
448 352 106 
378 425 409 
433 6 255 
29 178 133 
210 178 148 
138 104 80 
260 7 375 
120 281 124 
350 188 412 
338 493 314 
478 451 339 
29 253 386 
110 249 180 
499 134 453 
214 251 227 
176 230 111 
369 177 262 
362 154 377 
246 152 179 
224 53 389 
393 27 441 
343 23 340 
428 201 108 
387 127 100 
2 62 368 
116 70 313 
468 217 232 
244 214 409 
348 418 144 
423 451 482 
215 388 76 
233 419 365 
446 192 34 
432 386 475 
261 294 279 
127 473 140 
298 457 147 
409 417 113 
111 151 476 
234 304 4 
330 91 32 
61 182 164 
288 322 261 
51 271 262 
309 281 192 
139 65 237 
387 326 204 
3 407 233 
332 399 225 
5 151 31 
414 11 140 
295 172 142 
116 143 484 
287 25 437 
315 417 409 
373 42 1 
328 447 172 
487 327 141 
256 75 449 
354 397 306 
364 143 385 
480 25 461 
381 347 186 
244 83 207 
396 138 491 
434 385 239 
372 214 104 
370 127 370 
472 362 250 
78 316 339 
226 179 340 
212 491 111 
237 361 281 
17 375 305 
348 110 32 
443 126 265 
81 403 2 
188 365 481 
237 232 246 
493 344 2 
361 425 308 
108 258 76 
478 4 133 
343 23 60 
71 351 33 
468 496 376 
345 185 451 
85 451 330 
416 492 92 
413 434 203 
155 23 440 
177 372 53 
451 296 347 
228 295 388 
32 424 39 
19 124 305 
11 319 430 
383 436 396 
285 372 235 
112 427 448 
80 4 59 
133 361 62 
104 197 42 
432 421 398 
184 352 74 
16 255 155 
365 466 11 
386 295 50 
290 62 442 
263 295 108 
454 206 215 
228 179 113 
116 392 494 
73 488 208 
174 406 392 
130 63 393 
262 268 374 
477 302 25 
371 7 181 
25 195 9 
212 168 54 
95 467 411 
237 361 386 
248 286 260 
209 232 104 
416 36 290 
19 302 413 
422 357 280 
366 167 383 
90 360 491 
351 92 335 
361 22 442 
73 353 115 
303 489 317 
226 187 304 
340 0 252 
254 253 40 
404 367 481 
359 86 382 
468 413 106 
328 442 308 
215 406 483 
350 208 340 
418 402 242 
278 332 264 
78 121 367 
34 90 439 
382 220 87 
181 264 32 
215 478 201 
447 1 316 
243 456 146 
222 320 63 
109 150 122 
242 346 217 
272 183 372 
57 379 14 
23 480 349 
26 403 210 
293 44 267 
245 309 409 
456 65 478 
164 229 160 
343 211 480 
476 221 66 
344 495 293 
300 35 264 
378 27 206 
27 39 70 
7 83 91 
218 103 165 
249 321 98 
454 19 76 
448 250 413 
4 406 64 
66 84 382 
138 408 98 
128 477 70 
2 211 134 
187 293 388 
64 133 404 
177 369 120 
209 369 152 
18 351 108 
222 320 334 
271 86 19 
498 250 403 
16 257 42 
13 121 195 
18 59 6 
142 205 316 
209 424 427 
257 342 284 
86 303 146 
338 451 142 
387 435 390 
77 386 189 
167 371 134 
289 275 383 
12 206 359 
300 487 465 
107 411 161 
406 452 269 
420 115 240 
378 409 206 
123 176 455 
189 216 10 
12 309 288 
312 345 10 
171 24 71 
458 498 83 
359 399 490 
294 306 12 
8 65 397 
80 236 385 
238 76 251 
90 331 423 
212 364 41 
265 432 304 
281 121 124 
291 486 377 
328 290 348 
3 85 340 
28 108 207 
193 162 105 
250 73 216 
239 19 286 
464 42 360 
76 329 490 
248 241 87 
325 460 477 
317 413 83 
99 417 321 
401 262 491 
163 449 17 
34 142 277 
250 404 210 
31 111 345 
100 329 113 
496 376 233 
321 150 447 
360 297 244 
362 433 284 
148 373 174 
368 495 493 
82 97 146 
169 142 99 
67 312 439 
104 135 431 
290 60 458 
123 188 478 
79 197 11 
232 335 462 
389 8 385 
256 192 17 
188 318 295 
217 216 336 
137 56 55 
374 180 143 
144 195 177 
12 451 311 
247 110 149 
237 126 5 
10 140 35 
11 252 305 
314 470 366 
5 475 69 
419 98 453 
35 413 124 
65 287 267 
330 447 334 
147 143 128 
83 124 295 
421 157 64 
215 487 96 
270 404 420 
394 296 108 
210 85 488 
16 415 465 
469 221 241 
140 57 346 
204 374 353 
100 386 383 
69 353 435 
404 75 312 
206 357 334 
245 408 414 
372 361 496 
425 369 308 
151 228 259 
175 454 173 
448 450 435 
391 159 78 
389 305 31 
477 317 52 
453 290 298 
201 405 49 
408 113 24 
385 253 57 
402 384 304 
160 475 188 
60 396 192 
18 257 353 
399 65 214 
488 107 350 
226 96 291 
79 85 24 
58 179 112 
24 138 347 
382 458 62 
51 447 480 
152 469 65 
40 60 463 
245 425 295 
232 195 370 
228 24 256 
6 209 393 
486 278 98 
71 358 238 
316 273 385 
494 373 426 
179 469 200 
301 110 1 
276 28 312 
343 481 249 
498 362 295 
220 157 115 
343 265 429 
422 476 58 
332 188 147 
425 276 114 
336 356 22 
7 386 262 
472 243 429 
393 154 278 
378 450 302 
376 271 165 
325 494 21 
183 230 442 
420 447 282 
253 415 372 
418 55 322 
449 254 248 
425 182 62 
250 390 447 
74 422 454 
195 451 76 
216 283 333 
475 303 203 
198 245 483 
406 385 242 
272 89 371 
367 431 469 
195 39 254 
238 304 498 
67 217 474 
136 157 30 
221 141 339 
387 477 207 
485 488 299 
311 388 47 
245 494 210 
134 195 283 
224 133 82 
438 214 82 
42 271 277 
491 175 112 
319 322 344 
297 151 196 
373 314 487 
232 463 132 
244 167 126 
62 269 205 
106 308 413 
124 179 337 
491 470 492 
405 243 317 
364 321 3 
410 60 443 
68 290 160 
35 444 445 
237 160 18 
297 75 402 
473 391 73 
12 20 102 
246 213 274 
301 115 412 
458 304 359 
464 51 143 
130 423 319 
313 163 119 
482 371 229 
232 470 337 
133 365 333 
488 190 305 
411 451 334 
446 199 436 
233 144 337 
411 409 496 
342 104 149 
433 464 370 
362 305 299 
180 167 54 
145 316 376 
275 139 408 
71 213 434 
148 440 71 
378 255 76 
189 217 374 
301 490 15 
287 492 213 
53 80 300 
190 329 238 
423 79 374 
285 7 121 
217 162 327 
366 228 128 
335 176 406 
50 211 435 
257 85 364 
333 80 362 
178 491 164 
455 178 53 
170 390 213 
271 342 140 
211 295 113 
435 122 226 
57 128 17 
358 453 12 
458 350 389 
141 174 466 
231 194 180 
395 161 215 
119 399 75 
40 226 482 
216 409 331 
0 461 379 
4 175 398 
114 311 413 
30 499 85 
3 154 401 
2 105 157 
43 59 81 
35 349 328 
332 28 32 
313 56 468 
337 145 213 
370 442 10 
47 402 304 
364 72 160 
297 444 204 
63 34 381 
445 386 157 
380 126 330 
428 309 419 
429 225 146 
190 135 287 
106 289 240 
88 251 76 
174 213 482 
400 101 355 
484 154 16 
346 183 410 
154 483 301 
76 347 56 
493 152 242 
333 217 482 
412 367 101 
253 347 84 
34 177 161 
330 362 28 
419 440 403 
98 210 455 
3 29 393 
491 488 120 
261 482 322 
8 287 246 
430 41 80 
302 220 364 
367 479 449 
286 63 397 
119 221 499 
334 75 182 
265 464 226 
58 367 255 
76 26 193 
397 321 379 
123 217 241 
316 466 59 
228 107 164 
461 479 322 
321 60 142 
74 217 63 
479 479 7 
202 60 120 
40 139 253 
86 246 29 
457 476 172 
85 299 349 
351 226 260 
49 461 90 
364 255 338 
99 67 80 
413 228 31 
414 111 340 
456 207 35 
261 327 277 
160 146 420 
87 0 324 
223 302 298 
347 229 475 
336 173 157 
184 159 304 
370 86 295 
257 244 349 
122 458 131 
48 442 247 
71 237 328 
297 395 29 
125 200 441 
393 315 359 
127 296 183 
15 188 153 
139 189 174 
233 303 101 
368 382 90 
196 249 427 
391 6 367 
207 401 145 
301 134 293 
370 405 20 
335 281 462 
385 176 344 
235 482 86 
73 471 413 
93 330 21 
143 287 202 
333 315 188 
66 45 340 
60 358 215 
321 21 257 
475 125 73 
249 445 278 
173 336 37 
51 269 209 
431 113 17 
138 197 458 
339 409 252 
217 471 331 
104 262 188 
297 345 191 
113 491 275 
230 229 28 
237 353 179 
151 422 212 
151 247 152 
489 110 222 
158 213 149 
476 77 288 
317 408 220 
259 485 437 
50 123 341 
70 218 377 
236 248 461 
389 310 416 
322 488 273 
77 195 26 
42 13 427 
142 6 284 
166 37 134 
3 109 425 
64 206 67 
46 257 371 
110 56 213 
315 186 84 
250 76 413 
145 322 207 
187 460 67 
425 177 388 
112 464 169 
263 234 286 
464 126 16 
148 316 83 
257 306 265 
446 141 261 
44 167 127 
243 128 135 
498 479 389 
50 446 420 
450 170 295 
480 118 99 
53 73 487 
424 114 260 
316 203 185 
375 450 414 
331 208 150 
305 61 209 
401 468 366 
171 77 264 
199 223 271 
70 421 80 
182 304 159 
130 468 113 
241 41 60 
245 132 281 
193 326 136 
178 441 466 
448 53 498 
117 257 270 
50 15 250 
466 73 91 
405 168 437 
183 499 91 
246 32 50 
479 400 210 
40 385 170 
113 175 463 
365 383 212 
25 402 98 
200 101 53 
343 95 28 
379 476 324 
85 443 108 
271 258 161 
76 291 251 
315 370 379 
367 410 326 
116 341 101 
352 180 459 
397 267 158 
74 113 467 
302 467 457 
83 364 250 
203 50 361 
392 453 239 
247 36 422 
140 195 23 
319 307 236 
498 470 44 
450 267 475 
4 296 119 
408 288 55 
261 59 115 
389 440 430 
481 191 116 
438 448 307 
274 157 128 
282 293 179 
423 454 57 
72 8 112 
79 117 369 
497 15 228 
233 10 79 
93 360 126 
461 323 22 
367 137 489 
438 362 221 
383 387 261 
252 421 278 
374 262 226 
419 63 241 
341 147 409 
183 233 427 
159 304 88 
290 379 147 
375 125 130 
278 493 19 
185 298 493 
305 140 485 
205 344 41 
146 89 42 
343 459 61 
340 5 46 
217 297 449 
266 123 69 
73 26 190 
337 313 312 
209 218 190 
440 431 329 
495 476 43 
209 347 232 
49 69 332 
275 276 169 
108 180 426 
4 5 247 
461 165 451 
140 144 46 
366 11 15 
287 420 243 
300 408 158 
493 424 305 
7 116 189 
426 258 317 
386 39 178 
1 272 104 
124 292 208 
18 109 199 
60 437 258 
114 134 218 
256 55 397 
241 337 323 
370 140 41 
210 198 24 
337 391 439 
20 176 330 
340 87 404 
385 107 480 
56 334 410 
54 212 39 
463 78 477 
269 177 100 
208 151 115 
270 321 87 
344 237 225 
87 199 329 
89 402 334 
104 250 386 
107 199 231 
225 236 464 
394 16 140 
157 108 208 
466 483 102 
157 94 423 
476 338 230 
373 178 338 
355 411 170 
201 474 165 
378 378 30 
255 463 97 
460 256 267 
290 435 222 
160 104 317 
195 5 237 
19 159 398 
311 433 249 
95 248 82 
272 242 331 
367 274 432 
442 14 484 
235 169 443 
169 10 209 
62 405 469 
338 441 151 
327 151 14 
442 478 179 
28 389 478 
345 415 22 
238 285 350 
488 144 374 
437 422 336 
333 96 24 
205 296 151 
182 452 209 
180 92 142 
346 123 432 
280 493 57 
264 377 484 
164 99 173 
470 6 7 
326 70 437 
437 225 194 
404 116 274 
425 473 89 
156 269 91 
473 248 211 
402 5 496 
349 321 434 
114 266 36 
377 315 99 
228 494 386 
