1000
3
420 76 318 
239 136 23 
336 359 334 
0 370 333 
51 203 317 
470 407 54 
255 234 240 
88 40 189 
178 422 445 
337 175 51 
26 202 287 
342 168 371 
360 271 232 
361 277 287 
331 494 489 
253 348 298 
295 173 495 
198 241 217 
348 39 181 
491 404 383 
436 301 351 
431 214 220 
256 496 303 
44 417 36 
298 107 372 
317 243 197 
476 66 90 
383 464 202 
350 415 411 
157 256 495 
480 89 127 
92 468 6 
26 235 434 
451 57 246 
207 25 240 
28 33 236 
128 282 242 
332 484 467 
489 265 73 
393 33 170 
46 58 362 
248 20 194 
481 373 418 
85 132 312 
233 89 343 
28 19 442 
233 252 146 
18 459 394 
148 365 388 
76 273 362 
90 332 88 
357 369 324 
403 91 123 
102 363 280 
356 162 177 
68 371 390 
364 170 409 
239 355 51 
234 70 26 
398 418 154 
89 297 315 
306 205 43 
42 139 484 
97 252 499 
328 336 102 
482 399 76 
77 193 18 
103 204 29 
292 422 319 
334 187 229 
38 492 210 
379 499 288 
41 28 197 
296 339 230 
94 206 281 
439 104 383 
469 253 239 
419 122 197 
263 53 138 
287 14 488 
222 354 14 
270 325 64 
90 358 497 
472 105 81 
283 3 347 
65 435 275 
35 353 121 
403 143 426 
187 117 486 
132 219 365 
176 394 23 
162 471 83 
300 75 300 
348 41 300 
439 386 346 
136 297 102 
369 423 474 
38 232 369 
416 35 81 
262 328 85 
472 473 203 
242 367 128 
16 359 396 
402 401 34 
423 455 283 
324 86 213 
35 51 116 
364 87 391 
494 292 27 
491 405 60 
418 253 329 
19 429 154 
241 436 410 
83 185 99 
349 384 181 
277 112 71 
241 65 294 
350 11 260 
3 135 323 
381 238 316 
246 51 32 
7 469 379 
24 457 410 
30 77 467 
375 395 20 
442 187 83 
251 74 361 
62 188 234 
46 349 394 
284 63 393 
447 316 253 
456 49 392 
2 201 214 
378 165 91 
228 410 174 
9 351 212 
371 456 424 
362 315 474 
402 90 62 
51 439 218 
70 311 68 
298 457 54 
402 275 155 
32 118 107 
55 146 168 
372 170 219 
33 274 172 
60 358 474 
99 321 417 
184 234 332 
471 442 184 
249 491 257 
246 13 447 
129 135 469 
477 79 59 
199 133 443 
46 191 38 
8 179 383 
226 158 193 
77 360 19 
219 262 273 
323 100 468 
359 231 201 
398 363 154 
172 388 429 
77 185 198 
162 184 316 
214 294 106 
70 226 24 
176 45 492 
383 75 92 
108 82 174 
20 480 48 
459 226 200 
295 105 368 
289 472 415 
70 20 176 
221 34 492 
297 64 389 
472 103 253 
135 211 54 
184 481 107 
186 163 434 
137 383 364 
339 383 407 
298 368 336 
340 424 145 
52 63 230 
386 184 395 
443 15 177 
440 96 75 
434 493 149 
347 353 169 
417 119 431 
430 144 470 
211 438 22 
357 192 107 
324 51 478 
26 462 306 
16 417 105 
24 129 351 
358 48 49 
321 24 177 
308 458 108 
284 69 263 
282 147 349 
269 273 217 
18 352 255 
282 15 206 
290 307 238 
394 339 141 
445 499 454 
8 428 481 
444 200 459 
130 377 347 
116 129 358 
413 464 187 
306 121 58 
160 93 177 
458 243 374 
213 87 354 
49 137 100 
37 194 137 
486 392 437 
271 211 292 
440 117 352 
31 303 12 
32 18 401 
425 332 77 
466 370 423 
372 313 188 
263 301 180 
304 499 316 
58 313 388 
444 455 447 
431 189 240 
338 400 300 
375 373 237 
248 112 492 
475 105 166 
1 398 22 
495 212 13 
3 358 451 
68 306 487 
182 294 16 
306 303 19 
293 470 394 
430 337 149 
247 16 17 
52 440 276 
350 353 6 
248 365 209 
369 203 284 
273 302 301 
485 168 37 
195 141 458 
311 43 447 
245 292 120 
215 121 150 
400 106 179 
344 27 454 
155 486 416 
352 190 27 
79 125 175 
475 469 409 
34 158 129 
489 483 260 
228 317 206 
46 295 415 
219 367 154 
135 425 275 
256 144 320 
217 379 40 
415 421 393 
40 302 317 
433 327 309 
449 86 350 
21 209 325 
68 308 219 
83 404 199 
438 320 320 
409 99 127 
4 152 442 
223 136 164 
245 187 51 
88 469 476 
243 320 398 
303 42 145 
214 394 327 
96 390 183 
289 377 377 
44 476 104 
94 423 410 
259 345 142 
62 400 173 
220 113 191 
77 382 13 
399 33 360 
247 93 440 
187 212 221 
492 369 388 
97 327 265 
488 334 397 
497 255 473 
379 71 268 
332 214 67 
342 357 288 
187 0 159 
33 24 52 
446 462 129 
423 480 486 
239 161 203 
373 132 23 
225 8 5 
169 491 103 
2 162 343 
385 125 146 
344 459 80 
97 152 8 
336 41 280 
129 175 194 
60 74 5 
154 135 305 
343 66 388 
375 459 186 
295 121 460 
369 401 260 
201 206 498 
325 476 231 
201 277 437 
307 203 372 
214 467 398 
465 237 373 
417 2 360 
141 1 490 
158 417 22 
402 76 165 
284 448 297 
472 277 487 
75 311 323 
355 56 168 
432 352 476 
95 302 207 
390 96 142 
293 79 204 
280 209 496 
298 128 489 
386 362 329 
49 155 238 
280 120 113 
325 77 243 
388 38 133 
164 155 77 
275 328 427 
385 140 245 
94 190 6 
492 287 353 
54 283 95 
423 218 331 
152 243 126 
148 391 321 
432 398 243 
12 423 288 
198 446 109 
496 489 479 
484 147 119 
100 459 367 
271 155 226 
175 134 269 
223 337 420 
111 185 32 
292 42 135 
262 351 254 
39 433 70 
249 345 38 
168 122 194 
198 245 313 
142 441 458 
206 414 457 
191 367 424 
213 343 250 
216 219 376 
296 191 264 
90 312 175 
82 58 256 
423 132 143 
450 15 38 
193 498 451 
476 262 8 
176 270 162 
106 363 366 
84 45 439 
178 20 369 
379 260 308 
58 341 292 
178 217 370 
145 355 304 
101 120 426 
471 188 426 
104 284 201 
377 444 270 
23 51 213 
66 390 424 
35 91 400 
293 191 320 
411 170 218 
76 71 148 
185 230 425 
79 344 223 
250 104 152 
222 446 95 
148 274 450 
74 40 115 
89 129 21 
179 358 361 
1 103 291 
328 210 239 
33 402 294 
230 444 360 
195 495 439 
15 114 122 
30 491 490 
120 192 481 
93 447 347 
154 254 44 
404 471 211 
182 443 407 
415 112 32 
228 117 247 
424 414 155 
311 87 101 
438 460 44 
70 363 157 
334 321 178 
254 2 118 
307 463 482 
338 137 85 
361 422 472 
491 386 424 
129 437 447 
317 185 410 
89 227 151 
325 250 43 
189 408 460 
226 121 204 
209 474 463 
332 49 452 
439 356 15 
482 270 145 
80 171 413 
296 415 334 
164 53 382 
253 54 288 
34 254 242 
99 241 428 
332 233 36 
265 198 314 
205 87 220 
19 395 178 
424 238 369 
69 390 249 
18 341 433 
312 389 418 
275 276 130 
4 262 70 
361 103 60 
378 119 219 
69 338 285 
433 422 138 
264 162 30 
30 367 30 
164 262 90 
344 166 270 
103 248 453 
235 429 248 
127 31 137 
127 180 229 
2 457 367 
428 49 312 
31 210 321 
415 324 192 
170 474 126 
17 241 421 
417 400 208 
430 290 396 
90 142 131 
120 289 272 
55 24 190 
159 16 235 
35 93 256 
94 328 328 
466 197 331 
360 54 397 
341 340 46 
214 39 159 
296 80 435 
315 266 310 
168 369 480 
298 105 403 
348 316 56 
212 368 461 
128 222 437 
396 89 414 
254 294 244 
360 479 147 
404 201 484 
253 407 187 
238 92 267 
360 164 231 
484 27 28 
87 414 493 
44 305 489 
360 240 359 
373 126 187 
68 85 257 
54 424 424 
430 18 29 
358 348 229 
187 349 455 
91 355 491 
391 95 191 
9 195 229 
406 46 474 
296 283 111 
362 360 395 
183 340 422 
153 82 335 
301 270 236 
12 354 59 
159 336 200 
267 470 218 
249 493 100 
396 161 394 
9 29 267 
399 438 128 
235 308 180 
428 428 457 
299 389 291 
174 76 167 
333 211 288 
17 325 125 
162 404 14 
389 444 151 
260 298 261 
324 135 121 
294 321 402 
453 267 121 
162 229 31 
246 18 72 
28 40 367 
12 289 11 
180 475 201 
434 459 370 
52 231 28 
479 190 268 
464 454 100 
173 386 88 
192 496 230 
417 109 207 
359 357 179 
215 491 169 
93 26 58 
204 344 171 
107 133 145 
222 207 376 
8 376 188 
393 24 412 
459 304 175 
32 359 192 
38 299 421 
275 29 337 
329 32 417 
386 391 8 
476 55 187 
177 115 202 
262 225 239 
89 85 71 
181 90 373 
101 187 358 
350 155 121 
32 490 143 
358 333 397 
427 473 343 
198 219 227 
343 217 44 
89 312 61 
66 311 110 
182 424 372 
31 367 456 
54 41 130 
9 379 473 
424 42 182 
44 212 254 
331 385 168 
173 494 118 
415 411 415 
461 428 183 
56 323 499 
172 360 75 
242 155 7 
198 111 128 
223 182 116 
167 69 221 
357 283 374 
456 269 183 
10 221 104 
465 262 39 
310 224 18 
85 161 286 
226 54 150 
412 62 128 
317 382 197 
82 122 462 
339 412 484 
419 352 115 
289 216 161 
3 445 472 
86 303 148 
458 21 219 
203 474 465 
415 7 73 
55 195 353 
327 351 391 
73 75 161 
146 54 337 
241 260 260 
475 165 73 
465 297 230 
148 174 320 
45 225 421 
246 422 80 
125 260 146 
420 270 100 
59 19 119 
222 345 386 
134 311 395 
133 217 430 
448 294 296 
368 246 312 
96 78 455 
4 8 192 
208 183 203 
268 187 54 
220 53 17 
91 122 396 
40 177 496 
174 147 308 
234 56 312 
162 382 260 
71 58 233 
48 145 16 
190 149 456 
109 6 377 
298 297 83 
10 466 343 
263 163 66 
226 272 74 
59 231 81 
214 375 438 
336 461 493 
85 75 130 
284 307 142 
132 353 319 
46 280 420 
422 304 78 
413 227 489 
17 443 418 
463 254 223 
171 242 294 
247 5 469 
345 439 243 
432 192 176 
107 149 94 
384 55 191 
431 15 1 
314 302 239 
47 258 277 
64 319 392 
235 258 320 
187 410 459 
284 9 58 
206 346 277 
367 274 452 
261 159 277 
498 280 152 
400 40 165 
37 356 59 
440 23 427 
64 71 420 
5 422 226 
92 198 426 
48 293 209 
100 177 157 
348 25 284 
382 211 296 
482 114 279 
466 46 76 
303 83 168 
139 241 370 
329 494 127 
249 268 182 
254 211 491 
361 65 87 
154 256 275 
90 169 176 
50 300 101 
261 496 208 
4 475 232 
358 438 146 
199 259 9 
61 449 265 
489 339 290 
376 213 239 
361 160 430 
59 368 412 
329 425 315 
276 105 81 
52 200 315 
185 440 190 
298 382 79 
91 11 369 
294 213 489 
188 38 140 
334 347 386 
231 386 410 
429 286 62 
60 142 403 
181 14 333 
34 447 3 
47 186 371 
481 250 89 
107 405 395 
135 127 471 
250 76 387 
313 363 332 
274 82 248 
413 199 218 
314 68 255 
397 260 444 
317 413 204 
397 278 98 
277 213 486 
210 355 193 
401 417 25 
155 115 344 
53 79 189 
425 127 120 
16 318 64 
309 325 96 
202 337 252 
135 360 204 
263 117 402 
52 15 95 
463 361 89 
391 365 9 
114 288 228 
88 272 41 
40 279 402 
374 367 256 
28 93 281 
278 100 236 
402 487 70 
338 255 209 
198 25 263 
189 183 456 
117 167 288 
79 290 202 
256 76 261 
483 408 256 
156 70 56 
251 34 277 
470 96 358 
43 266 469 
167 324 295 
460 398 346 
109 100 369 
184 426 383 
162 175 330 
268 112 447 
302 416 102 
267 408 162 
50 346 393 
381 126 362 
77 195 121 
422 191 415 
236 388 369 
91 257 421 
163 233 10 
417 125 224 
47 232 188 
195 298 12 
5 202 287 
472 65 305 
103 228 345 
31 115 466 
461 375 118 
499 116 253 
105 453 179 
472 99 186 
408 408 60 
153 203 489 
359 287 19 
420 459 399 
286 320 212 
235 322 124 
495 317 6 
124 272 23 
462 191 93 
184 135 161 
464 300 322 
1 394 138 
110 322 74 
104 326 58 
328 407 461 
152 499 374 
90 48 215 
358 64 41 
57 240 175 
264 497 447 
338 60 281 
240 168 457 
160 240 85 
237 86 409 
30 26 460 
198 73 395 
204 233 188 
498 358 82 
465 299 230 
158 43 455 
161 281 392 
328 415 38 
30 130 420 
126 437 135 
364 17 402 
55 54 329 
334 97 100 
287 83 283 
432 232 144 
134 182 49 
325 422 41 
131 133 82 
470 230 315 
347 105 101 
421 371 55 
231 135 489 
173 266 105 
480 82 390 
112 457 492 
108 342 222 
313 332 98 
4 130 256 
158 446 413 
216 313 144 
131 344 197 
319 128 277 
233 488 303 
124 281 338 
3 184 290 
10 476 431 
146 110 453 
261 202 86 
154 5 322 
235 241 328 
362 217 277 
159 29 433 
491 33 492 
488 315 24 
66 103 347 
442 359 488 
159 216 24 
182 335 414 
360 158 398 
468 333 490 
101 250 227 
378 165 427 
14 409 323 
145 231 134 
244 293 192 
369 293 124 
141 121 437 
64 40 363 
226 236 238 
177 170 128 
223 158 70 
257 399 360 
258 340 367 
292 200 283 
468 20 240 
127 100 214 
477 99 341 
48 122 402 
95 445 131 
475 166 200 
19 250 265 
461 443 291 
344 253 204 
100 388 190 
155 488 21 
4 170 455 
341 34 196 
289 303 82 
114 494 327 
472 181 423 
273 438 391 
113 6 201 
217 422 80 
75 295 261 
317 274 380 
52 47 137 
494 461 407 
82 194 242 
59 21 237 
53 235 395 
334 60 114 
187 323 326 
103 222 380 
136 300 113 
135 207 295 
298 494 239 
113 91 352 
143 282 6 
358 460 284 
462 7 170 
224 231 402 
406 23 103 
496 155 438 
165 22 207 
324 31 464 
349 341 391 
330 197 73 
322 268 207 
251 454 389 
402 100 162 
304 58 180 
228 314 145 
50 35 168 
475 57 494 
22 156 348 
218 134 395 
52 180 75 
298 181 447 
365 485 265 
269 374 459 
333 280 384 
236 134 109 
277 145 72 
441 152 463 
311 49 22 
483 271 56 
113 146 202 
287 26 41 
162 260 89 
372 177 160 
6 405 255 
384 91 252 
186 367 392 
81 249 95 
89 242 117 
109 374 88 
22 54 65 
361 385 433 
198 256 407 
251 67 468 
161 162 184 
450 212 94 
353 387 477 
222 311 403 
53 144 129 
465 314 427 
123 475 257 
173 70 44 
440 149 160 
289 474 15 
347 470 191 
205 261 432 
198 226 398 
352 369 37 
49 269 75 
476 166 331 
42 382 465 
232 168 120 
477 116 272 
28 463 182 
85 328 446 
413 402 246 
284 13 186 
225 438 456 
77 257 495 
53 220 335 
115 4 73 
200 287 498 
202 403 188 
37 368 330 
92 33 209 
50 358 78 
11 0 86 
254 216 57 
166 22 198 
353 308 389 
140 89 151 
