1000
3
134 466 84 
184 115 482 
440 294 347 
377 389 274 
365 348 137 
361 462 178 
338 352 389 
264 363 93 
183 426 459 
425 95 276 
125 67 386 
495 125 331 
299 248 497 
18 459 11 
212 17 491 
266 164 161 
339 137 14 
312 168 230 
8 99 153 
81 307 402 
168 198 491 
174 76 8 
133 158 194 
186 192 367 
469 89 459 
385 63 385 
498 75 67 
337 180 396 
97 65 334 
145 345 119 
119 75 332 
283 375 425 
280 292 281 
191 90 292 
405 481 227 
36 204 131 
264 201 217 
363 387 367 
416 398 340 
11 348 433 
41 92 429 
80 71 203 
277 152 397 
109 362 300 
342 19 286 
121 403 176 
1 488 83 
234 95 267 
4 26 54 
416 131 108 
0 150 271 
368 275 416 
342 78 300 
208 365 341 
183 39 15 
318 297 167 
390 165 56 
222 367 336 
261 364 392 
496 6 233 
327 382 3 
350 65 287 
140 409 40 
341 142 212 
263 469 367 
74 436 465 
162 414 372 
142 104 439 
260 384 390 
1 396 31 
169 464 46 
155 128 41 
476 376 56 
266 206 323 
348 241 50 
260 33 55 
30 284 270 
415 102 5 
138 149 419 
401 163 339 
160 328 1 
135 87 138 
201 92 484 
376 455 379 
215 148 233 
371 179 468 
254 112 324 
392 9 481 
237 488 480 
222 367 492 
432 373 480 
231 460 64 
339 299 406 
47 13 63 
118 188 23 
329 483 329 
299 483 207 
275 327 156 
267 141 448 
280 240 468 
57 296 276 
448 471 384 
125 429 369 
355 121 381 
43 29 336 
341 399 389 
110 448 36 
314 453 447 
373 232 327 
483 446 204 
260 369 32 
329 144 31 
455 42 384 
301 50 305 
92 223 33 
77 468 11 
38 412 432 
483 3 77 
94 444 309 
241 410 374 
447 153 414 
195 409 31 
212 52 470 
34 238 192 
185 429 436 
196 333 373 
456 152 77 
250 219 270 
252 83 84 
225 172 94 
219 274 30 
464 465 160 
86 346 31 
255 194 212 
233 77 334 
124 348 397 
102 479 483 
125 155 340 
215 47 395 
114 142 352 
128 351 228 
36 93 151 
313 371 94 
159 418 41 
301 220 466 
2 422 456 
21 177 423 
488 394 110 
153 417 361 
31 324 136 
136 44 49 
376 430 183 
178 50 123 
255 402 133 
293 42 417 
290 250 178 
392 211 127 
320 433 19 
463 235 90 
65 161 397 
446 486 467 
37 486 430 
376 180 199 
359 349 146 
80 185 39 
345 416 465 
12 129 460 
97 469 28 
489 106 72 
185 290 293 
387 314 411 
332 409 211 
3 300 164 
439 498 56 
5 183 324 
357 353 210 
19 298 160 
443 67 256 
72 235 181 
207 471 186 
322 107 278 
333 366 373 
428 126 193 
334 183 167 
212 230 210 
230 305 407 
314 26 34 
213 66 400 
293 222 419 
297 118 111 
270 423 89 
397 191 184 
2 326 223 
198 199 49 
148 233 285 
249 35 295 
419 454 152 
313 333 270 
275 116 65 
486 372 103 
496 113 12 
476 255 295 
130 419 116 
199 117 63 
37 192 196 
92 173 257 
491 389 147 
123 60 262 
183 168 385 
211 315 365 
9 308 323 
471 101 94 
377 415 430 
479 473 260 
129 469 16 
31 19 176 
240 297 147 
22 496 137 
349 270 426 
208 142 493 
203 18 42 
445 343 3 
46 119 402 
83 32 439 
35 129 408 
244 487 302 
405 439 322 
390 444 129 
283 440 153 
172 485 454 
273 426 234 
429 469 6 
463 210 489 
385 139 63 
347 80 187 
173 239 16 
423 86 321 
374 466 348 
307 10 326 
256 497 453 
335 390 218 
242 312 78 
11 398 385 
428 100 34 
479 325 365 
210 81 233 
355 397 119 
470 311 424 
414 191 27 
221 336 394 
73 416 106 
188 349 5 
76 425 47 
173 379 17 
470 164 167 
367 312 232 
269 481 282 
363 56 422 
65 223 272 
190 107 102 
79 249 160 
238 392 355 
302 23 122 
291 319 480 
419 328 147 
413 246 96 
36 322 74 
277 386 154 
497 282 221 
231 266 387 
377 297 203 
349 267 258 
334 108 394 
488 466 103 
192 47 455 
446 347 151 
460 8 466 
425 434 253 
438 426 6 
259 444 249 
438 360 265 
446 328 414 
261 173 428 
475 183 337 
281 226 378 
221 400 339 
94 16 186 
456 470 225 
476 96 123 
312 36 64 
305 272 337 
438 489 205 
27 289 75 
374 246 68 
439 336 375 
211 184 155 
315 243 224 
58 167 127 
147 253 87 
211 423 138 
486 33 473 
181 487 160 
327 455 316 
37 289 206 
484 326 397 
374 111 93 
199 248 34 
182 190 192 
228 397 43 
30 1 22 
239 409 392 
239 248 63 
452 68 65 
242 349 282 
159 1 66 
246 105 347 
405 299 310 
69 210 275 
375 381 344 
78 7 319 
328 153 204 
185 235 457 
85 75 336 
356 109 379 
21 193 356 
270 484 137 
491 136 106 
382 126 349 
234 199 191 
199 339 427 
450 437 113 
327 465 131 
467 51 489 
345 171 357 
14 366 461 
61 356 121 
102 372 144 
179 321 404 
63 253 96 
178 2 217 
34 123 198 
63 372 457 
410 461 10 
214 188 300 
241 423 320 
208 151 286 
337 239 267 
222 18 253 
18 28 389 
128 395 52 
32 315 480 
342 172 162 
373 471 119 
357 3 48 
213 337 109 
301 223 167 
379 252 237 
180 373 297 
415 327 370 
343 435 103 
495 172 341 
432 94 209 
283 349 384 
181 16 273 
223 435 285 
283 213 305 
376 360 99 
496 257 195 
442 222 474 
135 72 371 
414 445 59 
191 230 422 
319 135 52 
425 309 482 
434 331 380 
91 339 386 
7 25 397 
48 466 137 
280 353 187 
245 255 227 
317 102 105 
415 444 473 
433 456 95 
336 191 206 
368 4 227 
377 346 166 
9 340 349 
194 200 149 
493 231 491 
149 93 250 
410 21 480 
355 297 304 
383 138 24 
442 359 496 
199 111 236 
121 213 297 
483 250 153 
346 169 219 
284 164 342 
203 454 472 
390 121 367 
7 110 315 
246 193 134 
286 362 272 
438 256 245 
404 435 90 
99 401 78 
34 175 78 
124 110 401 
318 89 196 
88 37 251 
5 347 340 
186 105 91 
98 22 464 
103 246 37 
291 241 338 
47 286 441 
139 260 347 
468 452 298 
329 355 253 
424 282 166 
437 0 79 
128 171 180 
29 441 110 
383 445 148 
328 467 69 
406 265 114 
359 335 257 
131 315 28 
460 435 209 
267 419 90 
425 148 419 
188 7 116 
198 445 3 
356 190 9 
5 71 170 
116 347 141 
484 466 451 
302 137 435 
172 383 468 
171 110 451 
74 360 226 
129 112 249 
308 246 176 
28 152 167 
469 448 124 
162 468 109 
452 14 59 
88 375 440 
354 370 246 
472 227 330 
96 209 268 
160 180 206 
443 362 72 
450 212 245 
95 475 279 
40 169 256 
346 461 492 
484 132 160 
355 75 339 
223 351 468 
391 444 398 
432 268 98 
367 23 301 
194 73 444 
176 13 252 
92 453 328 
262 288 460 
373 463 464 
196 90 239 
486 310 215 
113 103 88 
224 285 28 
461 237 452 
199 481 267 
276 445 119 
380 487 70 
255 154 269 
241 391 16 
226 226 325 
118 354 369 
290 128 91 
140 27 204 
345 109 177 
89 74 91 
284 223 169 
95 337 96 
269 416 268 
100 186 424 
401 458 120 
165 447 260 
353 440 255 
310 430 152 
379 494 454 
439 303 399 
181 227 454 
375 459 472 
333 315 373 
394 85 200 
3 498 319 
288 229 338 
437 84 144 
99 225 484 
164 438 266 
195 251 259 
86 442 477 
482 6 492 
52 319 309 
121 47 105 
245 140 426 
312 417 374 
210 1 456 
213 51 315 
272 158 459 
47 105 184 
485 255 236 
62 291 25 
197 260 458 
24 332 57 
368 429 401 
357 25 264 
447 62 413 
441 448 17 
433 102 476 
273 390 459 
330 103 181 
433 52 392 
318 408 342 
164 414 459 
458 27 19 
118 272 391 
210 108 306 
278 244 259 
439 226 367 
318 56 60 
66 237 297 
69 228 496 
154 27 82 
166 17 296 
43 449 91 
192 300 455 
307 202 41 
419 336 58 
255 327 192 
446 138 122 
490 439 90 
219 281 246 
377 204 130 
280 179 124 
315 467 227 
248 459 143 
412 141 78 
414 432 302 
299 425 360 
308 73 331 
47 270 357 
219 214 166 
415 430 274 
190 208 142 
34 57 128 
19 368 62 
346 317 21 
112 140 223 
1 355 273 
411 261 7 
58 306 285 
358 470 35 
186 57 38 
392 445 244 
327 254 122 
211 283 407 
255 254 368 
93 257 103 
425 12 1 
99 431 121 
130 71 16 
119 458 283 
195 60 435 
330 179 198 
152 308 385 
379 432 115 
377 6 432 
320 97 371 
428 95 358 
3 484 383 
338 122 445 
174 115 266 
184 187 97 
21 40 474 
113 427 235 
40 45 421 
38 172 233 
50 218 480 
229 356 424 
92 279 275 
130 322 488 
403 248 9 
126 367 104 
56 124 11 
61 428 165 
110 408 446 
203 469 342 
32 116 257 
315 198 45 
35 243 301 
167 211 394 
464 359 246 
2 163 333 
242 297 421 
260 365 431 
265 50 484 
465 413 75 
414 51 392 
385 360 333 
175 467 297 
152 131 118 
24 389 169 
137 118 263 
382 449 14 
218 326 41 
347 16 393 
441 214 239 
381 402 9 
362 31 145 
287 153 393 
324 333 68 
493 398 15 
287 345 96 
225 164 91 
486 101 238 
203 311 130 
102 127 185 
354 130 499 
402 33 70 
115 224 366 
298 14 336 
307 113 128 
280 278 384 
381 311 127 
496 349 171 
466 58 392 
11 337 373 
160 191 457 
306 277 164 
418 67 109 
109 97 250 
321 119 352 
77 124 194 
282 148 375 
337 248 111 
197 397 392 
374 2 351 
104 331 468 
467 323 278 
33 376 77 
489 76 420 
56 163 142 
122 400 364 
477 4 371 
94 33 200 
357 385 207 
227 40 70 
188 356 372 
114 430 436 
372 423 66 
342 221 44 
262 22 143 
138 197 167 
489 304 474 
17 341 315 
206 203 62 
331 455 366 
334 497 477 
219 249 145 
391 38 220 
213 476 398 
110 421 400 
487 334 487 
215 172 229 
375 28 394 
499 407 282 
278 329 384 
220 425 43 
4 127 350 
141 425 319 
126 282 112 
479 297 477 
60 309 86 
368 402 214 
339 232 364 
442 466 39 
254 281 304 
61 24 87 
245 373 143 
353 455 167 
365 277 32 
28 148 211 
361 82 391 
110 135 35 
178 172 121 
125 183 165 
438 412 435 
463 207 443 
92 475 181 
57 162 412 
240 176 369 
478 487 461 
352 105 443 
92 464 335 
35 57 320 
92 139 24 
5 273 54 
385 359 421 
282 9 83 
445 130 230 
345 498 262 
118 293 498 
419 196 265 
291 208 299 
274 55 142 
59 332 162 
495 266 429 
254 497 32 
390 34 393 
123 213 97 
76 374 79 
441 410 53 
58 184 286 
418 67 299 
122 363 389 
448 335 245 
166 78 91 
190 215 319 
499 283 440 
429 400 20 
206 318 22 
400 125 28 
499 259 138 
469 445 40 
14 128 111 
281 318 39 
87 156 153 
80 69 296 
124 348 145 
271 409 288 
67 76 367 
369 356 115 
203 402 380 
59 212 428 
111 184 261 
102 25 381 
75 487 57 
138 467 325 
375 305 242 
383 326 440 
200 59 238 
239 79 222 
191 21 281 
469 107 498 
29 339 245 
319 437 449 
389 210 110 
478 98 284 
6 319 240 
384 184 98 
192 330 306 
16 105 170 
18 476 23 
92 350 105 
50 330 243 
183 446 417 
158 290 332 
340 351 16 
285 249 90 
472 335 262 
27 366 244 
393 451 384 
76 361 253 
32 203 137 
291 80 431 
447 109 67 
251 318 88 
111 217 452 
129 447 359 
279 9 335 
302 46 465 
94 196 185 
431 356 51 
315 75 302 
451 345 56 
240 61 491 
343 317 143 
65 331 466 
111 409 24 
449 283 205 
221 440 236 
57 100 227 
360 330 273 
355 206 188 
36 361 124 
458 73 35 
31 101 322 
142 340 244 
90 490 28 
391 28 366 
30 78 84 
127 460 198 
359 301 51 
359 390 73 
53 361 232 
198 302 385 
358 391 323 
206 96 182 
62 46 254 
327 334 335 
389 416 20 
444 472 189 
56 325 139 
363 478 438 
495 286 288 
357 164 253 
464 286 234 
331 116 24 
239 76 206 
134 227 321 
179 372 312 
281 488 317 
497 224 23 
43 322 266 
288 145 377 
238 7 104 
195 53 431 
352 22 123 
206 51 39 
57 220 186 
261 484 362 
23 152 125 
10 398 89 
186 257 123 
39 246 158 
110 379 177 
451 135 217 
439 150 105 
186 484 385 
298 375 204 
99 132 480 
305 295 55 
6 105 11 
84 198 430 
290 394 238 
42 483 291 
479 180 226 
421 251 87 
158 288 302 
424 129 389 
95 358 103 
377 87 54 
113 373 52 
93 167 377 
485 196 362 
118 52 159 
20 409 283 
498 5 171 
207 64 310 
280 225 421 
285 285 71 
359 109 69 
287 177 302 
239 440 493 
497 82 186 
152 17 402 
68 257 424 
396 420 343 
53 92 167 
299 59 463 
433 97 183 
273 15 463 
497 288 276 
213 137 476 
17 232 262 
210 29 71 
399 252 18 
331 184 8 
109 175 76 
265 319 264 
205 279 24 
450 386 349 
252 233 82 
106 353 138 
346 489 12 
495 81 263 
465 215 36 
92 442 322 
7 37 253 
354 207 1 
93 182 466 
477 378 496 
406 494 85 
441 325 43 
108 52 69 
133 412 314 
414 372 136 
306 344 306 
289 86 306 
275 107 36 
251 440 79 
454 201 290 
237 421 47 
447 435 429 
81 303 199 
452 54 337 
385 364 267 
373 0 307 
43 267 286 
422 229 226 
420 118 226 
247 73 47 
28 120 339 
142 314 493 
440 99 335 
166 291 404 
449 131 159 
326 65 389 
145 122 349 
99 193 355 
287 329 240 
90 70 189 
369 254 419 
8 470 328 
377 371 242 
412 326 435 
232 346 422 
82 127 483 
431 345 229 
431 486 277 
439 44 292 
210 71 2 
129 318 325 
267 327 377 
228 121 53 
106 448 143 
343 324 157 
337 229 327 
224 205 194 
286 386 82 
66 261 467 
302 129 215 
400 401 113 
331 268 138 
180 301 149 
187 226 369 
59 325 133 
371 419 289 
462 413 386 
493 217 30 
109 364 141 
280 193 109 
186 166 408 
459 92 380 
86 222 29 
179 351 341 
412 296 354 
398 369 5 
475 98 5 
249 205 34 
378 230 22 
147 179 13 
449 457 326 
485 419 172 
460 471 296 
380 343 210 
224 24 471 
8 461 5 
174 434 150 
360 354 494 
350 454 125 
466 101 393 
361 4 352 
101 318 61 
365 37 327 
211 361 363 
173 136 361 
246 352 412 
424 391 465 
291 23 28 
497 112 348 
434 311 94 
349 285 425 
474 249 122 
301 230 401 
208 195 181 
325 292 4 
379 270 120 
129 268 192 
496 150 198 
265 205 122 
444 155 33 
27 226 476 
43 232 486 
92 243 212 
