1000
3
26 389 497 
423 152 203 
11 190 13 
492 22 360 
245 317 464 
140 111 390 
68 33 39 
44 476 97 
123 171 399 
207 256 299 
156 358 283 
314 181 103 
129 232 197 
4 484 192 
261 80 164 
369 462 87 
183 97 347 
92 214 329 
141 54 60 
184 227 78 
172 27 239 
212 103 483 
291 429 63 
11 402 421 
488 361 299 
143 338 146 
329 365 468 
118 372 398 
104 114 204 
19 187 250 
375 443 112 
379 66 351 
125 170 189 
308 15 231 
332 308 328 
236 463 337 
278 166 272 
474 269 298 
112 204 138 
279 148 161 
152 415 284 
100 25 312 
127 188 91 
425 493 182 
236 433 284 
26 183 441 
261 390 120 
461 52 39 
240 209 228 
287 127 290 
347 488 159 
17 40 438 
130 417 271 
14 64 248 
49 390 166 
319 33 498 
343 451 141 
230 353 17 
465 436 144 
443 343 485 
296 161 242 
427 436 345 
381 453 116 
342 253 302 
163 201 451 
488 442 459 
409 73 242 
460 47 58 
20 320 354 
256 4 387 
173 400 83 
311 476 218 
275 110 46 
161 462 148 
214 399 373 
206 334 484 
107 44 393 
122 285 202 
264 292 58 
293 332 339 
185 422 406 
474 103 328 
159 346 23 
31 391 262 
292 201 438 
38 303 300 
138 135 170 
203 356 42 
28 110 166 
389 218 253 
414 383 40 
120 382 313 
426 157 388 
135 426 23 
320 44 95 
327 480 258 
371 275 376 
67 326 183 
12 437 383 
391 467 477 
384 446 253 
409 375 105 
26 364 432 
237 294 52 
287 259 101 
24 358 270 
117 440 42 
471 322 445 
379 164 126 
350 242 343 
198 268 309 
270 305 395 
123 305 428 
482 117 200 
354 362 333 
447 375 416 
445 336 125 
400 336 147 
218 129 366 
350 129 89 
325 68 355 
31 1 17 
38 421 104 
31 298 69 
278 130 124 
280 421 3 
285 437 129 
339 83 93 
349 116 335 
115 486 149 
275 487 336 
395 170 40 
86 389 223 
346 490 248 
39 344 63 
380 380 295 
387 350 154 
48 306 214 
196 179 477 
362 313 267 
183 230 77 
364 159 496 
100 1 218 
164 9 163 
328 56 455 
379 230 153 
445 434 256 
337 140 411 
126 50 396 
455 427 197 
308 146 90 
497 478 223 
249 203 291 
332 397 209 
391 167 452 
179 234 177 
78 237 368 
86 354 148 
370 60 408 
386 18 237 
65 73 0 
14 415 420 
87 96 68 
231 305 130 
262 352 466 
11 261 56 
260 124 200 
153 228 434 
342 443 61 
217 157 478 
151 464 42 
133 230 296 
137 425 176 
472 114 45 
37 200 285 
110 470 463 
426 404 206 
495 142 60 
54 483 183 
50 379 235 
435 18 55 
108 281 106 
380 9 112 
163 364 187 
448 129 79 
200 171 206 
99 362 29 
7 43 174 
32 26 74 
105 495 32 
82 375 74 
191 69 451 
231 140 4 
251 168 138 
333 472 462 
399 375 276 
379 212 432 
80 372 497 
38 321 381 
147 55 231 
485 106 285 
12 228 423 
370 250 377 
443 469 64 
130 427 420 
488 249 486 
129 242 41 
73 25 326 
360 162 25 
280 297 288 
150 197 360 
376 27 281 
348 217 85 
160 165 106 
275 194 462 
448 496 214 
51 496 66 
144 58 247 
200 339 313 
129 4 459 
360 376 123 
400 126 86 
454 60 471 
38 352 158 
196 270 338 
490 247 75 
323 103 425 
427 364 1 
141 1 367 
101 159 247 
369 338 79 
355 25 104 
69 23 398 
267 243 128 
468 491 234 
399 219 93 
105 52 233 
462 186 499 
265 404 167 
140 91 77 
342 376 309 
301 490 194 
313 208 118 
200 281 8 
256 166 108 
124 311 229 
300 306 221 
102 60 340 
456 70 404 
435 347 126 
131 77 366 
80 493 208 
4 124 263 
204 186 481 
317 54 308 
72 178 304 
470 476 339 
64 10 329 
18 48 194 
150 205 373 
358 53 388 
141 259 230 
424 363 437 
157 418 113 
343 42 428 
292 2 59 
367 89 457 
383 279 437 
272 233 55 
483 331 485 
208 449 175 
28 106 240 
412 475 34 
2 138 389 
395 107 190 
371 412 280 
187 293 11 
375 227 307 
380 423 112 
146 337 269 
9 413 306 
137 70 148 
404 223 307 
136 239 269 
406 45 366 
481 479 395 
28 405 457 
244 141 459 
163 456 410 
84 137 193 
210 181 34 
494 265 460 
428 91 255 
305 498 446 
139 488 345 
48 46 264 
449 227 384 
247 436 284 
42 25 119 
314 57 467 
356 77 254 
411 59 34 
403 62 460 
156 379 215 
343 472 182 
464 176 334 
68 335 478 
199 141 422 
479 248 153 
492 305 369 
146 12 72 
227 146 336 
445 47 99 
467 279 387 
399 32 484 
492 213 295 
14 488 412 
147 473 35 
357 454 250 
128 279 360 
66 320 35 
310 386 285 
290 12 354 
482 221 279 
499 53 68 
125 338 304 
299 278 168 
80 53 251 
433 74 274 
74 410 368 
384 490 446 
296 270 491 
360 89 374 
322 467 347 
225 38 479 
9 490 449 
229 305 276 
434 345 20 
228 280 408 
58 474 424 
254 384 248 
322 377 105 
242 198 481 
214 417 319 
71 274 276 
164 285 423 
116 313 373 
58 36 5 
342 216 285 
142 428 277 
427 159 390 
337 266 11 
387 86 235 
159 162 397 
152 46 252 
398 484 353 
209 219 3 
136 218 146 
179 440 234 
190 167 295 
26 435 225 
71 219 294 
406 194 260 
445 169 202 
334 5 263 
371 329 29 
375 357 403 
46 23 267 
428 192 1 
48 289 312 
63 118 175 
82 438 116 
356 480 254 
330 420 144 
57 487 50 
182 237 488 
338 17 24 
68 372 75 
95 126 75 
129 403 223 
200 438 424 
85 233 192 
471 343 66 
357 60 140 
471 284 49 
410 124 448 
171 86 354 
234 51 358 
272 234 80 
276 30 433 
279 115 422 
498 187 452 
245 123 289 
134 80 79 
349 379 52 
373 11 463 
363 84 72 
444 358 346 
160 35 122 
252 373 9 
307 112 391 
414 447 174 
200 236 94 
121 286 114 
111 45 156 
484 113 394 
350 62 100 
81 286 419 
315 127 179 
427 30 356 
275 378 188 
141 306 454 
72 397 15 
265 474 354 
132 347 234 
124 490 482 
292 476 466 
91 34 471 
302 386 363 
342 37 434 
273 174 470 
311 147 265 
320 209 5 
235 407 362 
8 352 362 
457 93 59 
167 310 462 
484 219 302 
478 222 195 
15 431 167 
88 4 146 
86 406 103 
158 60 213 
461 60 277 
1 160 427 
253 185 304 
69 406 162 
227 343 431 
105 43 211 
455 195 382 
183 318 50 
374 357 481 
250 327 174 
286 166 340 
16 22 28 
98 109 270 
335 413 489 
177 360 178 
480 68 249 
138 217 485 
431 248 367 
58 206 378 
395 314 247 
58 347 410 
177 240 26 
350 341 237 
420 219 161 
10 341 69 
149 323 67 
370 270 187 
313 40 422 
484 91 397 
388 345 159 
277 148 61 
37 34 388 
128 260 421 
448 72 170 
260 148 24 
178 24 60 
457 365 16 
299 74 134 
341 233 255 
371 493 84 
244 438 11 
491 435 260 
316 142 147 
265 60 229 
404 217 244 
203 452 224 
201 222 32 
349 319 374 
360 129 111 
68 269 494 
143 243 205 
351 275 149 
353 436 325 
379 443 418 
386 487 320 
130 384 258 
48 25 357 
95 45 301 
391 291 99 
297 306 339 
393 102 142 
187 381 362 
369 445 166 
132 16 491 
415 238 355 
370 213 321 
232 133 173 
256 58 74 
24 188 207 
20 272 342 
162 29 48 
454 80 358 
397 296 217 
117 435 278 
99 175 235 
210 272 404 
78 466 220 
136 404 18 
243 324 292 
77 264 146 
84 73 480 
214 497 133 
339 275 299 
104 440 202 
123 348 28 
393 223 433 
40 331 348 
497 160 208 
183 229 164 
477 73 142 
335 270 461 
305 3 492 
288 164 496 
418 257 159 
293 483 327 
136 480 227 
407 336 147 
56 134 46 
211 187 356 
229 230 320 
393 357 349 
263 448 239 
407 61 315 
155 278 275 
289 204 300 
49 135 288 
271 0 351 
345 37 410 
285 144 310 
311 237 112 
28 390 237 
183 405 309 
314 446 69 
218 447 299 
251 30 117 
200 345 460 
182 373 325 
180 222 495 
455 482 333 
433 417 19 
104 129 406 
162 280 32 
226 184 237 
166 496 390 
239 158 433 
196 431 402 
365 223 212 
235 313 263 
74 371 252 
68 457 383 
56 211 184 
109 416 94 
27 328 63 
432 195 160 
96 194 472 
108 89 87 
433 334 499 
200 390 390 
196 429 214 
355 240 239 
101 160 398 
55 324 114 
483 56 401 
59 93 429 
162 403 497 
238 117 363 
283 209 290 
477 380 144 
300 494 118 
423 438 259 
416 480 234 
162 176 284 
274 464 82 
28 112 309 
156 28 444 
44 112 185 
403 146 327 
165 417 366 
250 386 309 
55 203 75 
59 138 43 
347 188 354 
194 168 289 
313 385 187 
320 338 491 
107 299 18 
252 420 13 
121 144 295 
184 205 259 
140 213 29 
466 35 87 
120 33 379 
122 368 260 
261 72 140 
473 193 426 
290 4 4 
493 313 433 
119 145 339 
99 467 82 
279 322 14 
98 440 240 
194 11 257 
2 57 217 
244 274 410 
341 322 9 
374 193 188 
61 474 457 
78 492 329 
231 370 280 
206 359 488 
144 6 29 
87 377 80 
43 23 31 
397 8 354 
347 463 295 
357 189 165 
178 250 375 
277 318 361 
480 107 0 
184 115 346 
250 182 324 
162 212 372 
97 225 199 
347 375 182 
488 54 448 
340 82 41 
189 447 173 
34 141 54 
194 264 317 
253 216 466 
112 433 189 
276 30 258 
235 481 356 
278 35 215 
346 265 88 
224 209 369 
246 133 54 
375 249 82 
77 339 492 
53 447 306 
474 200 374 
274 131 183 
426 144 217 
87 393 69 
144 370 405 
74 357 183 
442 415 463 
437 27 370 
318 408 321 
78 275 412 
323 51 490 
362 390 237 
212 469 145 
426 351 386 
433 224 396 
245 46 448 
294 293 170 
140 184 454 
8 100 369 
205 222 366 
161 356 4 
19 221 300 
4 242 4 
305 13 348 
305 330 284 
242 76 207 
71 36 28 
336 75 46 
259 207 382 
9 382 421 
488 43 105 
209 494 4 
235 162 344 
50 119 280 
145 308 54 
483 350 215 
449 416 240 
17 282 90 
99 104 235 
292 299 8 
440 228 143 
109 371 212 
81 124 323 
68 453 243 
357 485 18 
36 134 253 
395 203 377 
353 47 481 
145 117 267 
166 492 10 
133 305 228 
38 370 360 
151 416 62 
107 254 126 
268 271 202 
45 74 352 
174 396 218 
114 401 418 
170 441 297 
194 14 304 
170 48 200 
138 497 147 
14 328 421 
341 488 254 
319 247 149 
13 158 275 
152 29 233 
304 288 337 
218 181 305 
52 353 185 
342 203 462 
307 242 193 
256 18 207 
294 373 384 
224 245 171 
197 52 109 
433 319 88 
499 92 304 
469 466 298 
121 210 304 
185 470 257 
109 106 294 
429 459 92 
69 357 9 
159 337 192 
204 157 198 
369 427 19 
346 419 454 
495 358 224 
251 231 259 
43 126 378 
233 60 136 
399 178 481 
187 442 218 
412 493 303 
398 26 70 
334 332 295 
439 324 107 
128 121 117 
356 307 19 
439 477 19 
270 272 266 
362 491 257 
338 140 78 
437 351 39 
226 369 450 
53 228 145 
469 71 422 
385 187 263 
45 67 468 
68 286 180 
490 346 147 
362 260 393 
38 384 166 
280 212 290 
154 27 136 
205 426 354 
237 371 462 
249 470 388 
189 428 485 
52 48 368 
125 360 439 
417 458 13 
229 351 253 
108 51 164 
328 16 496 
248 371 35 
104 376 322 
131 167 185 
361 426 318 
368 211 172 
225 199 286 
193 407 267 
154 60 171 
29 248 414 
184 232 243 
140 441 101 
108 35 79 
195 167 326 
36 114 242 
319 376 314 
485 493 275 
404 179 170 
87 276 104 
339 92 391 
340 344 145 
433 41 146 
357 116 309 
405 8 371 
412 428 61 
81 337 0 
366 222 75 
68 94 413 
134 462 134 
452 148 52 
486 381 352 
343 439 354 
141 149 164 
27 412 222 
394 300 456 
448 10 118 
242 79 257 
181 70 479 
482 324 49 
259 316 252 
149 140 290 
410 91 136 
234 87 476 
317 414 367 
368 80 194 
127 484 166 
422 129 362 
125 163 445 
102 298 431 
454 351 412 
354 223 385 
122 260 208 
471 281 201 
76 470 475 
455 384 261 
96 411 76 
311 35 471 
322 251 215 
332 168 398 
117 388 86 
249 373 347 
261 277 224 
388 473 263 
11 336 126 
106 139 2 
469 24 306 
453 9 270 
47 303 436 
343 63 183 
30 76 270 
103 330 453 
406 452 263 
176 234 10 
153 424 59 
103 428 61 
236 333 364 
483 55 37 
264 85 313 
344 224 133 
303 228 470 
53 252 54 
476 480 326 
292 92 328 
381 226 326 
72 263 299 
250 219 483 
418 163 420 
281 258 448 
3 18 316 
338 249 413 
328 287 288 
189 187 133 
75 203 211 
316 46 348 
420 194 337 
5 296 145 
103 163 55 
31 229 369 
101 365 33 
397 96 6 
483 447 274 
324 255 457 
44 81 229 
160 226 295 
309 472 0 
102 389 83 
392 224 138 
472 322 380 
116 28 261 
260 103 107 
268 264 351 
479 26 118 
103 101 354 
475 102 141 
112 18 170 
313 385 498 
422 275 162 
491 84 380 
388 69 244 
412 74 443 
136 195 416 
291 266 99 
221 299 111 
497 18 73 
94 442 434 
272 245 110 
105 134 147 
112 399 150 
448 344 405 
39 250 227 
445 20 185 
314 120 44 
86 434 458 
190 320 416 
98 485 21 
3 319 157 
5 59 398 
197 385 61 
401 378 55 
295 229 330 
120 291 26 
367 218 255 
392 83 137 
87 50 315 
410 38 254 
420 352 280 
267 6 399 
381 133 441 
378 80 332 
106 276 315 
140 110 195 
158 155 151 
462 471 56 
307 102 356 
472 419 156 
216 440 10 
229 341 207 
478 87 116 
118 480 460 
100 375 270 
492 348 54 
239 128 11 
202 348 146 
229 68 390 
89 204 277 
305 231 278 
387 398 262 
302 251 101 
300 43 338 
258 329 444 
54 239 215 
263 10 376 
54 113 15 
318 166 366 
3 262 54 
278 80 381 
487 195 247 
493 154 411 
65 79 355 
331 175 425 
387 442 245 
332 497 375 
358 478 41 
282 309 301 
333 397 151 
40 414 112 
173 356 323 
236 339 219 
305 253 319 
453 48 327 
61 407 329 
57 373 133 
113 73 177 
209 341 164 
484 50 292 
279 290 116 
275 197 105 
24 4 164 
441 116 439 
226 297 230 
166 116 318 
477 147 457 
170 246 420 
33 138 369 
11 45 173 
64 351 68 
133 333 23 
409 47 287 
390 408 383 
220 109 499 
10 166 162 
161 473 199 
394 66 379 
380 373 254 
50 329 297 
196 159 464 
89 319 284 
185 97 440 
152 237 284 
51 250 474 
189 256 354 
54 495 179 
