1000
3
426 176 491 
53 215 137 
333 248 187 
87 471 36 
431 338 461 
427 398 394 
35 166 209 
295 189 251 
328 214 52 
436 420 333 
464 483 310 
16 232 234 
78 107 340 
40 68 392 
282 223 436 
365 412 65 
308 307 334 
335 124 38 
54 372 305 
232 188 34 
468 330 163 
371 47 35 
242 63 302 
304 200 383 
44 437 129 
350 227 324 
173 264 178 
36 486 219 
242 282 345 
314 292 497 
314 398 223 
313 279 437 
134 44 64 
1 122 461 
372 141 399 
110 455 51 
292 209 148 
278 148 211 
386 237 38 
216 236 325 
189 480 498 
355 378 263 
478 301 416 
41 16 118 
259 341 402 
94 197 443 
88 312 102 
293 444 409 
74 207 287 
214 213 59 
29 353 398 
472 422 329 
101 200 33 
350 104 65 
466 93 85 
417 44 198 
182 56 29 
457 334 495 
55 86 228 
468 471 392 
330 128 177 
213 448 487 
428 480 487 
371 308 466 
325 344 286 
462 35 260 
231 208 471 
62 430 96 
479 416 432 
172 122 134 
441 202 354 
287 401 35 
16 400 248 
265 373 4 
408 419 81 
286 45 334 
402 307 292 
13 115 495 
365 427 287 
283 302 470 
137 261 370 
392 145 147 
491 413 309 
423 353 131 
331 136 271 
386 340 367 
127 100 110 
133 377 13 
381 340 96 
93 316 190 
251 7 308 
221 100 302 
147 137 236 
252 43 172 
111 318 360 
335 241 6 
336 219 198 
340 242 235 
35 264 131 
6 379 418 
414 149 445 
460 123 342 
83 205 127 
224 364 295 
386 322 127 
386 41 168 
216 297 15 
2 201 354 
183 152 230 
430 1 3 
153 371 106 
249 185 417 
182 320 470 
316 166 157 
347 160 70 
11 408 128 
381 68 447 
201 411 88 
477 71 177 
429 25 330 
89 432 282 
471 12 401 
395 81 197 
223 457 428 
343 359 112 
353 176 62 
274 483 294 
122 74 163 
142 121 152 
82 35 198 
458 353 196 
354 487 430 
216 22 140 
58 137 119 
65 135 27 
46 433 147 
358 367 426 
192 133 487 
480 375 335 
241 370 259 
174 134 312 
427 155 335 
11 273 73 
336 470 426 
336 56 489 
263 306 92 
257 437 270 
94 308 153 
1 2 450 
44 202 444 
389 147 445 
185 250 187 
81 425 335 
242 116 462 
261 10 108 
442 405 123 
335 255 179 
197 367 491 
186 432 48 
40 429 156 
167 382 400 
285 94 80 
446 115 314 
206 234 99 
396 276 475 
178 168 149 
238 64 163 
35 249 229 
113 482 383 
356 27 464 
3 81 227 
375 240 457 
118 347 210 
217 18 464 
68 240 335 
20 15 425 
320 461 452 
113 322 317 
169 350 164 
43 44 58 
457 303 309 
480 181 456 
379 427 300 
169 271 218 
173 301 474 
111 282 211 
140 308 348 
135 453 318 
155 188 224 
392 448 223 
91 481 352 
496 11 332 
224 307 209 
80 186 459 
17 18 44 
111 487 362 
372 259 92 
160 460 321 
304 107 359 
221 66 371 
134 404 299 
105 333 356 
181 127 378 
257 93 271 
37 356 364 
488 461 385 
275 412 263 
452 229 482 
461 344 50 
69 370 204 
111 14 344 
103 201 102 
167 343 127 
143 422 462 
123 436 49 
149 408 246 
254 450 487 
130 176 361 
457 449 453 
80 333 195 
479 444 355 
439 4 304 
476 61 404 
220 65 245 
113 291 111 
280 365 213 
293 110 490 
328 263 171 
322 151 386 
20 34 358 
468 489 135 
25 150 348 
21 143 13 
472 217 155 
274 361 165 
286 195 498 
462 393 11 
485 401 122 
326 219 326 
93 321 218 
311 404 152 
39 210 80 
492 401 231 
465 107 254 
145 165 28 
174 463 205 
304 174 155 
436 30 242 
439 180 424 
354 304 432 
186 328 412 
408 180 214 
395 421 28 
460 255 336 
330 140 457 
150 222 210 
332 166 400 
360 349 55 
241 7 253 
494 53 4 
95 308 477 
429 230 384 
309 61 363 
391 320 179 
407 289 187 
188 405 273 
391 479 439 
378 346 181 
112 377 238 
498 145 51 
438 434 253 
231 398 339 
335 102 18 
388 370 354 
78 207 9 
57 493 113 
388 231 248 
2 264 386 
123 8 159 
3 19 36 
13 97 479 
463 103 328 
189 368 357 
312 451 400 
11 276 399 
100 412 142 
137 199 276 
67 377 411 
383 276 274 
89 91 193 
66 401 4 
195 11 484 
460 457 413 
25 246 448 
449 288 71 
490 236 118 
387 185 118 
267 130 322 
154 277 97 
82 395 468 
112 325 193 
240 210 181 
54 188 294 
122 256 314 
380 12 327 
476 486 143 
247 128 144 
15 172 283 
393 43 144 
209 296 267 
191 174 334 
438 145 95 
287 327 148 
259 313 4 
128 307 198 
50 342 280 
27 388 61 
132 387 434 
360 74 23 
111 104 136 
326 18 182 
198 472 178 
78 24 291 
209 270 17 
27 71 379 
259 65 48 
181 481 31 
300 190 116 
466 164 202 
21 280 481 
217 243 9 
389 294 281 
70 338 320 
388 314 27 
172 230 170 
334 107 428 
279 420 268 
70 269 240 
374 456 467 
347 276 482 
138 410 494 
165 3 367 
386 61 26 
361 3 138 
429 53 225 
379 82 405 
193 444 105 
381 392 207 
182 499 229 
114 288 473 
168 172 179 
261 239 132 
148 259 495 
164 434 315 
470 468 411 
479 337 31 
489 422 433 
60 248 91 
72 93 346 
131 302 132 
71 361 466 
227 55 131 
287 190 330 
159 51 445 
182 453 23 
356 52 261 
133 339 113 
6 367 155 
195 45 325 
11 301 412 
215 156 247 
210 69 35 
360 332 20 
213 422 14 
437 101 332 
383 361 31 
492 12 204 
217 30 307 
143 298 178 
45 370 233 
226 355 38 
472 192 366 
53 389 292 
359 96 169 
285 40 214 
363 70 216 
347 145 323 
314 274 19 
82 17 405 
386 313 190 
52 131 310 
92 149 128 
119 400 379 
464 187 108 
332 40 158 
128 73 463 
328 349 342 
26 438 252 
232 37 407 
167 217 129 
80 416 237 
486 280 302 
6 150 306 
447 358 65 
102 112 396 
328 284 96 
315 37 308 
345 375 277 
387 86 277 
33 393 466 
270 11 152 
319 284 165 
165 473 274 
140 315 421 
134 250 497 
415 124 326 
21 391 171 
446 456 325 
324 47 24 
289 86 369 
101 242 370 
410 168 91 
478 260 125 
298 462 451 
205 177 404 
117 88 336 
44 434 341 
233 21 237 
284 345 94 
180 80 319 
146 412 395 
1 163 272 
287 116 457 
60 68 13 
144 367 180 
355 295 221 
242 467 484 
268 78 102 
418 118 66 
19 1 260 
7 261 202 
170 107 230 
131 314 191 
178 341 11 
21 465 168 
352 128 323 
156 211 376 
485 296 139 
42 30 77 
129 12 218 
445 462 405 
108 17 472 
0 151 228 
424 187 365 
397 23 401 
15 204 37 
401 497 242 
138 138 82 
292 157 287 
221 87 175 
58 68 2 
24 378 494 
359 329 119 
192 103 82 
492 141 369 
164 387 238 
175 143 343 
116 462 34 
347 453 259 
400 35 291 
451 199 113 
257 95 348 
163 492 453 
125 48 66 
244 43 244 
78 482 140 
380 295 281 
362 391 138 
167 223 40 
223 395 384 
29 132 277 
17 317 390 
442 83 386 
299 482 249 
90 177 15 
336 161 88 
331 181 232 
101 73 174 
476 342 261 
378 84 15 
294 379 241 
228 246 166 
358 115 425 
60 101 329 
434 455 306 
16 12 261 
365 315 172 
47 354 425 
485 346 465 
0 449 238 
268 110 494 
175 483 376 
109 477 411 
403 394 221 
355 8 386 
121 395 387 
67 18 62 
287 302 348 
343 26 191 
260 0 373 
354 111 388 
396 233 45 
104 334 435 
134 229 414 
331 456 424 
463 182 467 
362 7 423 
486 35 376 
353 482 387 
481 20 486 
253 391 168 
129 196 71 
344 321 35 
235 327 161 
204 162 265 
70 84 81 
496 131 231 
488 246 319 
376 371 419 
128 337 437 
437 249 46 
135 284 45 
347 130 455 
455 331 331 
241 335 79 
240 385 323 
212 400 207 
75 98 345 
114 259 470 
390 143 30 
326 111 476 
48 401 109 
306 282 210 
235 262 386 
270 91 426 
323 83 434 
297 498 198 
166 28 14 
438 299 1 
199 183 82 
434 417 378 
475 406 405 
28 29 80 
232 320 102 
81 468 323 
189 253 453 
171 388 258 
224 308 477 
221 441 400 
189 121 18 
261 347 158 
108 120 108 
99 470 105 
135 225 344 
366 204 300 
471 303 442 
83 118 136 
317 319 242 
109 496 474 
179 479 276 
231 34 239 
158 198 23 
401 226 106 
352 403 459 
314 9 392 
141 278 116 
476 339 223 
192 214 474 
262 145 269 
155 217 80 
312 27 447 
209 209 349 
295 322 5 
446 413 235 
494 62 13 
3 438 76 
333 330 55 
474 254 446 
317 151 262 
264 300 157 
461 440 91 
475 193 216 
291 194 340 
298 455 428 
391 226 350 
130 74 467 
123 433 279 
30 453 160 
58 221 228 
102 450 306 
167 448 87 
315 483 115 
397 483 177 
371 74 82 
440 331 227 
59 184 492 
475 231 35 
85 6 373 
261 310 278 
295 291 142 
344 362 468 
167 117 466 
381 264 55 
329 215 202 
424 387 8 
315 355 444 
386 401 87 
209 380 132 
456 193 55 
230 3 119 
344 409 218 
17 65 366 
287 32 173 
126 79 387 
270 37 338 
39 290 22 
461 150 134 
263 55 497 
428 357 494 
306 311 254 
155 293 321 
311 370 255 
17 473 347 
98 415 464 
33 166 121 
6 41 144 
203 297 242 
140 371 464 
277 169 472 
205 216 294 
258 424 46 
201 463 349 
398 435 204 
404 132 487 
138 410 448 
135 400 63 
184 113 415 
147 91 48 
381 18 153 
127 247 375 
274 403 282 
314 327 44 
397 347 375 
219 134 295 
279 355 170 
417 122 281 
251 418 316 
303 49 333 
22 152 260 
23 10 130 
190 272 312 
142 73 251 
126 237 468 
420 425 445 
151 306 434 
290 17 269 
193 115 286 
445 76 224 
138 298 448 
81 69 493 
316 142 277 
443 322 175 
221 378 68 
244 92 316 
300 186 112 
157 309 80 
269 33 2 
336 117 14 
208 362 145 
432 21 131 
326 34 115 
460 231 465 
392 462 4 
277 72 390 
208 120 404 
473 51 292 
123 342 374 
93 101 333 
313 284 153 
325 108 75 
136 65 153 
268 493 203 
337 354 242 
314 34 7 
3 490 317 
200 73 16 
246 459 280 
91 142 362 
355 326 25 
339 47 135 
400 56 215 
461 437 173 
223 275 7 
200 299 176 
177 176 484 
224 443 147 
210 405 156 
438 52 400 
431 312 270 
70 240 202 
24 66 88 
210 65 345 
462 339 343 
61 44 410 
289 488 498 
227 267 329 
201 130 105 
125 481 17 
297 31 193 
262 326 395 
432 391 302 
165 286 94 
449 86 100 
48 256 384 
37 214 98 
218 226 290 
381 415 92 
384 472 480 
157 228 8 
274 166 357 
53 275 385 
237 489 212 
255 380 128 
316 371 139 
315 184 222 
160 47 366 
183 412 253 
280 80 98 
237 118 77 
276 227 493 
239 316 434 
447 305 268 
152 40 266 
91 399 158 
420 84 31 
477 494 101 
344 155 251 
153 431 228 
212 67 406 
122 283 19 
77 374 431 
228 193 2 
117 136 175 
316 349 207 
68 233 450 
374 76 32 
282 117 201 
382 85 249 
40 177 233 
168 168 497 
245 466 303 
159 196 356 
409 78 242 
121 130 340 
341 389 412 
485 372 19 
339 364 65 
235 82 63 
478 264 164 
105 419 8 
415 367 10 
154 440 43 
435 341 384 
137 463 71 
271 269 201 
401 383 470 
492 78 232 
209 369 404 
147 181 216 
34 169 155 
165 452 283 
328 30 293 
337 490 492 
267 256 68 
264 325 55 
330 299 98 
297 412 473 
267 17 463 
231 331 144 
478 85 303 
18 176 40 
471 196 367 
277 456 308 
405 306 121 
486 303 421 
466 484 395 
120 229 162 
442 252 30 
316 7 414 
244 145 116 
419 23 452 
207 460 462 
146 214 119 
176 496 99 
282 327 238 
286 6 211 
169 468 175 
445 394 90 
287 327 445 
328 136 77 
377 204 44 
474 437 260 
160 389 32 
235 285 79 
446 344 31 
114 476 316 
91 33 63 
234 333 331 
320 449 352 
426 283 143 
494 47 198 
418 431 400 
13 163 385 
355 204 338 
254 147 253 
109 391 193 
112 298 33 
308 333 188 
238 122 482 
422 121 227 
310 314 4 
489 10 125 
424 281 246 
400 95 96 
57 37 477 
206 378 320 
384 410 366 
308 175 164 
376 310 493 
371 254 20 
80 422 339 
123 25 12 
383 411 279 
305 275 164 
277 197 462 
67 212 382 
427 39 386 
418 178 362 
413 145 290 
228 123 429 
178 330 452 
59 413 221 
482 215 259 
98 49 272 
65 402 224 
78 220 355 
458 41 491 
322 126 39 
36 263 67 
163 346 275 
260 81 108 
73 185 330 
293 49 386 
188 255 267 
408 422 178 
171 115 206 
156 362 48 
161 15 215 
420 49 447 
5 353 82 
90 182 143 
218 73 405 
408 299 14 
438 474 455 
163 290 182 
472 306 38 
179 490 400 
303 172 224 
422 356 376 
255 181 374 
35 499 118 
318 369 125 
397 350 343 
486 124 268 
90 309 299 
190 106 184 
196 403 288 
429 453 212 
192 132 409 
416 109 234 
112 487 250 
280 174 265 
190 382 344 
351 52 167 
312 163 478 
145 131 136 
308 151 172 
54 2 208 
467 267 66 
52 463 228 
131 313 469 
83 140 358 
19 333 97 
376 306 341 
278 30 449 
444 137 328 
67 292 212 
442 19 231 
84 102 454 
373 420 448 
288 203 252 
385 445 116 
295 246 277 
129 127 471 
179 224 157 
216 268 321 
271 406 430 
266 195 291 
276 355 115 
48 329 246 
265 419 49 
113 406 333 
110 28 290 
338 142 46 
152 100 135 
192 53 339 
120 241 6 
170 394 66 
203 31 399 
241 38 65 
214 266 434 
91 481 446 
446 162 89 
272 257 444 
184 458 371 
47 357 141 
254 420 109 
165 488 49 
77 483 146 
175 17 390 
194 174 384 
264 57 255 
177 46 339 
387 238 460 
485 62 39 
3 53 415 
363 270 73 
480 216 67 
282 250 421 
266 447 381 
13 296 195 
146 422 246 
496 7 272 
34 366 369 
81 455 208 
165 162 309 
290 233 299 
44 380 93 
124 158 275 
497 40 51 
186 83 264 
153 25 290 
174 394 129 
103 362 177 
447 259 105 
251 84 102 
421 42 369 
444 91 427 
289 24 266 
174 376 0 
131 378 295 
251 329 481 
391 494 394 
85 338 139 
84 24 317 
354 20 338 
183 0 337 
380 183 36 
173 331 63 
2 49 200 
41 472 154 
318 394 99 
465 458 245 
245 315 282 
198 471 401 
42 357 246 
349 253 43 
422 181 290 
456 3 110 
43 82 329 
61 190 329 
100 141 209 
72 202 238 
230 373 487 
333 250 273 
438 374 371 
487 230 63 
79 31 342 
2 329 395 
286 414 404 
