1000
3
99 237 98 
460 216 114 
397 213 443 
108 408 166 
348 450 383 
252 424 399 
372 297 474 
319 180 54 
219 339 323 
384 154 323 
425 186 419 
465 296 279 
472 69 15 
399 373 213 
214 213 358 
446 37 383 
365 272 23 
26 18 92 
347 143 107 
88 414 135 
27 152 272 
148 206 40 
70 126 156 
421 425 310 
79 162 140 
457 309 13 
364 160 419 
210 196 240 
379 52 249 
425 436 370 
340 57 196 
6 156 282 
12 26 431 
108 344 467 
64 227 21 
367 43 257 
196 62 416 
161 206 137 
312 311 346 
372 162 474 
256 219 458 
29 422 20 
183 150 40 
159 321 406 
478 434 427 
298 207 36 
40 442 327 
102 183 408 
41 298 149 
256 157 416 
29 248 353 
430 142 251 
27 443 337 
307 196 216 
15 435 416 
415 491 267 
373 90 337 
239 234 321 
242 23 169 
119 416 170 
30 199 343 
321 368 291 
298 308 246 
378 183 104 
178 187 329 
111 293 78 
452 5 354 
275 264 104 
274 454 179 
100 106 94 
82 490 325 
266 51 178 
8 422 452 
467 415 318 
256 22 138 
202 35 55 
486 190 257 
6 379 105 
259 458 365 
78 410 37 
360 462 385 
383 160 453 
261 299 211 
87 418 260 
38 363 377 
265 406 308 
461 283 449 
72 254 269 
368 83 28 
464 126 480 
174 176 446 
79 95 113 
29 87 347 
480 107 231 
370 244 180 
228 278 206 
340 149 359 
449 152 396 
484 317 265 
69 42 291 
398 438 480 
422 117 477 
34 93 447 
57 378 417 
85 76 402 
466 92 34 
318 275 278 
154 125 415 
423 229 383 
351 189 119 
260 306 103 
441 63 359 
105 313 136 
258 475 371 
261 262 101 
8 49 391 
294 85 109 
113 345 57 
303 233 408 
77 242 416 
161 406 148 
233 208 480 
468 187 282 
61 335 373 
107 344 158 
91 103 14 
122 382 283 
245 24 163 
16 256 109 
194 397 253 
61 278 126 
392 461 77 
405 157 67 
221 152 287 
401 473 129 
57 5 67 
278 58 187 
404 410 25 
279 267 50 
438 203 134 
285 407 381 
10 193 423 
386 137 171 
273 310 63 
498 326 68 
162 413 218 
79 276 287 
73 79 76 
335 141 177 
16 42 79 
405 133 72 
247 338 76 
5 46 85 
34 120 96 
388 216 309 
338 90 329 
213 182 239 
344 410 357 
478 38 79 
431 487 197 
237 183 123 
305 155 485 
51 288 288 
233 249 451 
491 185 331 
79 209 403 
202 250 7 
158 82 309 
327 232 263 
431 124 121 
348 96 295 
90 466 307 
181 452 349 
342 295 20 
266 316 489 
169 251 210 
482 469 447 
203 286 106 
416 269 18 
316 332 34 
272 427 293 
47 211 416 
140 29 314 
285 155 149 
290 395 292 
350 456 163 
269 375 287 
233 423 442 
282 301 52 
157 294 379 
436 412 359 
395 185 331 
47 470 258 
494 415 372 
86 47 413 
107 278 176 
191 440 125 
195 266 350 
285 263 116 
336 70 221 
100 368 299 
272 259 171 
349 489 9 
187 280 415 
15 480 337 
18 40 106 
58 323 442 
316 278 282 
1 451 325 
281 111 7 
287 493 184 
231 349 386 
318 119 208 
63 198 414 
143 287 470 
334 393 484 
370 46 143 
174 377 98 
285 148 409 
346 347 164 
479 117 103 
397 318 109 
114 319 207 
368 115 10 
2 197 337 
370 56 278 
378 491 216 
74 433 274 
197 480 329 
429 281 58 
278 217 249 
431 165 269 
53 496 402 
270 359 194 
170 258 152 
260 103 473 
242 147 262 
157 314 350 
360 322 137 
339 418 265 
275 52 268 
67 20 336 
42 405 46 
114 293 115 
237 101 360 
206 285 361 
462 120 51 
62 92 28 
39 418 332 
170 466 474 
238 348 293 
166 388 262 
300 362 25 
112 325 174 
99 379 273 
216 81 140 
106 17 4 
205 251 130 
394 437 445 
279 185 215 
462 459 310 
89 148 254 
302 63 409 
347 387 52 
346 296 304 
198 347 404 
162 283 312 
21 231 207 
394 93 256 
128 494 187 
344 492 151 
327 285 290 
44 158 338 
50 444 467 
119 227 421 
8 120 47 
171 489 139 
266 282 268 
293 319 69 
300 315 281 
83 488 191 
409 16 469 
416 482 168 
24 304 313 
235 231 218 
470 377 154 
299 242 90 
378 275 427 
250 274 248 
95 3 194 
479 143 148 
229 187 239 
210 374 322 
420 73 207 
428 191 465 
455 415 114 
331 295 454 
36 467 468 
334 384 158 
371 434 418 
400 225 379 
24 408 422 
68 153 244 
218 133 217 
200 367 246 
445 451 415 
251 321 395 
105 147 132 
231 390 153 
190 496 367 
237 477 257 
18 4 187 
404 271 474 
56 194 456 
273 453 38 
53 282 217 
63 146 426 
144 313 214 
347 150 433 
42 352 149 
168 147 28 
371 205 180 
409 163 260 
396 162 163 
164 217 343 
280 54 483 
417 218 64 
49 122 351 
104 297 134 
123 241 305 
254 77 448 
493 322 217 
412 149 259 
6 0 82 
50 27 171 
285 454 471 
130 251 229 
25 58 455 
334 162 453 
314 469 122 
207 298 356 
382 202 243 
177 478 343 
34 353 270 
240 20 151 
419 194 495 
251 343 480 
444 107 249 
78 241 324 
220 12 133 
494 180 23 
419 333 8 
107 364 148 
74 220 358 
224 328 23 
169 482 455 
37 168 10 
139 226 426 
367 175 323 
199 240 475 
133 19 366 
432 386 129 
358 127 391 
252 138 234 
317 431 219 
264 91 431 
205 412 172 
452 274 326 
4 485 194 
498 453 176 
107 386 220 
98 226 166 
255 159 158 
83 266 31 
73 325 222 
274 415 358 
494 414 113 
449 316 202 
147 148 388 
193 330 418 
364 345 77 
188 360 288 
120 483 95 
174 330 83 
223 254 196 
416 61 442 
255 338 384 
420 487 379 
212 183 83 
108 360 395 
148 428 369 
314 153 247 
42 308 482 
210 172 50 
245 109 188 
139 231 218 
132 368 76 
388 207 498 
289 229 296 
79 455 400 
489 237 229 
323 379 347 
176 313 370 
98 126 396 
156 11 304 
83 67 496 
450 335 390 
132 449 460 
413 429 41 
407 197 161 
321 210 95 
389 443 152 
270 243 389 
411 180 270 
178 276 30 
32 99 154 
272 364 341 
452 256 41 
79 137 231 
108 433 366 
98 490 17 
475 94 58 
275 126 11 
66 101 333 
472 276 460 
303 343 102 
161 107 141 
79 16 248 
168 32 146 
325 253 90 
419 105 455 
233 234 475 
118 380 182 
377 433 238 
187 315 17 
149 406 36 
330 248 214 
196 356 137 
387 276 364 
341 257 374 
483 294 190 
289 96 316 
145 2 494 
75 278 382 
136 381 244 
85 432 455 
98 223 111 
423 235 470 
182 402 82 
415 144 31 
312 482 444 
317 185 237 
230 481 1 
336 95 416 
89 377 408 
255 415 311 
1 348 314 
377 338 451 
292 345 459 
226 221 381 
322 19 364 
283 454 348 
234 289 260 
204 375 441 
417 53 65 
236 186 190 
185 145 295 
491 457 129 
136 91 100 
481 239 470 
136 55 324 
25 333 310 
211 360 480 
102 86 390 
339 469 211 
328 408 201 
157 260 197 
462 140 64 
195 211 104 
408 120 265 
150 321 99 
381 141 428 
34 111 295 
383 238 147 
397 287 172 
132 351 472 
213 360 313 
137 316 496 
38 184 379 
144 170 254 
347 43 47 
71 346 29 
45 425 304 
266 76 171 
142 257 352 
187 214 177 
151 497 123 
236 259 335 
346 309 390 
489 335 288 
246 76 313 
485 79 136 
17 377 133 
456 230 67 
484 287 7 
167 463 233 
98 198 168 
331 404 285 
445 4 470 
223 320 317 
58 341 197 
303 80 489 
114 200 20 
5 284 248 
445 446 409 
139 397 217 
346 478 271 
429 325 230 
275 32 482 
300 352 136 
31 426 44 
230 90 443 
321 489 411 
231 127 8 
438 486 412 
235 284 184 
263 328 394 
81 50 180 
476 403 463 
224 163 193 
217 373 205 
462 493 208 
22 35 79 
211 216 474 
403 278 28 
390 128 97 
8 476 411 
4 354 315 
371 213 331 
444 410 185 
318 388 33 
262 140 432 
416 81 187 
320 340 241 
35 36 342 
300 113 419 
20 350 420 
101 112 147 
386 176 253 
205 363 247 
207 76 338 
300 27 215 
349 48 235 
324 99 130 
228 168 305 
25 457 61 
81 334 57 
360 31 278 
194 19 471 
372 485 100 
260 15 226 
348 467 239 
251 488 119 
107 333 318 
69 364 140 
64 426 393 
73 333 312 
399 462 41 
178 162 409 
448 495 382 
258 446 74 
48 243 370 
129 186 387 
369 488 227 
434 302 42 
359 187 85 
385 180 304 
125 499 217 
176 455 141 
32 237 69 
252 358 468 
75 368 246 
490 337 105 
401 240 210 
462 58 310 
217 60 43 
366 491 71 
410 215 128 
317 269 331 
371 259 137 
434 250 150 
282 25 375 
391 362 350 
2 6 255 
136 406 98 
471 141 286 
181 223 53 
97 392 444 
159 63 274 
246 174 393 
426 410 292 
116 91 492 
78 329 119 
490 5 4 
396 149 147 
483 364 258 
116 281 37 
72 279 409 
364 424 418 
369 298 217 
305 221 240 
44 495 70 
425 165 98 
431 324 108 
402 147 212 
258 64 195 
319 319 385 
271 398 129 
464 217 191 
296 206 367 
2 146 9 
251 114 306 
468 68 96 
236 418 451 
85 87 269 
484 177 164 
476 315 289 
146 149 251 
414 320 485 
87 256 339 
277 432 149 
353 46 395 
356 83 129 
131 326 418 
249 67 16 
107 122 270 
111 456 267 
324 180 300 
356 226 360 
374 70 101 
480 201 361 
400 427 309 
299 148 257 
481 255 271 
269 35 485 
361 203 12 
258 189 199 
25 219 372 
465 403 326 
151 49 270 
454 404 419 
450 337 24 
389 487 477 
176 143 420 
266 490 496 
374 386 182 
367 99 331 
118 183 133 
215 176 399 
149 399 439 
175 182 274 
300 229 435 
116 155 194 
98 19 142 
88 250 42 
110 235 436 
325 470 51 
494 90 121 
285 213 65 
68 292 81 
192 416 140 
491 69 294 
430 110 220 
186 318 275 
1 409 44 
376 76 367 
359 325 225 
289 9 139 
175 261 193 
44 145 476 
290 203 487 
461 252 212 
171 392 89 
157 128 364 
214 142 213 
286 377 39 
206 280 39 
296 279 35 
139 485 422 
54 309 371 
56 359 142 
403 329 323 
253 275 170 
146 47 395 
139 69 340 
383 464 489 
322 454 489 
149 415 154 
171 236 454 
111 255 292 
155 498 450 
39 180 350 
419 428 181 
425 124 310 
60 120 439 
114 94 257 
21 207 98 
301 206 467 
339 339 56 
400 154 452 
415 360 206 
301 478 219 
443 462 187 
384 451 485 
433 283 336 
424 259 298 
52 92 78 
66 390 348 
479 105 316 
326 107 286 
42 393 124 
310 183 387 
240 346 397 
245 179 238 
423 469 14 
8 490 176 
247 490 480 
302 7 371 
477 51 410 
236 389 368 
331 24 276 
175 299 428 
184 432 282 
337 268 158 
425 414 142 
22 142 35 
155 58 379 
425 36 297 
77 93 405 
143 409 7 
411 489 212 
168 174 131 
345 237 331 
90 65 117 
461 89 15 
485 163 163 
294 58 43 
196 186 363 
155 98 419 
150 280 398 
254 246 52 
264 19 348 
253 12 136 
158 232 443 
55 484 36 
310 211 438 
38 345 429 
483 14 449 
474 21 370 
488 362 325 
19 246 227 
406 162 230 
172 386 376 
346 206 473 
417 72 388 
299 40 257 
359 465 168 
120 180 76 
248 53 238 
414 263 400 
46 13 278 
110 390 254 
12 463 202 
439 129 217 
93 298 220 
220 423 178 
222 423 245 
191 176 116 
483 270 88 
208 150 163 
204 14 126 
244 105 18 
49 455 427 
322 462 387 
102 181 158 
48 336 276 
1 81 375 
70 195 291 
322 292 261 
373 175 178 
226 487 329 
381 390 352 
468 374 134 
212 61 388 
51 146 108 
238 230 79 
54 40 189 
484 388 324 
28 146 142 
132 110 369 
489 284 262 
382 40 154 
279 210 370 
383 380 97 
176 448 346 
200 195 477 
468 495 408 
231 364 407 
204 488 191 
271 161 470 
220 38 462 
460 454 45 
355 245 409 
315 308 487 
474 91 484 
495 247 217 
255 365 307 
414 152 358 
302 341 117 
310 58 339 
386 208 68 
255 73 100 
490 439 281 
497 147 185 
462 316 314 
101 7 309 
433 276 287 
493 157 77 
170 85 490 
52 73 350 
152 441 377 
66 176 410 
276 423 31 
353 374 327 
158 253 171 
233 103 252 
463 234 228 
163 476 135 
448 466 368 
367 192 294 
222 145 336 
477 358 134 
356 110 13 
165 491 98 
443 283 273 
343 465 98 
381 447 151 
137 437 8 
350 67 186 
184 448 477 
365 465 320 
9 324 380 
30 30 271 
302 401 58 
327 143 167 
276 57 470 
202 99 396 
406 459 171 
27 169 253 
463 162 172 
441 407 248 
203 245 196 
423 129 296 
26 18 75 
151 479 235 
110 422 419 
85 328 123 
272 235 274 
196 179 27 
44 380 452 
336 493 423 
196 310 129 
471 337 121 
309 228 300 
440 38 233 
422 331 286 
281 496 214 
256 383 390 
120 199 125 
462 401 130 
297 35 235 
171 443 401 
479 387 251 
204 374 323 
151 266 410 
469 345 169 
248 188 139 
242 379 341 
364 315 158 
391 274 428 
356 220 254 
11 1 379 
28 485 78 
173 49 33 
250 283 16 
252 231 349 
40 403 376 
379 188 390 
161 157 484 
357 93 48 
356 65 41 
276 399 444 
81 377 466 
94 180 367 
357 185 181 
446 287 16 
176 214 177 
132 416 52 
72 299 159 
362 292 383 
333 454 310 
132 375 15 
142 318 347 
359 294 266 
180 353 86 
106 19 319 
24 184 237 
388 338 176 
369 385 72 
131 206 373 
448 341 358 
204 348 434 
271 48 177 
117 11 263 
279 457 347 
330 434 486 
272 23 32 
44 397 339 
497 379 145 
465 231 456 
298 470 296 
99 20 298 
30 310 396 
401 102 377 
481 273 409 
24 368 188 
171 412 144 
357 38 317 
492 58 11 
206 402 157 
457 430 86 
26 163 430 
19 113 305 
5 194 385 
187 235 201 
468 152 455 
483 402 169 
460 423 345 
106 11 183 
179 196 60 
10 128 270 
34 198 487 
362 220 159 
240 96 219 
287 327 164 
466 487 400 
149 362 378 
31 74 402 
61 468 321 
374 346 297 
476 432 399 
347 227 132 
251 313 121 
219 97 151 
431 163 365 
181 491 318 
439 106 26 
276 43 228 
96 138 398 
73 54 21 
152 347 274 
184 419 333 
379 248 281 
226 104 62 
15 139 322 
210 4 37 
434 463 165 
377 18 298 
346 266 328 
397 78 385 
357 457 13 
374 327 39 
48 194 170 
13 51 257 
66 1 34 
468 166 8 
493 301 362 
77 321 286 
126 215 240 
131 382 193 
426 487 86 
30 250 111 
91 122 148 
419 73 128 
117 409 157 
432 102 320 
98 168 55 
231 319 316 
351 24 392 
400 468 52 
