1000
3
17 481 450 
440 32 27 
293 3 97 
150 259 197 
95 478 30 
297 55 78 
318 495 9 
487 356 222 
260 283 216 
27 179 5 
13 247 83 
463 145 6 
473 345 63 
234 40 473 
328 396 112 
100 132 386 
218 138 322 
290 324 159 
177 295 121 
250 314 430 
430 144 484 
348 456 230 
254 387 302 
123 11 482 
476 321 409 
235 370 431 
427 476 39 
273 138 202 
345 432 362 
499 293 445 
83 495 68 
324 128 189 
21 54 119 
195 256 112 
203 212 256 
287 269 142 
417 398 351 
126 241 99 
343 212 8 
326 290 215 
7 255 293 
273 325 75 
143 164 66 
247 434 91 
469 265 314 
412 281 391 
298 110 469 
374 310 198 
484 324 393 
310 29 434 
438 7 196 
302 420 430 
445 357 113 
171 302 168 
379 233 35 
301 485 317 
147 457 366 
185 474 350 
138 177 18 
423 104 42 
400 16 39 
451 451 396 
54 434 368 
128 224 34 
29 275 428 
211 316 21 
347 48 93 
273 346 109 
372 235 63 
134 473 326 
40 487 165 
494 202 62 
437 442 457 
323 355 451 
66 430 208 
478 395 8 
162 356 404 
220 151 379 
161 65 412 
367 155 230 
485 447 128 
289 432 159 
335 21 321 
393 62 282 
468 11 402 
75 415 103 
154 224 411 
74 12 470 
319 286 29 
281 32 213 
280 185 387 
163 333 312 
389 224 360 
127 236 419 
65 48 148 
242 381 73 
113 188 347 
448 25 56 
288 398 498 
292 232 209 
249 31 109 
226 182 23 
371 157 184 
195 403 125 
33 477 446 
380 179 384 
53 283 107 
242 266 286 
487 129 114 
332 490 404 
439 238 495 
297 122 10 
151 485 406 
42 329 123 
39 371 237 
455 168 258 
302 208 200 
238 364 361 
437 348 88 
89 209 67 
103 65 146 
38 331 179 
100 221 221 
274 309 349 
356 185 16 
129 236 85 
361 458 275 
62 410 337 
261 333 98 
472 490 113 
394 0 436 
108 181 243 
91 114 394 
30 485 90 
197 137 238 
396 267 134 
205 326 303 
72 327 111 
145 242 401 
294 250 60 
252 353 195 
106 254 481 
19 368 20 
362 156 258 
483 228 178 
414 245 349 
459 11 52 
312 415 484 
463 190 295 
430 209 296 
5 23 49 
0 435 426 
492 317 105 
101 283 329 
254 77 2 
434 468 144 
126 87 156 
399 18 338 
88 143 97 
83 391 424 
356 166 443 
110 11 198 
430 468 427 
182 3 42 
310 285 69 
118 239 491 
331 427 297 
446 314 27 
147 79 40 
268 314 451 
13 430 35 
374 127 55 
89 147 173 
171 146 357 
441 363 179 
22 32 422 
9 398 294 
51 111 91 
90 347 138 
228 225 114 
339 305 366 
465 493 238 
367 479 143 
0 87 460 
182 293 131 
364 80 407 
31 309 228 
197 206 309 
414 161 223 
226 292 58 
0 231 274 
474 93 440 
7 352 5 
331 321 245 
36 95 187 
416 444 98 
359 352 463 
458 466 466 
403 256 243 
413 289 445 
444 31 288 
419 285 353 
6 204 448 
86 289 482 
447 141 144 
147 176 493 
105 296 142 
58 315 490 
72 270 105 
128 67 82 
289 192 199 
216 87 216 
411 275 110 
197 125 421 
69 244 445 
124 72 298 
113 199 202 
14 207 24 
215 196 317 
354 311 125 
68 185 174 
178 356 41 
495 207 343 
146 184 226 
382 305 139 
109 143 339 
159 197 119 
256 435 468 
120 395 84 
254 446 444 
390 203 92 
76 104 440 
468 330 453 
113 487 429 
312 489 138 
278 437 317 
1 25 117 
303 110 402 
167 458 471 
14 268 70 
178 329 314 
494 425 118 
399 370 54 
259 433 29 
69 345 230 
319 394 388 
456 113 403 
70 499 14 
469 150 399 
260 171 165 
81 148 486 
392 439 475 
373 244 92 
227 447 184 
279 251 299 
489 155 487 
357 315 315 
11 153 291 
395 358 336 
81 487 71 
215 173 206 
365 381 163 
265 317 498 
440 342 476 
34 332 390 
471 164 398 
41 475 203 
195 313 257 
15 115 140 
409 209 5 
99 473 389 
482 380 97 
345 433 463 
136 402 414 
357 269 300 
17 75 149 
276 182 363 
491 145 188 
177 198 365 
255 215 353 
21 415 103 
348 0 466 
274 148 394 
222 478 424 
128 173 218 
437 41 321 
170 330 118 
20 482 25 
243 5 180 
406 387 206 
430 150 362 
431 154 395 
300 151 300 
361 101 333 
486 25 11 
473 443 485 
43 254 495 
172 80 61 
232 383 468 
388 194 345 
213 312 392 
438 76 252 
457 26 472 
9 138 109 
302 291 335 
499 181 443 
299 349 297 
170 190 465 
37 32 52 
169 161 223 
378 452 91 
102 5 422 
66 168 76 
150 142 183 
369 55 256 
129 492 382 
237 338 211 
44 141 218 
198 332 185 
266 366 393 
497 283 438 
261 478 132 
417 417 273 
234 123 25 
261 129 328 
480 175 293 
123 371 359 
178 133 287 
468 294 468 
349 312 290 
227 325 385 
492 28 486 
396 304 229 
437 385 433 
145 125 185 
440 271 252 
112 316 78 
421 78 312 
31 466 161 
38 484 244 
262 404 10 
233 485 15 
177 306 186 
496 412 455 
424 327 336 
249 38 175 
467 99 47 
194 202 160 
424 359 104 
304 472 174 
310 449 211 
457 303 199 
155 225 209 
145 429 416 
139 183 169 
178 198 109 
40 378 391 
28 447 139 
70 308 4 
380 173 102 
250 38 485 
405 171 140 
458 340 158 
5 215 15 
87 451 172 
324 494 15 
388 205 199 
362 239 195 
401 283 228 
337 38 330 
180 224 307 
469 358 343 
342 226 448 
499 264 358 
496 457 181 
273 57 395 
403 22 141 
485 95 118 
471 478 272 
106 62 8 
70 38 432 
177 118 373 
381 138 324 
194 364 382 
101 148 456 
81 348 411 
185 47 341 
68 99 333 
196 443 96 
139 117 167 
289 107 72 
171 185 222 
36 197 102 
88 453 336 
130 130 58 
91 95 65 
406 40 105 
38 276 99 
12 250 358 
300 245 295 
215 8 353 
384 396 261 
44 70 276 
488 361 344 
405 309 267 
327 179 378 
69 151 225 
484 208 382 
215 195 181 
155 393 490 
194 141 399 
167 157 494 
302 389 280 
94 103 55 
217 203 72 
344 198 40 
359 318 197 
401 239 400 
102 7 458 
82 202 384 
158 0 63 
458 368 2 
102 329 278 
218 177 90 
456 75 159 
11 58 430 
483 14 350 
128 337 43 
178 56 67 
58 22 91 
274 217 223 
182 481 490 
431 139 248 
137 308 376 
204 402 480 
134 135 62 
96 206 74 
480 342 458 
495 31 477 
91 252 471 
151 233 266 
486 477 93 
203 340 343 
63 99 282 
24 356 335 
341 327 169 
401 343 228 
344 460 364 
12 245 423 
306 11 189 
395 165 92 
78 302 67 
364 416 162 
117 333 302 
51 205 342 
258 284 376 
212 264 360 
310 83 369 
72 383 18 
441 251 201 
170 266 203 
362 334 48 
458 269 313 
199 468 165 
445 188 51 
93 447 293 
63 410 471 
175 461 299 
77 72 138 
420 488 362 
273 63 425 
331 17 159 
380 9 222 
82 430 323 
51 359 346 
73 205 477 
405 281 6 
332 89 105 
380 326 339 
294 3 149 
353 272 306 
159 23 248 
427 483 43 
67 209 480 
92 132 374 
140 344 117 
363 99 77 
222 431 62 
394 80 429 
195 451 2 
426 475 194 
83 494 208 
162 487 412 
456 90 239 
257 206 468 
296 366 256 
164 476 309 
174 323 45 
45 255 169 
67 436 255 
122 405 371 
141 270 291 
417 235 73 
323 252 31 
390 313 156 
220 412 50 
373 298 134 
321 453 227 
224 486 365 
8 26 473 
496 124 117 
398 346 197 
362 83 470 
161 352 357 
260 139 170 
17 174 214 
118 387 365 
431 337 354 
385 308 322 
404 105 33 
270 415 14 
260 406 397 
12 356 242 
165 27 271 
55 111 103 
173 15 111 
221 225 168 
197 66 43 
325 349 470 
151 474 359 
451 370 93 
62 298 322 
255 450 228 
169 269 475 
34 195 477 
481 101 265 
201 467 439 
19 347 359 
298 365 36 
348 244 355 
369 235 335 
366 170 80 
352 379 262 
255 258 390 
415 70 339 
439 352 101 
170 450 487 
164 189 322 
376 474 451 
370 79 433 
175 491 113 
33 351 213 
350 478 224 
117 377 77 
82 12 393 
82 252 470 
487 498 443 
41 65 152 
275 461 378 
5 184 450 
425 189 274 
114 216 5 
485 381 276 
84 345 189 
91 142 253 
78 435 360 
471 148 358 
281 127 326 
20 345 353 
132 128 349 
354 148 323 
212 179 233 
412 438 320 
360 125 178 
484 472 491 
33 470 429 
268 426 17 
74 201 24 
246 420 72 
201 30 195 
92 77 231 
345 52 298 
100 261 127 
64 153 14 
496 320 77 
197 443 391 
238 493 40 
473 86 270 
224 499 65 
208 408 42 
352 459 89 
106 313 344 
361 19 302 
127 19 448 
202 485 438 
457 191 408 
438 443 147 
5 52 320 
418 438 483 
33 58 490 
336 229 121 
346 342 130 
184 450 449 
51 484 89 
186 497 317 
99 387 103 
408 381 111 
366 243 314 
64 317 77 
40 306 326 
144 289 117 
270 165 202 
217 136 334 
447 374 74 
396 233 222 
419 426 340 
161 233 366 
424 136 239 
13 40 79 
243 242 462 
178 347 324 
298 487 493 
478 274 481 
281 229 87 
496 15 408 
474 109 135 
295 270 491 
438 122 346 
332 478 54 
94 206 117 
134 203 1 
335 96 425 
193 14 462 
130 202 307 
192 313 32 
444 469 316 
310 188 318 
499 203 379 
280 393 99 
160 177 57 
436 457 377 
292 456 366 
399 421 224 
341 2 162 
339 318 60 
346 198 227 
406 200 172 
79 418 231 
277 377 247 
455 308 376 
374 193 298 
321 86 31 
103 397 105 
411 419 198 
322 22 98 
229 7 205 
141 361 481 
40 65 223 
483 44 214 
394 233 455 
93 426 133 
225 335 90 
47 318 486 
219 478 407 
143 188 242 
499 86 40 
363 243 17 
455 268 398 
52 240 310 
340 486 423 
380 397 425 
339 463 90 
164 309 110 
199 414 377 
487 484 359 
145 262 7 
439 496 488 
228 279 471 
52 449 157 
39 386 435 
284 56 333 
289 388 451 
7 484 188 
404 480 188 
197 162 235 
223 120 499 
133 192 289 
140 4 304 
183 58 49 
493 19 244 
279 134 353 
365 419 143 
2 33 481 
34 356 236 
36 132 384 
459 487 272 
494 44 428 
437 104 428 
121 486 100 
60 231 42 
140 493 106 
377 172 358 
300 40 91 
93 145 233 
131 281 172 
79 416 223 
125 322 368 
178 483 430 
132 421 486 
275 495 169 
93 168 163 
385 325 8 
77 446 70 
359 91 131 
96 325 338 
270 334 54 
399 14 243 
470 230 470 
449 343 197 
50 39 338 
111 76 116 
171 44 169 
395 6 382 
195 458 447 
162 104 241 
305 333 321 
323 379 71 
257 460 115 
289 280 0 
213 211 208 
13 36 213 
135 372 396 
463 207 413 
208 372 431 
364 402 240 
104 356 194 
47 445 147 
304 78 403 
153 63 12 
380 10 194 
242 94 295 
441 0 1 
417 294 232 
30 461 341 
18 28 419 
263 337 394 
158 11 452 
417 334 136 
246 176 77 
363 156 138 
248 148 334 
73 425 12 
429 117 386 
265 427 47 
97 71 457 
452 225 139 
430 310 122 
210 453 439 
99 215 253 
369 364 490 
213 458 22 
322 292 304 
492 122 483 
276 341 245 
368 5 348 
40 384 340 
456 4 57 
108 264 89 
254 261 119 
213 113 478 
26 178 346 
227 295 252 
474 439 194 
327 279 3 
328 386 195 
173 327 220 
25 341 409 
60 251 49 
260 92 42 
496 10 306 
392 17 16 
228 64 227 
468 206 241 
115 237 394 
156 64 328 
168 12 202 
488 372 460 
273 303 430 
268 465 491 
440 354 448 
172 322 108 
348 440 31 
394 432 310 
217 57 79 
369 60 103 
496 100 160 
0 60 190 
160 78 357 
320 306 20 
451 312 421 
457 273 321 
134 492 179 
5 76 373 
40 162 375 
115 339 304 
265 372 291 
266 60 93 
112 73 211 
86 16 62 
140 236 415 
399 35 360 
311 52 97 
187 317 288 
491 92 237 
363 294 393 
484 300 468 
222 393 456 
190 352 5 
38 151 405 
400 50 132 
190 138 45 
297 98 98 
334 107 231 
362 455 84 
484 48 207 
365 204 170 
52 18 265 
26 103 21 
141 264 264 
73 59 216 
472 414 408 
243 244 28 
36 402 31 
444 87 183 
5 294 480 
405 260 183 
173 95 117 
119 474 197 
451 485 68 
76 23 32 
95 247 427 
87 376 478 
203 19 297 
235 467 472 
43 203 46 
102 113 368 
284 239 234 
130 470 202 
401 168 183 
234 238 397 
495 130 230 
131 489 189 
251 408 331 
95 470 92 
205 203 290 
251 131 163 
174 461 423 
242 36 292 
71 140 265 
278 109 345 
281 400 433 
368 443 254 
492 322 2 
356 350 460 
386 467 222 
494 386 34 
127 218 484 
192 379 485 
416 311 160 
325 383 90 
331 341 70 
236 364 189 
446 178 89 
425 355 227 
254 473 266 
438 258 68 
22 324 378 
59 310 377 
494 45 48 
207 94 420 
186 249 182 
33 46 238 
52 150 33 
417 200 335 
244 372 218 
235 50 390 
5 116 198 
158 456 213 
193 460 9 
305 494 298 
171 38 470 
448 121 183 
499 193 146 
271 217 8 
464 350 383 
428 115 170 
37 252 307 
172 94 263 
478 413 273 
44 484 125 
177 131 210 
495 385 365 
454 102 327 
1 81 63 
25 287 38 
43 258 198 
487 142 419 
118 271 76 
490 392 235 
407 225 147 
219 329 32 
375 104 490 
108 201 179 
63 496 167 
25 355 418 
78 3 411 
0 62 309 
422 65 493 
486 490 258 
120 75 314 
349 83 105 
153 57 4 
471 460 458 
460 381 72 
428 298 170 
67 411 117 
352 377 152 
249 217 58 
47 5 332 
127 270 424 
247 31 322 
429 420 289 
22 238 206 
240 181 250 
32 10 237 
19 325 450 
393 347 364 
437 0 90 
44 136 328 
462 417 132 
398 258 157 
10 432 229 
306 2 241 
407 397 239 
345 335 460 
42 97 129 
57 281 127 
6 281 211 
75 217 341 
6 380 67 
108 244 22 
121 340 310 
294 128 384 
302 497 358 
269 141 103 
278 84 71 
458 304 266 
460 191 25 
229 319 264 
355 216 377 
277 70 23 
439 94 462 
217 64 257 
80 365 363 
378 408 180 
26 250 413 
41 493 190 
345 329 154 
77 407 410 
482 121 124 
474 20 152 
89 72 257 
394 271 98 
360 264 249 
90 176 71 
335 141 169 
459 214 239 
436 280 163 
20 20 374 
405 308 294 
9 254 157 
224 91 62 
468 494 139 
288 414 445 
224 245 108 
225 358 491 
301 19 214 
447 378 424 
100 487 142 
410 34 152 
437 357 100 
411 287 441 
142 271 26 
82 207 160 
17 444 336 
223 397 463 
178 383 298 
91 270 158 
49 162 89 
324 144 395 
