1000
3
58 426 131 
401 474 302 
430 136 155 
251 250 153 
10 340 446 
355 472 470 
75 44 436 
188 2 290 
248 288 488 
417 89 321 
243 198 267 
276 398 97 
499 348 310 
66 424 415 
167 311 304 
127 170 190 
364 428 72 
97 232 491 
209 188 253 
66 236 38 
378 391 326 
269 173 66 
431 60 114 
249 156 135 
110 47 467 
362 494 142 
250 181 132 
75 46 256 
447 318 148 
219 299 382 
197 343 480 
271 240 105 
436 320 306 
195 211 464 
134 317 307 
205 383 153 
298 468 398 
44 143 115 
392 41 82 
370 337 167 
44 38 165 
238 31 231 
467 255 460 
201 340 447 
358 310 290 
174 330 315 
307 81 372 
164 221 110 
118 338 147 
355 150 470 
450 163 258 
28 201 484 
155 469 421 
282 385 41 
353 446 74 
145 146 214 
276 198 253 
6 150 132 
109 171 231 
146 47 288 
476 466 297 
195 156 328 
48 458 391 
144 256 98 
352 398 480 
5 157 266 
372 212 100 
449 312 201 
162 32 137 
339 460 159 
27 186 7 
42 325 131 
403 195 179 
322 280 241 
18 20 380 
494 282 92 
205 418 478 
480 418 325 
270 356 81 
494 461 375 
397 79 247 
75 70 434 
309 68 461 
193 329 61 
278 38 489 
371 78 81 
323 226 51 
140 415 463 
314 306 4 
143 467 263 
85 235 64 
376 408 437 
196 114 283 
102 444 90 
215 31 421 
460 23 180 
465 189 325 
489 334 420 
266 188 385 
307 341 224 
176 348 445 
382 299 251 
274 305 486 
267 30 72 
88 93 352 
19 489 220 
18 498 236 
360 191 356 
424 478 137 
415 346 461 
465 306 456 
324 94 356 
241 99 248 
455 336 139 
45 286 279 
491 94 123 
453 97 268 
462 366 206 
475 294 3 
374 139 13 
397 156 313 
5 74 39 
326 34 335 
5 67 351 
229 244 230 
493 179 483 
301 38 74 
15 472 159 
272 397 249 
393 392 469 
468 290 130 
235 85 52 
227 469 226 
123 179 4 
78 69 99 
25 176 168 
203 475 26 
259 448 198 
321 405 312 
439 314 99 
422 281 431 
125 102 71 
432 269 183 
86 338 203 
411 206 194 
301 284 22 
279 327 456 
56 401 52 
127 234 477 
216 337 416 
142 177 123 
352 66 282 
300 332 411 
66 353 414 
126 115 266 
497 430 135 
25 412 427 
303 428 193 
33 323 62 
52 39 98 
148 338 320 
92 289 425 
56 205 164 
473 185 216 
343 394 247 
18 377 237 
323 434 293 
429 495 415 
409 4 474 
325 419 119 
2 264 123 
434 488 458 
365 264 445 
107 319 335 
363 468 91 
361 51 173 
215 320 468 
180 306 135 
141 32 474 
306 437 298 
448 54 452 
444 380 19 
163 164 323 
477 189 280 
244 314 493 
164 178 350 
275 187 100 
43 458 407 
42 357 216 
341 76 286 
82 310 86 
391 256 113 
254 403 257 
206 331 472 
316 106 67 
321 61 453 
484 39 87 
169 116 249 
124 221 222 
67 424 102 
214 493 16 
21 168 137 
478 196 382 
299 337 451 
52 182 314 
300 149 137 
230 314 64 
156 136 458 
388 248 87 
144 254 345 
9 224 56 
163 292 291 
128 209 202 
164 295 63 
436 417 400 
398 387 19 
412 438 326 
177 455 415 
48 22 207 
381 463 489 
398 219 275 
355 290 212 
429 288 380 
17 184 194 
93 10 189 
119 233 43 
31 145 454 
475 481 185 
121 153 81 
118 189 132 
3 140 361 
149 26 1 
277 251 48 
11 65 447 
488 277 372 
409 377 288 
179 263 182 
414 471 285 
420 222 330 
499 329 409 
374 36 287 
221 264 240 
27 224 284 
232 248 226 
274 205 378 
481 453 415 
111 18 12 
277 332 352 
277 324 147 
235 302 76 
218 223 335 
18 12 496 
459 335 488 
96 171 117 
470 475 77 
85 82 19 
251 222 496 
7 386 202 
69 490 94 
115 25 206 
304 376 274 
453 155 37 
386 357 254 
101 6 196 
455 168 45 
80 436 62 
200 18 42 
111 455 204 
62 120 86 
269 69 11 
18 173 410 
311 71 35 
67 222 436 
283 364 241 
357 116 22 
162 490 327 
20 61 320 
102 482 61 
385 141 488 
285 201 127 
419 351 416 
113 253 101 
303 443 29 
89 259 4 
271 236 353 
241 434 186 
60 257 109 
96 34 64 
224 154 453 
162 476 420 
227 368 158 
256 416 262 
160 471 332 
456 99 470 
198 107 41 
435 59 110 
467 297 476 
66 447 120 
34 456 415 
211 96 403 
390 433 216 
367 212 206 
0 196 158 
347 361 219 
128 268 37 
371 411 119 
101 392 147 
267 262 234 
229 394 220 
124 315 43 
402 404 221 
156 477 76 
480 13 476 
7 470 19 
245 54 437 
220 498 497 
480 450 216 
234 368 243 
361 493 149 
409 313 151 
149 55 430 
29 66 493 
8 187 211 
320 379 179 
345 478 14 
156 4 37 
390 145 74 
250 17 392 
473 38 429 
335 369 137 
143 6 108 
415 200 18 
65 356 206 
210 36 292 
74 228 7 
332 331 178 
447 204 24 
188 363 78 
158 127 439 
144 215 212 
353 498 247 
335 388 255 
281 254 221 
214 248 54 
291 256 57 
22 296 313 
24 119 126 
9 265 104 
192 266 416 
170 493 60 
411 460 387 
316 81 34 
305 314 269 
443 300 109 
424 37 0 
145 290 68 
191 94 148 
392 203 375 
300 350 241 
318 424 165 
235 75 464 
490 185 388 
390 485 368 
240 163 371 
192 351 180 
278 16 23 
120 300 357 
289 469 436 
412 431 119 
221 221 75 
220 293 381 
428 159 484 
404 312 456 
191 280 3 
468 287 102 
283 374 274 
358 2 45 
156 274 32 
234 323 288 
25 426 283 
154 407 242 
254 267 393 
191 200 92 
326 452 69 
217 457 23 
436 185 262 
324 480 450 
189 333 461 
114 490 51 
62 352 385 
38 51 398 
312 496 175 
422 292 216 
15 333 289 
207 249 424 
211 77 280 
23 270 344 
288 77 80 
497 176 221 
139 60 277 
462 262 399 
276 414 181 
268 104 362 
269 416 445 
334 225 495 
475 432 348 
349 36 454 
36 240 387 
473 225 345 
67 94 483 
281 290 120 
332 296 156 
53 98 101 
109 81 221 
396 118 265 
2 178 146 
341 469 96 
224 267 141 
386 161 85 
202 8 111 
498 82 330 
51 90 137 
377 173 101 
483 182 111 
293 456 339 
122 328 305 
414 146 447 
218 405 491 
118 328 56 
416 418 300 
342 368 201 
233 163 440 
318 199 331 
220 196 409 
81 138 41 
18 71 97 
383 224 301 
431 115 182 
49 459 175 
105 301 211 
305 174 156 
85 247 250 
412 28 330 
262 422 262 
339 262 253 
497 25 406 
32 279 12 
37 341 426 
144 134 159 
483 197 196 
261 239 411 
297 346 280 
451 351 117 
75 265 244 
57 161 298 
120 197 76 
249 497 227 
396 177 411 
268 215 382 
290 312 142 
265 485 439 
290 460 37 
231 136 395 
339 422 217 
244 411 49 
314 40 190 
15 412 470 
155 7 351 
76 466 105 
41 94 373 
399 482 371 
17 405 151 
190 285 188 
288 433 446 
168 244 117 
111 497 445 
459 296 150 
144 135 211 
345 298 231 
210 95 308 
423 216 241 
345 47 170 
458 135 239 
310 276 430 
94 276 425 
469 454 398 
290 297 377 
342 254 312 
105 118 345 
495 386 179 
360 149 37 
147 486 408 
245 6 18 
57 414 156 
72 92 309 
290 154 54 
22 290 63 
140 111 408 
183 469 179 
79 130 60 
499 10 451 
175 0 153 
269 252 32 
44 389 278 
171 470 347 
456 216 318 
339 398 282 
323 109 389 
441 291 300 
426 496 151 
28 147 152 
397 80 150 
9 223 142 
479 113 192 
482 161 303 
325 342 132 
161 46 97 
442 229 222 
187 411 154 
357 79 300 
247 322 40 
285 186 158 
210 107 447 
128 115 230 
424 370 179 
426 417 373 
440 473 261 
21 318 157 
27 315 250 
64 391 108 
359 62 449 
319 342 382 
417 120 155 
326 234 274 
125 444 109 
78 35 182 
481 289 254 
263 163 207 
27 275 360 
150 161 130 
356 107 184 
276 344 472 
369 30 197 
151 54 405 
10 283 58 
407 459 161 
386 200 215 
54 127 322 
29 344 181 
153 333 298 
329 194 145 
190 18 251 
207 130 494 
97 305 391 
303 202 336 
23 6 358 
51 182 4 
21 436 111 
476 401 401 
404 326 243 
293 452 390 
309 238 233 
389 467 122 
128 392 206 
370 417 198 
469 319 295 
68 69 121 
216 333 392 
7 330 493 
198 352 356 
59 291 296 
468 98 93 
290 325 489 
474 478 388 
484 451 340 
31 103 133 
56 67 53 
247 361 221 
390 297 392 
45 333 488 
370 22 285 
40 310 349 
368 239 406 
440 422 18 
214 443 417 
307 483 327 
18 358 109 
135 452 405 
399 224 389 
321 408 272 
260 46 203 
12 418 107 
244 476 474 
394 358 192 
317 183 54 
288 440 317 
458 408 79 
429 432 106 
486 148 234 
186 335 339 
38 340 331 
194 170 73 
64 322 361 
328 1 284 
230 24 252 
316 47 256 
112 187 195 
270 402 265 
456 477 310 
182 379 329 
392 216 42 
225 350 454 
80 129 318 
444 134 342 
12 392 214 
72 180 405 
364 355 330 
195 60 457 
155 467 198 
179 145 400 
434 143 364 
251 276 307 
436 359 333 
41 135 274 
333 226 51 
105 477 472 
13 11 169 
200 25 262 
170 226 198 
138 88 17 
67 422 387 
407 107 4 
305 69 126 
313 205 247 
53 7 392 
56 372 165 
92 353 224 
389 118 360 
214 392 344 
427 319 442 
433 75 15 
468 237 37 
198 20 280 
36 455 341 
284 81 210 
236 226 219 
396 274 71 
401 35 356 
92 67 53 
265 460 310 
151 328 34 
365 337 46 
345 253 383 
314 317 3 
36 152 341 
17 208 472 
400 104 265 
258 221 470 
443 123 281 
28 373 413 
188 370 144 
3 336 94 
214 356 455 
415 199 467 
269 135 452 
305 193 393 
454 95 272 
430 95 231 
260 70 180 
150 216 32 
410 228 393 
435 263 355 
404 83 194 
121 443 35 
315 90 363 
432 128 415 
292 356 212 
454 248 270 
41 282 242 
91 339 322 
210 299 253 
18 451 61 
384 89 357 
131 200 139 
1 106 73 
232 331 338 
311 462 230 
394 49 444 
172 360 468 
111 196 461 
310 454 129 
496 94 450 
337 28 264 
213 36 203 
208 141 320 
306 491 267 
313 240 162 
413 162 192 
7 446 102 
119 364 362 
38 30 71 
15 480 336 
108 26 85 
20 473 426 
492 211 431 
226 85 121 
191 230 82 
351 212 382 
217 208 329 
239 184 148 
288 83 223 
55 244 267 
95 187 324 
456 209 258 
496 64 485 
150 281 187 
408 38 35 
362 449 478 
210 395 83 
144 47 15 
337 227 472 
174 241 101 
343 297 55 
172 469 406 
6 109 238 
92 383 301 
193 360 165 
9 353 281 
310 86 76 
54 24 275 
165 483 246 
143 289 110 
338 39 398 
455 363 176 
67 102 411 
189 153 21 
490 224 472 
242 92 199 
63 231 205 
283 93 209 
188 265 287 
214 465 193 
74 453 387 
213 31 261 
143 298 312 
457 490 110 
479 395 95 
374 197 391 
408 378 347 
187 311 4 
65 177 490 
462 421 269 
236 137 336 
241 95 311 
128 7 199 
456 477 299 
429 420 250 
167 149 200 
301 375 426 
316 107 73 
263 330 245 
102 67 318 
447 399 359 
87 395 64 
40 49 391 
111 188 79 
61 372 165 
115 104 156 
297 434 171 
116 18 424 
34 382 210 
349 301 188 
139 90 225 
432 420 350 
202 68 100 
359 79 498 
469 426 478 
244 422 272 
275 419 110 
287 200 473 
123 82 451 
17 230 281 
184 211 422 
308 331 221 
145 298 242 
90 328 334 
67 414 106 
167 20 39 
323 434 381 
367 4 160 
379 178 323 
130 432 135 
209 373 94 
342 43 34 
301 214 185 
305 110 282 
496 44 313 
54 288 203 
376 168 162 
64 44 352 
67 253 137 
10 392 388 
28 207 498 
205 401 479 
436 139 375 
421 201 497 
266 116 244 
43 272 7 
286 294 53 
333 53 184 
158 243 327 
169 406 171 
479 380 426 
377 202 303 
190 305 99 
315 101 440 
159 26 340 
460 463 350 
284 44 332 
79 332 244 
397 198 378 
259 173 205 
153 395 300 
107 76 154 
252 413 152 
379 360 206 
179 439 333 
213 173 50 
2 381 413 
457 314 159 
453 99 466 
496 179 209 
360 313 182 
267 178 316 
29 281 288 
187 212 54 
361 377 370 
217 478 498 
96 90 441 
493 286 135 
205 153 239 
216 55 127 
75 244 25 
396 250 423 
439 155 161 
2 350 347 
473 7 12 
290 84 382 
395 473 338 
431 112 132 
153 201 8 
194 422 4 
153 128 37 
237 42 79 
449 156 437 
84 56 6 
59 279 488 
208 259 499 
6 283 227 
425 46 235 
6 348 253 
340 239 322 
419 72 44 
418 361 103 
133 326 110 
351 261 39 
266 409 217 
179 200 218 
236 267 433 
223 234 499 
158 320 316 
108 274 479 
498 333 438 
310 0 473 
310 486 461 
216 69 187 
14 372 179 
213 295 16 
323 249 251 
458 195 174 
176 331 346 
240 66 180 
440 307 130 
326 130 295 
225 485 350 
391 91 222 
360 211 270 
304 431 277 
290 350 457 
457 462 380 
9 181 242 
132 287 41 
136 268 91 
350 438 93 
260 490 350 
226 436 377 
418 399 204 
179 139 21 
314 430 368 
181 143 266 
107 113 0 
351 255 383 
412 308 210 
4 487 243 
359 172 435 
177 441 85 
116 36 126 
321 203 466 
386 457 468 
314 284 76 
352 363 407 
74 146 393 
223 191 54 
337 283 400 
400 47 23 
177 300 35 
51 304 190 
461 175 386 
153 402 251 
343 145 481 
170 348 449 
118 498 134 
317 294 462 
318 437 144 
281 177 430 
69 408 157 
382 339 259 
65 14 175 
330 114 222 
413 257 275 
181 93 171 
361 234 129 
308 144 223 
435 469 329 
340 201 285 
214 222 370 
374 227 366 
335 4 339 
416 411 258 
58 56 5 
290 58 152 
345 137 126 
138 498 248 
18 294 455 
107 403 55 
356 142 194 
494 184 251 
112 55 457 
125 50 388 
292 95 214 
434 492 96 
18 146 282 
419 384 322 
431 291 395 
44 350 157 
422 256 92 
263 339 419 
122 417 44 
466 270 323 
418 482 475 
489 350 210 
215 376 85 
52 150 58 
174 69 161 
197 92 255 
473 9 315 
356 159 191 
457 221 333 
3 398 74 
71 90 403 
74 139 165 
221 256 122 
425 206 220 
381 144 190 
83 53 86 
263 181 407 
245 337 349 
443 191 250 
120 164 353 
79 116 314 
362 462 297 
232 150 112 
293 457 273 
156 147 6 
420 173 122 
277 386 462 
0 305 448 
242 279 14 
91 279 297 
400 28 475 
268 284 30 
33 373 327 
396 466 352 
44 482 10 
234 425 26 
46 339 310 
364 0 63 
246 495 207 
369 314 447 
493 402 284 
