1000
3
188 395 113 
320 42 374 
216 211 378 
192 308 243 
21 369 178 
219 119 479 
331 316 221 
336 321 401 
376 10 469 
353 329 470 
77 448 377 
471 448 99 
465 451 136 
332 148 44 
479 341 473 
425 119 28 
443 308 281 
16 443 112 
165 168 405 
320 29 385 
466 150 491 
379 130 206 
217 428 203 
467 252 145 
448 472 193 
398 16 217 
281 357 414 
181 63 29 
237 224 48 
472 100 318 
334 382 349 
391 74 200 
155 86 65 
461 491 140 
110 478 76 
138 122 272 
175 156 385 
299 486 358 
357 6 455 
340 153 66 
438 353 160 
42 273 321 
28 248 52 
348 198 41 
89 492 304 
394 485 43 
439 198 365 
402 330 430 
77 262 299 
157 214 461 
413 385 311 
313 360 139 
242 308 254 
458 45 76 
130 315 198 
247 439 13 
195 479 366 
400 2 423 
265 389 53 
326 338 492 
190 342 259 
46 415 406 
176 383 77 
105 63 231 
182 486 352 
393 449 251 
214 29 66 
146 357 475 
171 160 46 
168 439 246 
212 181 274 
219 329 357 
150 124 358 
100 237 411 
460 210 7 
313 328 142 
247 498 358 
167 269 215 
343 133 67 
260 468 100 
467 290 331 
271 302 321 
105 133 387 
214 349 348 
110 406 273 
380 87 54 
163 385 386 
492 339 113 
414 372 464 
207 115 252 
80 313 193 
94 122 258 
403 67 127 
178 84 485 
165 338 181 
110 53 132 
92 309 231 
152 5 327 
272 115 368 
335 280 233 
318 306 394 
366 73 285 
113 209 232 
261 84 125 
243 413 186 
285 421 360 
13 391 404 
14 46 298 
474 473 54 
400 30 453 
403 315 325 
476 233 24 
435 4 120 
366 309 379 
60 289 94 
82 352 447 
323 463 136 
321 232 388 
322 407 273 
297 245 337 
417 205 113 
217 115 282 
242 206 227 
67 383 128 
207 146 39 
275 431 483 
184 355 6 
360 180 89 
460 273 245 
455 106 203 
472 437 378 
201 99 272 
492 306 248 
409 344 394 
423 259 169 
389 396 263 
27 94 20 
481 447 241 
235 399 160 
11 174 194 
86 276 496 
477 27 287 
271 182 53 
18 33 120 
496 304 194 
259 252 204 
499 80 242 
457 454 304 
448 488 109 
45 476 59 
401 264 181 
67 329 440 
225 472 115 
476 161 373 
263 56 257 
227 466 320 
451 252 2 
311 17 157 
205 254 328 
437 83 280 
20 156 351 
265 117 40 
422 283 160 
87 110 375 
160 459 94 
77 32 13 
438 118 218 
395 91 243 
9 185 41 
142 340 370 
57 146 252 
132 474 261 
293 31 468 
134 472 282 
281 137 371 
221 311 386 
78 19 230 
41 338 476 
27 92 9 
347 327 456 
287 417 131 
391 316 381 
56 392 154 
233 154 292 
189 143 22 
439 489 370 
350 411 485 
256 486 85 
7 36 45 
88 360 21 
77 52 282 
41 388 374 
155 276 488 
122 330 417 
350 389 462 
299 314 174 
123 378 419 
61 118 142 
215 410 435 
277 342 48 
250 204 33 
482 227 86 
357 20 495 
433 418 335 
381 331 314 
330 245 262 
46 424 8 
306 225 308 
101 371 115 
396 328 462 
278 199 350 
259 89 370 
237 65 358 
360 486 279 
426 31 293 
316 322 299 
228 136 333 
479 345 376 
225 111 278 
300 384 63 
50 255 456 
326 190 244 
415 164 365 
181 358 15 
482 372 108 
314 365 75 
299 491 281 
124 451 497 
145 54 126 
114 317 340 
117 399 68 
364 230 156 
432 497 258 
140 246 26 
442 432 177 
10 449 220 
266 184 453 
82 386 255 
152 384 236 
352 342 218 
25 417 22 
293 390 2 
429 143 53 
11 30 282 
481 48 377 
396 120 362 
247 5 34 
423 200 49 
468 497 168 
18 411 24 
414 499 128 
289 491 427 
497 4 468 
55 114 250 
160 266 273 
432 444 499 
239 16 76 
162 265 345 
15 336 0 
146 468 209 
153 92 65 
76 492 233 
92 226 468 
286 17 145 
313 210 50 
468 82 65 
67 140 142 
171 107 393 
230 257 427 
318 176 458 
162 396 475 
211 153 350 
319 237 494 
22 368 349 
56 308 419 
78 458 132 
129 420 445 
323 493 128 
264 79 33 
203 47 320 
413 404 280 
498 128 258 
203 332 483 
313 32 12 
416 244 207 
429 224 136 
87 395 37 
351 456 57 
288 287 135 
385 150 248 
41 37 282 
449 373 277 
164 468 310 
439 193 212 
449 138 64 
371 224 248 
443 142 101 
339 351 184 
141 474 78 
184 469 169 
307 219 74 
30 417 433 
397 188 188 
401 407 82 
393 19 283 
118 65 387 
279 136 442 
280 40 149 
450 102 271 
461 189 243 
132 488 141 
496 61 254 
445 364 316 
379 455 89 
242 314 331 
386 269 186 
202 66 462 
250 12 92 
208 293 206 
122 152 330 
471 359 250 
287 398 55 
84 106 429 
1 294 74 
146 121 439 
142 339 53 
452 395 143 
6 390 105 
476 292 134 
452 468 334 
437 70 370 
53 154 252 
109 21 468 
394 327 73 
408 56 300 
259 161 379 
53 364 146 
318 421 463 
74 309 204 
249 332 124 
79 120 1 
357 412 9 
12 141 23 
417 272 228 
277 412 37 
7 333 150 
412 308 309 
250 273 409 
32 231 436 
424 274 347 
292 3 152 
40 73 390 
10 71 68 
172 191 223 
485 199 97 
446 481 198 
198 259 386 
406 91 84 
192 42 107 
428 45 399 
75 486 169 
95 414 432 
453 286 96 
182 374 303 
117 131 347 
109 441 239 
108 133 178 
240 389 361 
170 34 294 
267 170 289 
313 464 204 
193 407 225 
85 458 168 
52 10 192 
319 104 382 
106 313 442 
482 294 486 
436 442 48 
397 404 284 
492 10 326 
93 243 263 
51 327 262 
106 342 126 
141 351 361 
428 487 293 
133 194 459 
300 7 184 
20 267 407 
117 275 56 
443 183 301 
117 274 101 
36 272 128 
317 143 427 
440 328 354 
254 16 338 
292 270 145 
139 155 328 
340 35 177 
335 306 271 
333 116 248 
224 114 364 
354 30 490 
8 409 289 
480 240 113 
316 7 336 
254 148 370 
461 59 368 
444 185 48 
359 321 151 
417 29 463 
177 244 387 
47 248 492 
411 157 394 
477 209 439 
59 432 205 
18 346 90 
418 259 90 
217 390 84 
194 120 215 
211 338 432 
34 480 17 
317 277 56 
259 287 444 
251 463 434 
364 370 415 
384 355 110 
416 21 147 
221 341 30 
299 418 207 
207 9 457 
396 319 143 
53 362 255 
404 21 371 
371 274 106 
266 12 498 
131 128 147 
431 168 353 
399 96 141 
419 130 142 
451 90 134 
388 49 193 
67 223 420 
348 213 452 
197 451 7 
96 21 472 
460 146 495 
210 127 277 
75 302 455 
218 471 450 
264 248 250 
389 416 55 
116 25 38 
34 87 389 
72 179 377 
175 277 34 
45 133 297 
261 205 9 
182 375 419 
339 77 415 
22 280 338 
432 467 92 
490 172 121 
420 41 309 
366 367 11 
292 65 0 
96 257 24 
321 396 76 
368 250 139 
183 276 455 
214 360 167 
68 87 487 
338 277 411 
221 374 251 
24 60 483 
190 127 115 
213 296 4 
228 104 455 
297 197 195 
255 474 305 
63 255 178 
193 383 74 
475 460 284 
282 284 263 
93 237 96 
49 100 320 
7 27 416 
493 105 184 
12 128 459 
297 43 70 
335 224 151 
151 392 390 
403 398 354 
271 447 131 
364 246 287 
222 431 382 
480 58 220 
450 488 174 
275 428 237 
83 419 384 
432 206 289 
140 220 178 
428 383 206 
165 492 453 
450 94 372 
18 371 434 
394 403 127 
471 445 490 
319 238 466 
444 402 341 
136 278 38 
103 366 362 
227 497 136 
128 267 345 
145 41 450 
464 111 139 
471 405 398 
175 134 209 
223 100 234 
320 426 349 
419 182 139 
207 180 197 
449 5 438 
67 313 221 
109 140 309 
36 349 104 
314 41 89 
395 177 310 
380 57 290 
284 168 257 
423 195 44 
161 395 495 
415 369 334 
81 199 269 
278 89 445 
349 36 365 
206 196 461 
451 482 217 
253 81 93 
203 141 222 
359 90 385 
316 118 191 
72 1 215 
237 105 415 
466 31 64 
458 475 336 
282 64 241 
261 27 147 
142 209 360 
83 486 226 
128 186 245 
444 432 182 
96 412 380 
487 232 283 
22 39 105 
365 486 330 
242 97 411 
258 427 279 
244 376 221 
173 67 333 
469 239 80 
132 475 37 
84 193 174 
220 461 411 
429 38 173 
211 82 206 
9 43 167 
216 435 318 
82 233 49 
73 142 396 
103 210 60 
373 9 436 
349 295 9 
164 352 234 
147 495 132 
26 194 182 
52 107 12 
279 267 278 
3 157 473 
416 190 231 
430 342 35 
38 327 253 
490 286 82 
413 356 79 
91 126 323 
341 143 479 
141 457 492 
343 389 471 
27 17 493 
162 221 75 
22 115 133 
491 142 218 
152 167 484 
349 87 396 
307 471 202 
38 16 414 
375 321 246 
282 181 320 
280 403 474 
467 434 61 
4 364 114 
35 223 24 
254 381 101 
131 66 23 
460 382 75 
363 94 204 
471 246 123 
57 473 308 
183 275 82 
495 463 359 
490 171 469 
52 185 68 
424 415 329 
7 301 392 
65 306 485 
408 136 400 
285 468 412 
293 165 482 
439 84 218 
163 402 107 
477 261 178 
35 340 142 
412 126 219 
82 433 121 
393 235 52 
279 142 51 
235 185 241 
416 285 467 
131 115 2 
33 291 418 
453 151 29 
65 336 302 
101 220 418 
285 13 176 
437 39 12 
463 36 483 
446 298 74 
306 65 182 
17 464 242 
122 19 252 
209 233 91 
186 59 376 
385 323 493 
435 20 152 
134 189 241 
288 266 445 
120 8 127 
417 150 424 
366 70 402 
84 114 287 
302 0 340 
207 347 234 
86 340 42 
103 311 182 
269 345 10 
449 76 192 
487 485 345 
347 187 144 
104 430 75 
334 441 474 
90 364 316 
101 448 221 
53 197 12 
123 113 24 
56 443 342 
319 244 37 
236 35 476 
254 310 452 
66 219 322 
489 104 328 
461 332 224 
434 3 336 
78 243 255 
413 407 228 
460 465 290 
499 430 233 
141 127 328 
222 75 145 
332 235 170 
187 398 352 
197 36 362 
80 354 482 
408 316 389 
80 118 476 
328 223 477 
387 499 457 
182 249 205 
165 456 369 
131 90 122 
299 65 154 
58 275 210 
139 322 284 
429 475 244 
130 337 437 
340 323 211 
204 42 436 
247 267 329 
333 328 462 
132 151 33 
153 1 114 
124 466 488 
343 496 21 
206 410 368 
137 433 413 
399 174 177 
294 415 103 
201 104 92 
130 236 262 
342 182 260 
84 3 33 
337 191 447 
314 418 279 
270 46 397 
327 169 496 
309 265 454 
335 488 357 
337 257 48 
226 16 293 
227 484 278 
437 444 300 
496 194 73 
485 42 338 
18 408 29 
217 224 335 
310 88 430 
427 490 63 
114 408 353 
148 449 334 
226 429 17 
63 233 175 
240 405 160 
406 77 433 
416 314 255 
177 188 87 
374 134 292 
493 410 3 
395 490 94 
287 71 118 
278 225 402 
58 95 451 
235 145 452 
196 11 107 
374 172 75 
403 444 198 
87 236 436 
200 439 212 
471 295 402 
218 333 370 
287 210 162 
326 305 435 
260 136 32 
17 448 103 
454 281 308 
188 149 263 
331 224 14 
367 133 317 
70 279 143 
137 414 413 
143 468 80 
260 365 134 
374 417 36 
358 103 425 
408 37 336 
362 330 194 
266 176 407 
434 389 385 
391 129 183 
132 388 385 
155 447 11 
215 171 440 
486 208 397 
120 468 460 
282 284 332 
311 478 488 
129 210 296 
121 448 105 
265 493 294 
255 424 190 
96 406 293 
414 321 49 
268 395 123 
124 467 239 
380 220 315 
474 112 272 
50 3 268 
88 457 158 
309 496 301 
220 483 21 
58 62 78 
32 217 175 
446 100 323 
275 459 191 
150 207 111 
436 2 87 
233 168 78 
493 336 212 
87 231 124 
155 390 170 
162 393 465 
206 185 412 
122 133 69 
350 280 462 
318 324 156 
376 182 466 
425 104 385 
396 178 164 
436 397 359 
476 164 167 
106 87 338 
184 260 163 
291 361 473 
246 48 460 
490 443 204 
131 269 445 
228 220 334 
487 289 255 
84 32 97 
485 152 470 
253 239 35 
462 95 483 
80 150 31 
23 328 159 
428 486 342 
490 41 213 
347 123 50 
495 363 26 
261 442 366 
378 282 375 
377 371 199 
200 289 196 
154 268 281 
366 173 291 
361 232 191 
324 392 419 
140 262 48 
30 8 175 
354 332 374 
472 403 170 
392 474 65 
137 366 389 
10 208 371 
112 267 79 
25 160 220 
376 205 278 
40 463 299 
136 11 129 
212 412 199 
85 438 10 
239 464 350 
147 245 127 
26 291 484 
287 61 47 
122 401 134 
423 135 152 
49 444 357 
464 9 130 
289 405 217 
34 484 289 
470 35 219 
307 105 279 
137 337 499 
320 22 261 
137 273 185 
452 30 219 
288 316 352 
310 72 60 
130 465 296 
270 165 21 
75 272 163 
43 458 324 
181 188 252 
323 369 411 
344 441 138 
201 469 384 
252 37 210 
219 161 487 
37 106 198 
43 246 363 
456 173 137 
439 171 143 
8 359 141 
311 224 102 
340 489 55 
485 449 453 
462 254 164 
388 185 126 
105 49 20 
442 398 492 
103 85 119 
381 34 432 
484 258 338 
447 437 64 
183 240 112 
461 54 450 
1 20 144 
237 318 96 
302 472 347 
494 369 36 
204 446 369 
315 62 299 
358 201 48 
392 22 145 
246 159 258 
483 269 228 
397 55 255 
493 427 433 
42 42 0 
394 36 380 
111 72 137 
268 310 127 
32 221 88 
397 317 114 
438 332 76 
175 269 342 
55 128 129 
122 334 145 
306 198 228 
313 363 348 
47 485 463 
291 465 39 
185 274 181 
200 137 12 
213 268 426 
133 102 382 
171 409 183 
440 433 191 
235 297 86 
196 216 145 
55 350 17 
214 273 271 
88 413 179 
127 319 281 
321 127 482 
272 156 312 
148 479 365 
4 231 217 
349 420 317 
367 223 51 
42 439 373 
103 261 55 
245 414 375 
70 398 392 
115 462 124 
244 163 285 
454 117 320 
441 308 155 
60 450 197 
283 37 216 
389 332 155 
359 12 8 
152 384 374 
67 48 41 
252 114 355 
344 74 57 
391 72 487 
63 499 362 
413 267 334 
480 234 332 
223 280 451 
429 401 304 
417 92 270 
253 18 498 
416 334 361 
321 251 35 
318 128 124 
103 320 75 
96 168 375 
267 2 22 
198 89 478 
383 470 328 
57 466 490 
288 10 133 
191 219 391 
386 435 404 
130 499 277 
119 149 74 
352 396 392 
228 252 442 
274 64 60 
4 18 457 
426 212 259 
17 93 224 
80 294 425 
43 258 348 
196 280 489 
224 215 169 
113 403 103 
471 202 130 
366 406 231 
495 389 97 
452 122 499 
461 399 66 
197 451 81 
39 230 304 
195 408 367 
300 251 309 
463 175 82 
417 273 392 
383 254 55 
246 370 134 
343 370 196 
