1000
3
234 30 167 
208 67 424 
446 159 485 
228 403 92 
120 391 204 
419 176 373 
183 119 4 
360 357 18 
184 236 242 
144 19 457 
330 389 388 
165 458 468 
365 340 322 
261 463 362 
316 397 110 
213 303 53 
468 73 349 
89 384 397 
307 184 280 
334 30 306 
59 402 387 
413 190 307 
96 313 460 
27 71 255 
102 273 336 
169 429 490 
11 340 377 
354 68 71 
394 497 323 
104 194 347 
468 373 143 
176 383 325 
360 232 278 
0 211 207 
127 353 305 
253 85 359 
134 422 12 
133 313 160 
121 416 91 
142 68 266 
364 106 385 
344 478 95 
458 263 178 
313 402 221 
427 425 63 
276 46 172 
323 401 404 
477 73 199 
494 248 83 
125 430 87 
124 350 217 
435 324 160 
245 375 435 
321 349 61 
339 123 231 
421 183 394 
412 445 44 
249 72 447 
160 293 146 
150 126 338 
96 67 85 
480 80 263 
201 69 99 
23 151 262 
67 329 418 
335 140 479 
270 409 55 
489 450 395 
297 179 243 
121 340 73 
167 262 189 
144 288 68 
219 190 96 
322 104 341 
338 446 153 
40 173 261 
77 271 58 
12 286 202 
368 452 416 
311 199 79 
315 209 200 
138 228 196 
421 467 373 
354 118 428 
66 331 60 
137 71 226 
155 196 266 
209 217 491 
3 412 458 
260 177 285 
311 53 157 
499 44 173 
185 208 387 
156 38 41 
494 211 270 
331 169 204 
253 336 384 
13 157 165 
236 43 201 
38 21 383 
279 2 9 
248 37 358 
224 369 165 
445 227 275 
250 7 404 
390 23 235 
496 69 480 
50 436 107 
127 122 191 
358 4 296 
324 404 114 
163 207 101 
370 138 54 
256 428 81 
474 324 201 
359 373 118 
326 128 30 
318 414 238 
272 176 471 
274 197 402 
8 107 499 
372 387 54 
422 499 190 
460 317 250 
97 321 25 
75 266 253 
252 423 62 
10 159 106 
324 394 35 
346 99 139 
463 54 117 
398 403 154 
378 312 10 
74 428 92 
489 492 325 
469 407 60 
163 50 285 
128 73 129 
419 169 274 
334 298 433 
99 407 409 
18 307 445 
283 71 234 
89 119 446 
324 88 74 
354 139 224 
247 88 219 
25 280 126 
339 61 198 
287 57 109 
331 370 148 
40 499 430 
178 185 431 
403 408 397 
120 355 374 
18 361 308 
375 252 172 
17 70 43 
290 104 209 
42 499 400 
131 435 176 
441 65 123 
437 434 230 
245 31 117 
359 339 382 
22 478 374 
349 181 75 
472 395 121 
417 451 342 
204 327 196 
403 477 362 
201 124 450 
99 176 462 
198 483 154 
492 290 480 
41 301 321 
16 103 210 
90 496 455 
472 499 166 
361 420 16 
100 330 346 
181 56 118 
260 140 94 
79 347 419 
25 415 177 
114 414 406 
469 374 216 
217 105 259 
397 11 266 
79 286 174 
109 216 180 
258 447 107 
7 215 63 
400 69 188 
340 356 440 
261 158 172 
302 221 230 
336 470 449 
141 163 331 
74 222 434 
25 373 20 
189 132 294 
196 189 445 
175 69 273 
353 431 201 
392 424 31 
147 10 123 
447 335 87 
70 54 226 
359 165 29 
81 66 119 
327 405 227 
56 283 199 
94 72 462 
38 89 181 
188 426 297 
282 209 169 
37 114 293 
101 343 60 
481 473 134 
365 188 436 
73 292 99 
384 278 251 
246 69 295 
166 385 439 
469 385 446 
42 7 404 
312 171 164 
134 381 292 
220 248 37 
252 309 483 
347 470 70 
413 174 414 
29 393 457 
394 258 329 
19 382 444 
290 151 22 
236 187 411 
342 445 52 
208 412 483 
334 254 285 
396 296 262 
462 400 384 
134 74 373 
492 301 285 
273 340 292 
230 288 272 
325 246 397 
23 66 288 
308 136 486 
188 242 106 
125 196 146 
71 497 103 
2 434 462 
40 113 317 
442 312 302 
202 41 292 
430 322 129 
45 323 229 
302 443 63 
165 367 241 
471 288 477 
395 389 385 
24 266 101 
307 431 81 
55 247 288 
413 11 401 
42 354 125 
201 452 189 
497 159 379 
422 68 439 
427 111 393 
329 406 324 
342 326 179 
31 390 36 
483 236 332 
447 162 385 
467 64 382 
199 194 316 
24 204 151 
206 72 314 
487 415 9 
6 428 411 
461 186 92 
301 145 445 
346 283 194 
317 331 272 
66 367 91 
411 89 251 
85 340 482 
235 257 223 
433 217 262 
181 239 282 
405 279 198 
134 429 271 
388 46 207 
46 159 92 
230 124 459 
345 241 369 
79 167 406 
497 154 34 
199 380 410 
213 307 172 
40 66 138 
378 208 150 
298 139 94 
424 87 91 
390 402 306 
15 260 333 
331 88 65 
94 264 85 
67 412 230 
219 320 286 
342 469 175 
431 77 450 
39 216 422 
125 84 352 
237 460 420 
290 490 430 
395 452 223 
39 99 440 
131 31 115 
143 308 74 
455 174 188 
479 149 357 
404 364 32 
100 130 243 
195 398 261 
127 268 180 
499 468 346 
130 287 150 
56 493 185 
17 177 485 
375 435 245 
275 77 463 
15 280 173 
137 138 260 
194 398 385 
245 468 306 
266 365 481 
58 238 430 
366 157 404 
14 0 91 
288 423 210 
232 269 172 
121 128 59 
415 431 235 
29 382 457 
252 99 6 
220 203 43 
387 191 208 
411 218 272 
76 487 474 
20 414 438 
156 317 27 
8 182 311 
143 234 479 
83 28 318 
129 388 369 
73 461 191 
160 326 184 
435 157 241 
56 69 379 
167 65 199 
474 349 174 
360 459 312 
304 232 143 
372 296 355 
270 472 214 
419 249 78 
102 352 96 
92 232 362 
421 124 333 
378 362 289 
208 351 242 
135 59 216 
35 181 149 
64 269 141 
266 129 35 
196 3 413 
62 116 125 
219 390 440 
337 223 405 
296 473 246 
365 111 85 
425 243 454 
140 111 377 
490 428 298 
492 437 165 
447 473 5 
274 15 475 
62 189 188 
372 463 293 
8 33 465 
19 320 56 
400 311 300 
284 375 133 
107 348 119 
106 135 177 
71 488 463 
466 211 375 
329 110 39 
292 363 441 
192 431 453 
356 242 364 
330 251 453 
487 241 173 
242 106 459 
368 108 77 
90 135 81 
240 84 329 
159 12 422 
159 157 331 
348 245 243 
280 220 443 
369 496 47 
3 161 199 
231 8 263 
494 451 224 
350 388 8 
303 201 377 
498 33 368 
363 423 435 
170 145 364 
399 373 271 
219 425 200 
483 228 314 
272 230 112 
462 86 106 
187 342 85 
16 357 469 
297 119 458 
340 79 211 
292 358 363 
9 178 149 
249 104 214 
383 433 349 
91 293 91 
172 154 378 
446 46 91 
309 284 403 
393 120 215 
493 122 497 
147 444 16 
351 97 478 
10 274 80 
15 423 0 
146 53 54 
468 369 229 
85 161 417 
54 108 157 
191 27 51 
48 96 229 
276 408 157 
231 448 6 
422 497 364 
254 161 201 
88 185 28 
88 463 188 
47 334 443 
486 409 5 
128 366 159 
320 356 19 
292 137 11 
52 420 479 
64 416 479 
174 480 13 
408 33 57 
425 271 474 
144 147 16 
218 241 154 
448 420 9 
360 83 356 
427 394 371 
494 206 135 
192 492 215 
181 348 105 
342 419 442 
43 224 257 
295 259 332 
390 197 354 
218 300 288 
447 258 115 
227 369 225 
127 453 59 
464 392 334 
375 490 212 
180 345 87 
216 134 199 
390 321 144 
291 327 290 
341 88 368 
362 434 186 
479 279 464 
410 450 58 
334 206 494 
199 241 187 
28 382 401 
79 1 232 
209 338 22 
324 322 121 
334 145 36 
114 244 156 
99 9 172 
348 437 303 
253 426 166 
405 97 472 
405 88 58 
466 166 195 
166 35 418 
55 234 94 
281 386 15 
80 495 259 
474 151 369 
51 438 2 
51 81 475 
196 145 161 
282 459 155 
494 404 321 
206 261 353 
237 305 346 
279 188 108 
338 36 188 
41 188 37 
295 377 109 
259 237 381 
23 452 331 
70 337 356 
304 78 258 
438 262 343 
241 214 450 
363 96 253 
142 481 72 
336 375 474 
108 82 311 
250 59 321 
29 152 421 
312 256 119 
115 146 467 
163 322 207 
474 43 222 
266 462 459 
276 499 335 
34 430 167 
167 7 479 
180 27 230 
125 495 330 
7 356 322 
338 466 361 
266 436 289 
293 396 232 
191 89 419 
50 158 198 
498 275 485 
146 161 206 
204 305 32 
136 384 227 
289 40 66 
138 42 430 
144 336 208 
107 473 88 
404 193 235 
242 459 248 
183 366 41 
219 92 193 
198 214 287 
259 110 134 
248 380 59 
276 446 417 
66 80 250 
384 390 124 
258 161 133 
144 339 133 
473 185 402 
381 98 155 
280 115 414 
34 383 479 
194 284 453 
453 401 408 
26 153 116 
222 362 237 
134 407 380 
187 12 286 
471 421 264 
413 252 54 
406 362 269 
123 66 301 
249 432 107 
171 428 106 
200 49 198 
308 144 439 
485 46 46 
248 468 22 
60 123 51 
116 223 373 
460 317 468 
393 379 135 
313 389 99 
119 438 274 
494 271 187 
48 31 8 
28 113 347 
65 316 228 
253 303 119 
362 71 184 
243 115 431 
491 318 239 
422 253 171 
433 77 210 
458 282 473 
407 341 151 
377 352 462 
248 15 368 
383 141 340 
85 458 3 
35 241 69 
68 484 306 
29 401 6 
98 460 81 
1 316 84 
74 406 319 
288 311 319 
13 346 357 
171 135 15 
136 316 92 
152 471 74 
361 470 133 
71 125 368 
458 482 361 
160 268 278 
293 276 239 
129 283 252 
213 177 174 
298 60 454 
400 244 234 
385 4 374 
286 366 214 
272 152 33 
221 129 79 
196 448 59 
476 177 494 
441 428 194 
439 119 199 
55 419 72 
384 411 313 
247 273 344 
334 136 131 
241 78 329 
347 477 304 
93 440 338 
285 274 252 
436 222 372 
78 65 235 
30 315 242 
148 468 278 
376 347 394 
322 352 29 
253 111 248 
430 192 176 
164 9 251 
339 254 445 
187 180 411 
217 129 265 
6 210 386 
391 450 90 
20 453 87 
30 159 254 
34 329 134 
49 203 305 
273 405 13 
124 33 451 
386 100 340 
152 156 175 
68 204 484 
405 214 213 
257 211 433 
458 485 246 
265 427 409 
315 419 386 
431 286 69 
320 41 497 
356 154 139 
213 420 140 
182 57 204 
51 437 368 
253 23 362 
358 378 340 
234 14 152 
302 133 170 
72 413 254 
220 346 79 
51 357 75 
464 177 458 
499 272 398 
262 185 311 
323 399 30 
443 98 192 
281 300 79 
112 468 436 
55 6 380 
291 289 100 
474 168 439 
131 355 422 
192 69 190 
352 302 170 
489 416 360 
373 306 100 
291 163 359 
469 282 302 
114 388 114 
479 111 91 
467 286 304 
349 254 31 
304 424 444 
335 227 56 
226 438 426 
169 98 267 
474 317 433 
386 216 440 
327 240 256 
289 243 410 
227 230 10 
490 232 193 
127 62 297 
141 289 447 
88 88 389 
340 284 494 
106 353 235 
148 315 289 
319 364 240 
140 68 177 
37 342 98 
151 205 139 
278 435 294 
275 259 370 
275 211 328 
32 431 211 
57 252 72 
299 447 296 
309 269 253 
6 440 476 
209 242 409 
459 468 251 
411 22 342 
297 360 338 
202 334 58 
409 342 276 
61 232 227 
375 100 293 
72 48 43 
272 141 13 
202 122 347 
498 9 330 
407 237 226 
143 220 466 
425 184 369 
86 313 30 
133 148 310 
53 90 258 
78 218 97 
270 282 489 
496 290 100 
300 74 44 
360 321 309 
490 332 118 
113 126 475 
135 217 157 
246 186 150 
256 462 201 
468 454 182 
299 202 13 
442 165 442 
145 24 410 
6 267 411 
199 118 358 
458 394 428 
277 497 25 
126 104 407 
57 22 225 
350 316 411 
118 64 56 
392 409 218 
14 11 481 
156 214 428 
149 392 73 
395 304 0 
177 77 395 
264 122 95 
6 409 270 
418 337 117 
130 7 19 
415 25 325 
202 202 323 
18 267 274 
198 470 477 
31 241 192 
436 87 9 
328 51 378 
192 341 212 
336 214 4 
225 92 172 
477 484 181 
381 231 208 
351 448 308 
454 143 251 
338 187 355 
338 37 240 
85 303 93 
263 38 401 
264 333 68 
377 34 170 
34 69 401 
430 328 498 
293 415 348 
141 224 62 
203 165 123 
2 372 416 
113 333 50 
6 420 354 
445 80 463 
190 137 63 
151 386 492 
262 315 365 
418 438 286 
159 413 187 
155 180 38 
296 53 256 
31 487 217 
197 232 200 
478 140 386 
370 479 246 
311 211 232 
482 236 333 
270 472 101 
181 137 236 
27 261 305 
460 428 55 
185 8 411 
8 37 312 
254 459 37 
389 62 106 
488 402 98 
167 151 255 
345 344 59 
283 454 253 
459 90 169 
340 37 49 
13 411 341 
494 84 254 
432 169 60 
240 247 489 
356 372 17 
390 126 161 
325 483 377 
374 126 263 
333 372 397 
105 440 90 
393 56 260 
164 275 226 
171 305 167 
441 37 107 
163 208 360 
428 7 449 
462 394 383 
348 236 32 
362 296 470 
104 76 101 
307 129 82 
448 11 286 
241 216 212 
310 197 335 
254 15 13 
403 183 231 
57 219 236 
385 460 268 
370 61 464 
233 205 83 
10 434 215 
480 11 450 
268 36 1 
204 269 320 
375 440 116 
34 370 352 
488 123 57 
377 158 460 
184 273 284 
117 59 178 
234 93 173 
320 467 456 
310 205 477 
236 250 158 
169 499 393 
367 445 286 
52 380 468 
46 257 115 
498 373 319 
345 313 108 
156 56 12 
20 220 151 
399 168 307 
402 488 424 
16 242 109 
292 199 293 
230 164 405 
323 214 492 
173 420 10 
201 153 246 
418 423 455 
7 121 146 
280 128 48 
328 272 53 
106 325 432 
332 99 389 
300 462 35 
319 431 485 
207 180 138 
369 411 76 
47 366 294 
148 128 306 
319 36 291 
493 69 236 
475 345 399 
474 280 169 
195 84 393 
181 148 445 
360 407 53 
110 472 85 
253 145 187 
447 298 14 
370 374 288 
410 314 235 
155 225 329 
390 307 45 
426 203 127 
237 229 354 
433 348 143 
451 199 186 
307 289 304 
473 283 88 
393 282 70 
158 2 192 
390 131 292 
122 453 101 
278 404 329 
415 409 14 
197 414 250 
133 289 374 
494 496 86 
252 276 109 
166 417 59 
314 191 199 
70 73 254 
123 191 79 
316 313 16 
316 349 309 
417 361 217 
85 266 436 
464 249 164 
477 458 47 
409 90 408 
313 465 117 
182 272 280 
26 126 324 
118 160 341 
132 385 453 
362 449 302 
329 217 46 
355 153 230 
366 153 456 
306 145 494 
443 217 474 
118 343 99 
214 17 295 
446 259 481 
406 350 223 
332 378 420 
176 440 287 
92 393 195 
19 317 371 
216 322 63 
163 17 439 
457 235 467 
349 233 176 
50 392 162 
486 156 212 
465 336 83 
197 4 380 
40 101 6 
479 372 443 
115 386 377 
217 161 12 
381 253 209 
200 183 218 
441 7 222 
201 451 7 
76 258 58 
267 124 24 
76 54 9 
385 45 400 
248 41 143 
