1000
3
226 320 406 
384 238 329 
212 434 318 
375 217 188 
466 376 182 
351 345 269 
245 253 10 
125 259 126 
65 290 40 
399 136 174 
133 429 424 
343 56 15 
27 195 32 
374 419 4 
392 331 228 
212 473 438 
84 317 200 
446 364 112 
111 188 476 
215 140 126 
44 293 68 
381 486 394 
145 435 483 
385 495 135 
461 271 114 
82 183 8 
113 76 129 
412 368 312 
188 352 499 
269 54 148 
426 54 295 
199 441 182 
323 90 149 
405 452 433 
58 70 412 
391 5 489 
36 97 69 
196 376 482 
73 67 434 
378 389 499 
431 477 94 
381 177 76 
477 163 92 
475 348 30 
164 42 112 
322 231 318 
59 453 229 
94 333 52 
191 308 487 
24 238 170 
460 243 278 
230 483 58 
383 483 31 
341 376 229 
490 83 13 
349 297 344 
175 366 209 
292 443 20 
106 53 201 
220 229 294 
141 338 428 
424 99 187 
471 13 151 
156 31 479 
455 420 282 
179 154 32 
118 452 179 
92 482 292 
250 206 463 
378 124 202 
448 176 493 
381 138 204 
439 300 184 
466 282 432 
478 146 43 
416 369 158 
138 415 225 
414 276 37 
308 344 179 
220 36 13 
344 324 112 
352 103 112 
325 276 426 
245 498 310 
117 6 91 
50 102 469 
191 256 471 
84 64 357 
33 123 285 
456 324 207 
306 70 402 
253 169 146 
271 377 301 
447 415 429 
211 247 86 
394 278 423 
172 351 364 
205 284 102 
311 246 435 
203 122 100 
95 318 199 
466 142 329 
87 92 62 
496 14 434 
154 246 321 
75 495 209 
267 184 94 
381 259 253 
161 246 192 
156 433 481 
427 112 426 
98 85 145 
227 291 93 
191 374 279 
233 33 180 
202 162 221 
146 374 99 
338 475 361 
197 169 358 
246 253 252 
476 320 275 
392 243 346 
52 3 166 
493 56 352 
84 493 233 
103 101 170 
284 405 72 
198 113 224 
468 61 282 
311 431 382 
385 154 79 
26 375 121 
148 66 318 
3 442 449 
120 74 153 
211 94 305 
132 219 135 
79 462 344 
241 131 324 
398 18 301 
463 176 9 
133 319 26 
156 386 343 
171 49 162 
212 320 53 
269 391 259 
425 55 226 
427 349 375 
463 69 499 
263 428 129 
197 494 296 
191 131 130 
200 7 263 
307 438 416 
260 112 459 
454 38 377 
292 469 45 
157 430 123 
260 242 410 
79 248 495 
348 132 234 
442 205 104 
445 281 461 
127 323 36 
35 58 404 
272 420 227 
12 470 330 
368 266 26 
101 343 209 
439 25 381 
335 152 11 
200 426 90 
490 177 155 
469 114 296 
215 49 104 
388 251 179 
150 227 332 
244 479 360 
112 294 50 
42 256 405 
418 408 453 
34 457 229 
281 136 255 
78 339 95 
49 360 202 
462 135 174 
327 288 326 
270 299 56 
229 165 452 
227 398 350 
177 102 147 
447 304 133 
308 451 199 
174 244 178 
107 15 379 
53 233 492 
27 353 304 
217 39 204 
232 288 178 
105 253 147 
396 478 135 
425 203 223 
58 468 417 
33 319 326 
334 253 170 
380 370 240 
256 86 304 
364 280 492 
214 157 213 
322 196 309 
307 66 69 
301 23 39 
50 10 74 
131 194 165 
459 178 115 
467 320 283 
286 285 38 
107 225 276 
305 481 427 
460 351 37 
181 351 43 
214 177 417 
441 430 471 
235 361 8 
343 5 325 
465 396 262 
478 224 70 
52 357 229 
420 184 334 
205 140 187 
226 157 352 
466 283 337 
383 364 85 
88 388 7 
362 421 83 
271 209 224 
385 115 175 
438 367 245 
95 432 156 
472 488 8 
256 248 170 
279 36 47 
357 479 303 
363 274 195 
244 333 213 
146 299 481 
73 421 346 
68 335 14 
108 375 249 
322 189 257 
41 374 313 
145 371 349 
247 265 301 
257 314 183 
242 153 475 
478 498 277 
438 417 399 
270 236 412 
323 384 330 
460 214 248 
455 246 159 
286 360 204 
28 481 92 
280 354 291 
332 166 411 
265 29 105 
306 4 269 
493 93 261 
253 308 138 
51 40 102 
368 231 134 
80 474 253 
384 62 298 
454 423 117 
219 193 408 
337 142 12 
374 242 283 
367 35 182 
292 476 246 
199 436 8 
35 159 261 
2 206 30 
496 114 1 
467 345 256 
340 180 303 
358 186 16 
298 264 262 
110 16 495 
189 444 435 
338 68 62 
345 442 118 
85 94 197 
27 145 175 
162 208 435 
104 223 58 
343 207 19 
492 122 449 
402 333 44 
378 292 7 
35 233 419 
409 415 402 
451 346 365 
135 212 361 
139 246 45 
297 46 289 
11 339 76 
213 248 127 
417 93 487 
159 101 419 
98 76 255 
45 452 130 
37 42 133 
191 272 156 
471 412 235 
265 446 19 
368 342 56 
94 79 184 
164 325 300 
151 106 0 
348 422 92 
240 403 376 
35 252 65 
249 432 248 
112 40 98 
480 146 345 
178 287 372 
172 35 35 
379 284 208 
2 398 443 
187 36 245 
51 339 196 
325 206 406 
121 350 463 
121 69 346 
240 446 153 
115 69 161 
100 352 39 
51 114 372 
218 3 382 
493 280 246 
51 305 11 
463 432 271 
447 104 119 
333 313 232 
167 153 256 
286 31 347 
353 18 123 
46 238 176 
151 319 1 
490 187 303 
348 43 429 
135 101 407 
171 447 142 
441 72 236 
178 77 366 
19 224 210 
190 444 450 
303 487 496 
127 422 198 
155 145 113 
260 353 341 
415 414 284 
85 440 161 
19 384 425 
26 222 42 
307 157 7 
471 342 454 
273 42 445 
77 400 236 
101 443 241 
319 200 15 
143 304 272 
499 39 399 
93 263 480 
381 428 403 
416 234 175 
425 109 423 
498 152 403 
115 171 173 
183 285 137 
166 128 325 
362 460 101 
261 484 74 
104 80 236 
233 195 277 
275 117 53 
341 36 449 
340 434 362 
434 429 101 
303 294 85 
288 303 160 
320 321 292 
36 251 7 
366 64 120 
179 134 214 
462 87 164 
259 426 71 
35 390 149 
33 131 397 
284 18 125 
72 162 456 
257 311 350 
367 373 214 
253 495 406 
321 298 344 
154 315 178 
37 53 196 
370 437 256 
311 481 15 
187 433 71 
304 139 472 
350 32 421 
264 141 197 
190 423 307 
117 136 38 
127 296 442 
447 194 397 
445 218 397 
289 387 165 
94 262 28 
103 474 186 
219 18 289 
41 390 223 
450 481 91 
83 337 397 
313 441 466 
465 251 455 
128 396 324 
192 112 13 
203 131 41 
372 401 405 
82 45 469 
1 359 311 
240 241 332 
14 20 465 
278 27 75 
44 232 217 
248 190 127 
369 442 458 
178 89 28 
250 306 94 
490 221 190 
412 35 233 
143 357 172 
296 243 237 
384 109 56 
50 324 81 
155 308 166 
101 30 426 
471 440 460 
199 404 189 
45 444 483 
93 171 419 
47 315 439 
396 188 325 
316 316 395 
381 309 207 
19 5 394 
257 329 248 
83 261 288 
137 437 213 
173 377 434 
97 369 295 
80 238 441 
115 189 161 
82 169 414 
257 411 354 
162 166 436 
409 6 15 
73 238 204 
395 232 303 
217 318 448 
473 377 495 
226 65 217 
394 446 356 
375 9 136 
282 274 280 
278 106 39 
359 387 259 
230 493 213 
443 351 244 
442 33 493 
363 232 22 
25 364 284 
245 75 289 
254 179 475 
123 396 461 
311 75 425 
409 465 281 
300 365 343 
428 126 80 
434 316 172 
339 332 110 
162 128 288 
29 174 341 
349 462 309 
343 238 454 
393 479 421 
280 235 26 
78 322 228 
58 347 182 
135 124 442 
2 490 101 
63 461 426 
70 372 381 
416 63 284 
230 18 257 
412 369 496 
398 301 118 
497 458 467 
348 30 289 
253 206 181 
388 155 31 
86 295 365 
12 391 184 
263 6 46 
305 171 131 
250 316 97 
73 327 24 
350 78 379 
376 475 104 
373 60 38 
448 72 284 
413 127 385 
489 63 449 
6 443 267 
170 249 161 
350 304 141 
141 301 146 
231 455 245 
442 348 285 
236 141 59 
54 301 273 
479 43 296 
478 108 487 
71 86 111 
447 461 434 
263 362 50 
457 38 291 
24 303 125 
17 317 412 
305 413 45 
469 159 162 
439 424 315 
34 187 95 
134 369 416 
170 485 3 
205 162 390 
152 134 435 
54 379 137 
278 152 125 
470 432 10 
139 445 326 
334 458 227 
209 240 272 
104 59 379 
439 307 389 
85 140 351 
261 101 206 
283 212 216 
161 386 9 
356 214 221 
104 38 83 
250 289 166 
109 305 61 
33 142 462 
134 303 126 
146 44 183 
93 23 365 
176 166 192 
442 469 60 
462 309 9 
126 125 114 
14 266 154 
150 29 243 
390 278 263 
403 460 176 
42 28 381 
78 490 23 
181 496 223 
271 1 241 
13 284 124 
5 236 308 
423 381 166 
75 346 308 
1 199 385 
150 374 0 
351 117 228 
418 455 223 
131 317 129 
475 334 461 
131 60 364 
430 193 187 
103 439 478 
481 85 215 
414 368 172 
103 294 497 
497 324 472 
276 174 444 
132 244 6 
364 286 217 
126 24 13 
99 289 66 
457 129 476 
209 27 451 
348 462 303 
319 421 430 
74 405 201 
224 65 66 
299 139 485 
496 446 467 
258 456 357 
264 268 118 
465 303 397 
28 353 361 
37 186 114 
491 343 230 
45 84 61 
224 426 355 
167 411 310 
17 109 51 
468 175 127 
170 493 273 
387 233 63 
109 7 176 
432 155 96 
154 425 219 
410 396 86 
117 78 357 
411 242 282 
319 446 299 
484 265 111 
159 235 384 
137 499 103 
353 4 201 
200 125 488 
99 341 184 
214 473 194 
167 361 473 
309 317 53 
32 62 410 
256 202 175 
135 81 8 
88 414 261 
198 114 153 
196 231 63 
146 314 73 
3 414 360 
102 438 105 
467 64 366 
319 456 442 
447 3 49 
220 230 224 
267 254 51 
0 161 366 
355 10 382 
442 234 236 
180 300 442 
347 17 101 
206 456 111 
406 474 43 
115 212 436 
311 378 374 
11 232 336 
128 428 73 
150 295 167 
190 387 87 
184 267 208 
250 207 364 
266 139 157 
261 409 123 
221 141 187 
157 379 430 
345 37 176 
63 374 406 
155 22 30 
185 265 171 
3 105 416 
479 204 234 
170 395 71 
323 104 83 
209 439 462 
1 147 417 
411 307 296 
443 193 346 
366 221 56 
71 255 8 
394 472 34 
9 192 156 
170 84 449 
470 227 274 
228 255 323 
19 181 112 
93 301 187 
492 266 66 
5 472 232 
313 299 84 
124 96 452 
42 299 86 
434 477 161 
232 98 480 
443 455 219 
30 308 293 
226 329 114 
29 64 411 
95 77 276 
293 335 249 
211 261 405 
109 46 328 
402 105 96 
219 78 423 
445 430 442 
295 494 53 
426 46 390 
97 373 184 
351 285 171 
431 391 374 
208 493 206 
369 294 43 
97 46 297 
450 388 390 
255 455 381 
386 201 397 
17 423 127 
486 13 331 
300 103 282 
70 151 434 
237 158 446 
183 358 73 
224 267 148 
432 258 180 
267 381 185 
285 254 379 
228 450 100 
375 202 370 
134 291 0 
413 366 181 
457 216 283 
489 230 100 
449 221 413 
39 216 191 
229 99 249 
186 485 101 
485 141 195 
170 483 32 
495 56 409 
265 168 31 
231 252 407 
367 344 252 
88 123 101 
324 15 376 
200 130 416 
44 422 183 
102 87 153 
109 41 144 
110 183 18 
285 355 149 
470 492 301 
221 168 10 
292 157 7 
341 87 256 
129 119 220 
141 313 363 
86 493 308 
295 15 98 
354 360 92 
244 96 70 
111 100 431 
445 107 497 
380 181 216 
450 200 473 
288 451 206 
122 221 164 
100 375 88 
160 135 482 
270 252 300 
487 39 138 
415 9 165 
61 390 33 
263 415 279 
323 351 75 
435 148 462 
294 293 43 
18 404 31 
432 346 491 
3 494 366 
163 301 133 
310 199 129 
371 394 273 
473 237 476 
417 314 6 
22 34 40 
473 361 81 
95 336 336 
268 64 199 
410 324 33 
404 188 320 
182 61 116 
205 45 5 
245 6 1 
196 429 113 
431 425 372 
237 30 482 
471 295 245 
18 250 24 
499 476 406 
201 307 321 
167 410 118 
296 330 481 
255 365 111 
78 1 455 
39 424 100 
332 121 383 
389 255 143 
390 428 270 
380 69 469 
262 180 479 
303 295 316 
417 26 401 
228 39 135 
153 119 348 
290 226 95 
422 444 83 
134 57 383 
433 489 228 
419 23 119 
58 18 402 
474 346 400 
60 166 426 
338 336 70 
426 261 287 
338 237 0 
240 11 166 
371 166 418 
49 482 496 
392 258 122 
280 422 59 
190 207 282 
357 334 322 
349 104 397 
323 453 11 
254 197 82 
24 191 101 
324 10 169 
313 418 73 
159 187 406 
271 37 311 
138 476 260 
294 165 1 
325 223 346 
303 392 223 
66 342 480 
370 342 277 
446 486 298 
264 38 480 
497 241 145 
498 81 97 
56 238 286 
474 69 62 
287 370 482 
17 20 283 
167 143 492 
127 97 89 
8 360 17 
455 269 1 
183 3 215 
451 317 410 
130 250 451 
7 42 376 
405 408 492 
360 395 402 
436 165 217 
153 250 142 
448 28 112 
366 490 127 
105 33 6 
142 445 197 
491 79 22 
35 339 485 
303 234 135 
283 75 127 
274 232 293 
392 307 177 
124 18 337 
22 390 478 
195 454 106 
135 461 189 
186 366 194 
40 255 328 
74 235 120 
57 40 172 
446 386 230 
477 200 72 
381 284 265 
292 33 406 
387 316 352 
301 351 340 
295 56 259 
110 443 10 
314 308 406 
155 162 204 
391 231 312 
98 175 303 
175 54 242 
377 51 296 
122 482 182 
100 315 44 
270 212 248 
447 103 474 
254 440 375 
209 222 496 
340 295 381 
119 424 255 
449 32 325 
188 419 461 
476 162 66 
241 272 351 
126 314 485 
155 20 398 
251 29 454 
486 205 381 
18 70 74 
250 410 332 
388 461 0 
127 351 409 
112 120 193 
410 247 19 
16 168 37 
96 126 113 
464 402 222 
475 436 418 
490 361 279 
305 205 266 
350 151 338 
95 481 92 
335 194 176 
217 458 499 
259 24 443 
232 46 297 
431 429 398 
193 220 45 
447 250 253 
365 295 237 
60 238 392 
384 223 495 
414 90 261 
185 412 404 
107 374 149 
120 8 381 
383 122 265 
416 228 236 
105 110 233 
210 93 132 
124 6 264 
326 57 98 
455 343 225 
415 304 240 
372 222 128 
63 105 247 
27 289 472 
323 428 470 
49 372 39 
22 64 227 
468 147 73 
7 144 207 
136 37 478 
248 429 290 
408 350 119 
227 41 66 
492 153 9 
487 195 214 
260 359 317 
435 175 137 
64 116 96 
206 66 142 
85 315 410 
118 40 361 
94 59 290 
336 378 174 
206 466 116 
94 45 192 
226 94 9 
150 120 470 
499 16 130 
422 302 157 
115 202 145 
132 427 425 
437 204 464 
230 321 360 
412 344 495 
312 371 218 
328 94 165 
81 491 313 
46 6 298 
418 234 12 
242 100 388 
280 291 366 
278 173 369 
419 148 235 
82 69 443 
