1000
3
209 203 163 
416 21 322 
96 123 355 
429 186 151 
106 486 444 
366 59 242 
467 413 411 
262 251 233 
260 41 480 
388 495 24 
229 52 266 
282 380 339 
163 195 88 
204 101 435 
177 442 27 
173 499 338 
365 322 494 
325 23 41 
144 477 273 
84 300 97 
355 85 451 
87 373 488 
114 281 117 
120 144 288 
109 166 306 
169 253 4 
265 19 461 
68 448 470 
56 449 75 
118 101 123 
171 91 171 
496 124 229 
96 198 193 
21 494 265 
304 187 322 
457 454 104 
351 101 337 
463 68 299 
308 443 1 
124 288 228 
96 80 139 
243 216 243 
331 425 135 
235 233 180 
146 306 130 
389 457 332 
391 182 117 
51 192 232 
165 263 92 
333 104 452 
166 140 356 
71 90 5 
79 277 396 
392 340 319 
69 322 209 
483 80 367 
306 37 189 
249 431 486 
452 69 381 
373 35 40 
57 207 309 
112 207 481 
222 93 41 
150 316 141 
465 492 159 
463 47 25 
82 60 24 
89 358 451 
293 409 137 
87 200 400 
44 408 230 
496 377 386 
209 10 237 
70 473 141 
330 200 74 
295 417 191 
236 210 295 
248 232 247 
197 97 51 
250 18 328 
278 33 152 
309 248 171 
308 386 208 
481 48 286 
450 24 111 
349 461 199 
324 373 321 
451 211 304 
486 204 218 
386 105 292 
15 430 62 
392 51 318 
356 203 427 
270 282 66 
471 447 351 
194 482 345 
224 34 60 
314 109 104 
215 239 265 
263 356 400 
248 147 1 
272 57 460 
222 48 421 
426 480 288 
67 234 218 
70 361 419 
11 418 371 
208 462 106 
479 114 202 
225 278 50 
101 441 147 
51 443 171 
482 274 235 
199 419 387 
290 216 216 
317 273 102 
105 11 99 
451 320 438 
212 301 177 
367 124 410 
337 241 283 
454 94 460 
493 302 98 
25 23 138 
186 366 206 
208 133 430 
176 161 112 
22 253 177 
209 67 2 
335 431 440 
354 3 105 
45 155 499 
9 302 288 
481 109 125 
153 387 370 
63 15 426 
90 478 191 
17 372 48 
137 126 82 
444 22 399 
499 370 99 
207 47 329 
57 188 4 
141 431 232 
82 224 219 
128 320 390 
346 237 174 
268 437 235 
7 169 420 
125 384 125 
319 86 346 
143 104 186 
118 218 53 
440 56 109 
487 24 359 
347 104 146 
58 435 446 
489 470 341 
128 299 260 
497 394 242 
151 321 289 
480 353 221 
48 360 455 
332 11 440 
439 210 211 
332 65 445 
231 417 162 
86 39 47 
421 168 454 
408 415 8 
98 410 187 
80 447 1 
279 386 84 
138 102 438 
59 116 15 
340 384 168 
123 143 122 
328 315 475 
414 470 409 
122 117 156 
229 223 252 
311 83 491 
66 160 232 
424 15 183 
475 100 77 
432 183 252 
141 305 263 
372 315 316 
97 26 234 
382 287 314 
483 369 484 
336 305 68 
464 414 95 
478 352 13 
465 119 181 
91 417 331 
187 380 258 
445 481 382 
400 74 400 
379 287 151 
270 185 225 
188 382 144 
140 34 74 
364 256 347 
71 415 247 
11 429 59 
306 163 183 
137 120 334 
359 41 315 
467 424 122 
310 54 28 
186 307 364 
269 103 85 
231 108 466 
154 407 498 
76 252 242 
122 439 390 
494 211 47 
46 348 255 
494 409 294 
26 83 135 
490 490 158 
61 183 135 
350 101 406 
223 219 41 
129 451 102 
269 264 361 
180 43 261 
340 459 268 
245 77 160 
66 277 405 
450 228 204 
191 41 227 
215 71 59 
7 227 174 
95 421 99 
84 184 97 
189 74 173 
326 271 44 
191 247 443 
131 216 494 
310 272 135 
448 386 45 
186 153 289 
74 303 336 
443 470 212 
354 111 172 
466 236 418 
497 183 64 
58 225 20 
487 389 91 
434 325 199 
121 79 236 
286 401 153 
478 237 386 
339 483 224 
283 476 432 
26 159 19 
211 442 397 
241 467 272 
254 135 358 
16 337 17 
374 192 175 
388 334 163 
126 367 480 
79 145 373 
484 204 409 
495 231 67 
129 329 425 
242 295 280 
276 58 455 
242 407 463 
231 466 291 
103 443 419 
286 46 278 
384 137 466 
473 486 388 
211 267 278 
26 192 367 
311 267 264 
314 139 443 
24 173 242 
419 98 355 
48 266 282 
487 249 362 
369 138 335 
419 303 452 
31 194 455 
429 44 7 
107 195 45 
356 238 143 
163 240 337 
122 440 424 
69 277 167 
121 382 413 
380 269 178 
157 41 48 
258 429 54 
355 294 97 
254 192 397 
71 211 428 
67 478 208 
58 275 368 
42 362 376 
3 416 98 
263 124 493 
132 321 196 
425 413 431 
312 93 286 
160 305 343 
146 354 86 
273 420 116 
406 405 283 
244 45 90 
327 380 179 
319 71 445 
183 133 109 
36 427 268 
478 301 78 
170 180 175 
358 80 250 
173 428 107 
427 19 148 
134 354 205 
267 115 234 
369 293 351 
362 152 101 
342 92 337 
245 465 39 
114 369 95 
292 205 475 
1 262 136 
121 397 274 
498 272 84 
50 417 289 
136 4 301 
330 209 276 
251 379 110 
268 355 423 
345 112 372 
127 351 178 
417 145 373 
243 429 297 
271 68 324 
321 243 376 
494 104 391 
427 446 26 
297 209 287 
122 151 285 
259 289 179 
389 216 290 
469 147 391 
396 460 173 
233 248 241 
437 366 124 
366 201 18 
274 191 99 
415 361 73 
389 112 167 
483 267 395 
442 436 418 
429 124 483 
418 40 67 
356 427 60 
343 291 478 
267 197 173 
459 118 176 
367 319 276 
170 12 71 
53 172 16 
344 153 387 
59 330 457 
153 428 351 
219 3 126 
343 1 241 
437 66 55 
235 338 467 
218 319 349 
135 325 438 
60 13 128 
279 280 469 
141 312 121 
131 310 87 
483 363 116 
116 348 44 
473 362 303 
346 406 371 
178 425 333 
454 228 79 
27 448 381 
286 103 483 
382 208 157 
396 481 307 
449 51 426 
486 256 385 
158 117 92 
450 485 377 
409 145 319 
493 253 397 
236 256 373 
434 436 129 
199 168 5 
68 59 432 
172 300 126 
446 400 262 
445 47 167 
36 470 409 
191 440 355 
184 89 79 
148 68 436 
86 96 173 
96 240 435 
63 115 294 
414 400 50 
368 424 423 
169 306 45 
70 124 35 
51 216 445 
185 364 177 
435 10 443 
331 178 324 
59 296 138 
353 229 54 
319 453 330 
411 354 332 
448 241 281 
227 420 373 
176 91 182 
305 496 167 
149 440 438 
144 389 499 
185 110 169 
269 290 61 
263 227 53 
389 240 182 
204 344 58 
330 248 323 
4 373 120 
449 60 150 
210 267 17 
312 337 300 
420 487 429 
477 229 1 
247 424 130 
201 332 323 
431 41 134 
364 274 190 
66 205 23 
66 419 243 
1 290 140 
271 144 170 
397 133 94 
282 50 52 
484 483 486 
54 302 452 
454 203 127 
167 277 112 
152 351 175 
374 208 363 
98 494 13 
73 131 223 
290 209 102 
96 472 86 
128 407 420 
192 210 107 
91 140 374 
19 445 109 
343 244 235 
163 279 365 
76 337 53 
174 232 443 
369 478 360 
291 427 54 
250 278 375 
251 176 124 
20 155 16 
193 352 117 
491 326 276 
392 241 444 
438 191 206 
32 51 346 
341 324 263 
400 329 462 
184 25 96 
79 383 43 
128 403 199 
446 254 271 
348 21 359 
235 123 371 
0 172 188 
207 58 443 
336 348 81 
425 38 398 
461 282 130 
306 213 443 
160 8 193 
60 351 44 
493 395 294 
86 57 148 
173 423 452 
366 117 329 
480 139 273 
223 92 172 
468 195 24 
292 141 329 
458 484 114 
257 30 35 
454 432 17 
320 174 100 
55 381 165 
302 139 322 
229 418 472 
67 354 402 
213 71 283 
204 71 224 
340 306 275 
384 101 403 
231 370 218 
276 198 449 
72 448 19 
109 456 405 
387 48 412 
417 495 153 
430 347 402 
245 89 392 
161 42 499 
184 36 81 
366 317 113 
95 167 198 
475 497 380 
497 389 189 
17 413 113 
81 490 459 
348 431 477 
484 397 198 
192 119 22 
449 351 21 
404 106 415 
47 27 375 
174 367 133 
177 178 92 
403 20 241 
444 205 208 
435 315 484 
65 176 386 
395 467 267 
46 395 226 
64 200 253 
83 65 66 
333 197 298 
359 8 190 
366 44 39 
375 412 87 
371 444 404 
242 389 200 
411 173 84 
430 185 8 
107 456 313 
216 193 333 
200 137 355 
314 108 363 
215 201 320 
469 216 30 
205 254 479 
287 7 334 
257 416 457 
189 71 369 
440 149 482 
104 111 107 
477 90 12 
108 274 30 
488 421 144 
452 412 460 
30 305 392 
297 248 236 
17 298 132 
241 127 202 
290 382 123 
190 240 186 
397 403 308 
280 90 472 
408 144 424 
221 113 69 
443 264 462 
147 74 247 
251 392 235 
223 24 434 
156 44 87 
351 301 431 
434 122 368 
233 152 402 
20 109 312 
133 343 405 
263 11 27 
266 347 441 
115 22 96 
61 47 79 
475 180 289 
199 91 407 
8 263 447 
407 475 21 
379 212 492 
334 119 97 
471 84 294 
194 121 233 
381 358 422 
305 122 108 
78 358 228 
382 365 203 
317 206 215 
454 16 37 
479 19 62 
186 20 299 
119 91 233 
30 397 434 
129 197 128 
359 3 99 
303 406 233 
191 480 389 
161 231 439 
305 218 236 
143 422 95 
215 29 276 
5 380 451 
208 196 74 
486 296 260 
11 285 276 
387 386 77 
414 346 458 
485 117 213 
1 315 222 
436 482 186 
248 160 425 
435 375 84 
362 299 375 
340 10 407 
115 464 386 
19 116 170 
168 153 180 
67 180 405 
433 208 115 
222 243 83 
128 296 376 
242 225 362 
441 343 445 
12 386 215 
332 309 426 
163 167 474 
248 407 478 
94 320 250 
400 7 19 
306 262 140 
475 118 369 
162 241 155 
454 292 100 
300 211 197 
327 486 113 
251 15 71 
361 223 232 
155 104 22 
399 121 390 
332 20 380 
7 256 350 
185 125 34 
136 42 154 
490 415 274 
219 114 170 
476 161 151 
33 349 332 
397 11 445 
182 155 455 
466 107 455 
427 329 448 
456 348 408 
128 182 1 
141 147 259 
414 376 434 
487 412 414 
32 139 220 
262 493 492 
50 262 272 
6 434 99 
22 192 218 
78 218 134 
197 427 408 
185 331 37 
483 193 237 
12 314 5 
89 207 218 
180 105 452 
395 388 237 
453 38 175 
294 423 244 
331 490 71 
29 167 410 
314 414 156 
119 25 280 
358 364 432 
323 495 181 
472 223 30 
6 29 379 
6 436 383 
152 146 433 
489 364 249 
490 79 281 
426 273 97 
436 358 445 
25 399 363 
192 342 368 
365 427 16 
39 45 317 
320 288 361 
454 483 377 
334 399 423 
319 329 71 
343 313 153 
256 36 265 
47 192 470 
384 436 372 
133 273 256 
364 189 398 
312 381 288 
462 73 251 
398 359 228 
42 200 232 
307 237 466 
107 154 198 
8 38 99 
289 160 303 
248 111 93 
294 159 107 
347 15 208 
2 419 114 
163 268 212 
236 188 431 
168 311 83 
331 73 293 
82 415 267 
442 287 404 
170 12 129 
331 61 44 
66 430 479 
280 369 312 
260 331 445 
197 380 190 
42 143 275 
117 274 450 
383 209 185 
407 46 133 
414 424 61 
55 165 76 
411 255 453 
194 221 375 
179 359 26 
262 441 374 
338 327 26 
73 312 9 
491 162 69 
53 359 311 
177 372 8 
338 100 488 
29 484 362 
42 369 178 
176 238 81 
0 443 278 
195 206 75 
76 243 164 
205 304 138 
486 234 443 
359 305 84 
442 486 398 
232 98 417 
132 30 29 
97 100 400 
355 113 214 
158 356 385 
130 175 217 
246 10 89 
441 104 239 
267 329 370 
435 304 48 
111 295 208 
199 300 321 
403 489 481 
61 134 307 
237 336 471 
215 297 250 
121 454 395 
35 380 248 
208 489 315 
200 120 216 
299 181 75 
102 261 497 
387 322 217 
121 417 204 
366 94 477 
48 173 395 
263 5 74 
239 246 325 
358 146 10 
23 431 0 
113 304 266 
446 374 130 
51 414 190 
391 240 293 
450 102 383 
296 39 37 
258 205 37 
172 313 340 
458 366 71 
18 263 134 
450 181 168 
63 14 354 
417 373 4 
272 81 184 
12 458 315 
35 362 77 
73 272 441 
68 77 483 
98 197 176 
156 459 193 
109 449 281 
475 207 45 
365 449 111 
340 7 212 
472 233 49 
139 309 155 
442 485 345 
391 34 464 
266 209 291 
77 448 289 
446 90 414 
46 280 57 
8 203 141 
68 92 134 
462 166 242 
235 151 153 
398 473 432 
19 225 4 
413 86 136 
475 461 282 
302 468 216 
309 466 255 
146 5 48 
476 180 2 
488 429 37 
70 256 192 
118 435 348 
325 407 109 
253 213 110 
105 484 52 
283 34 10 
465 141 167 
47 48 331 
69 182 315 
52 447 304 
322 341 12 
366 170 274 
398 47 105 
496 317 271 
496 113 118 
89 349 130 
422 175 188 
133 335 55 
174 488 43 
148 122 195 
448 415 317 
222 60 40 
400 307 321 
161 23 94 
89 465 160 
86 424 219 
250 261 379 
342 334 189 
210 37 461 
133 125 444 
24 139 477 
17 445 203 
265 498 462 
194 492 260 
144 118 223 
140 97 93 
188 111 279 
294 319 483 
446 19 271 
54 21 181 
436 111 366 
278 360 391 
87 397 17 
175 152 217 
348 387 151 
447 168 104 
120 354 265 
191 187 473 
303 302 3 
80 170 424 
233 109 53 
369 206 158 
496 116 90 
51 47 472 
478 405 360 
270 69 202 
60 369 403 
393 135 469 
387 235 263 
86 383 300 
108 149 334 
244 258 409 
398 462 110 
160 367 166 
214 293 457 
414 164 374 
386 7 339 
286 348 71 
75 109 306 
163 363 4 
85 56 344 
12 3 367 
136 145 340 
429 256 363 
402 301 407 
73 163 385 
309 46 17 
233 225 384 
46 118 100 
241 421 178 
406 448 130 
382 55 210 
337 201 322 
367 426 61 
410 90 142 
361 202 454 
254 484 463 
250 139 492 
250 379 129 
39 207 303 
176 280 490 
194 444 491 
396 254 264 
363 450 12 
291 41 446 
388 377 253 
436 66 481 
389 317 486 
340 53 78 
111 317 330 
307 438 430 
228 202 294 
232 228 339 
216 380 496 
251 371 16 
337 23 206 
476 434 163 
190 232 282 
43 111 307 
448 248 44 
142 304 240 
371 37 371 
305 283 263 
475 217 284 
248 125 204 
78 279 280 
182 170 254 
179 404 470 
68 460 73 
48 281 116 
174 281 281 
195 463 308 
202 0 492 
66 44 302 
314 11 101 
377 199 479 
170 472 73 
278 241 389 
366 441 19 
48 380 325 
78 241 22 
259 448 208 
163 463 76 
171 248 487 
379 407 332 
280 466 37 
66 287 95 
16 244 441 
286 267 455 
121 351 112 
132 319 305 
457 278 306 
425 400 221 
140 321 90 
335 262 296 
68 173 207 
196 377 59 
6 440 468 
229 296 312 
90 258 460 
174 98 72 
433 483 53 
412 358 123 
313 168 105 
