1000
3
335 78 409 
180 394 285 
328 202 478 
222 147 168 
303 23 287 
471 37 451 
309 159 342 
358 348 323 
347 55 132 
484 415 15 
479 329 18 
481 205 418 
342 207 303 
50 492 286 
260 339 225 
54 281 132 
471 469 63 
282 460 327 
324 123 51 
296 250 277 
423 405 296 
188 84 425 
443 214 291 
423 212 297 
210 425 373 
82 95 416 
257 350 499 
471 22 393 
294 279 334 
158 53 366 
286 247 371 
401 104 437 
386 494 175 
54 123 69 
389 383 418 
39 473 181 
419 342 171 
124 173 234 
449 330 177 
412 195 453 
334 348 499 
228 469 409 
244 53 156 
186 2 188 
110 473 123 
285 350 255 
312 408 196 
247 454 414 
160 495 292 
255 276 81 
271 195 275 
440 453 294 
77 331 351 
211 330 367 
182 138 67 
428 293 7 
215 299 418 
51 171 323 
278 353 190 
9 123 30 
44 383 233 
121 378 188 
412 343 334 
462 262 52 
188 110 481 
291 82 293 
236 48 125 
333 415 478 
302 306 49 
53 241 351 
74 181 488 
272 366 410 
136 489 365 
97 20 266 
445 247 210 
199 9 294 
388 124 472 
280 116 290 
328 209 113 
76 257 113 
142 340 481 
138 108 474 
329 428 41 
407 350 18 
139 76 79 
405 120 158 
120 381 420 
486 488 172 
228 173 415 
396 283 490 
102 245 25 
133 489 360 
157 393 208 
343 124 269 
65 28 237 
103 441 222 
422 418 150 
467 447 490 
129 68 433 
108 30 291 
176 155 34 
190 95 14 
269 491 83 
439 424 368 
91 273 269 
313 399 195 
195 116 179 
340 337 368 
460 204 171 
443 270 101 
4 178 376 
236 163 156 
142 6 384 
354 480 330 
296 314 237 
361 470 319 
123 181 192 
174 457 132 
470 475 319 
457 129 442 
313 405 409 
53 53 291 
341 234 134 
207 180 323 
378 353 430 
270 109 170 
412 276 272 
272 69 158 
222 178 2 
330 13 155 
496 332 468 
240 257 396 
160 498 206 
453 385 211 
17 233 345 
436 43 88 
104 100 191 
287 11 204 
462 444 283 
246 127 428 
429 188 340 
130 389 374 
165 472 199 
165 491 212 
14 467 121 
468 260 448 
398 119 359 
486 324 420 
15 85 314 
65 336 475 
451 389 131 
248 108 311 
126 306 343 
143 105 70 
467 428 381 
186 493 36 
467 352 129 
23 260 273 
386 78 64 
424 250 77 
377 282 353 
453 0 401 
389 284 96 
457 41 422 
435 195 432 
44 53 422 
426 17 498 
188 417 141 
424 469 364 
71 155 328 
1 95 6 
247 498 336 
432 161 7 
132 31 367 
326 202 332 
31 39 233 
116 257 75 
171 271 205 
121 417 87 
46 436 314 
68 125 437 
340 371 121 
248 378 105 
467 257 252 
55 104 374 
345 457 134 
32 203 344 
144 0 433 
351 426 11 
34 53 200 
341 379 469 
7 347 403 
152 266 409 
31 294 260 
460 295 24 
15 381 280 
436 297 194 
29 334 283 
201 298 52 
259 268 273 
262 274 184 
362 496 95 
190 488 261 
56 391 251 
348 319 376 
486 66 6 
87 44 224 
127 330 407 
238 34 270 
283 445 356 
451 465 470 
66 351 79 
73 116 288 
413 209 72 
244 322 397 
100 288 469 
68 303 445 
119 122 136 
451 98 452 
316 207 217 
147 290 181 
171 288 289 
488 154 391 
83 378 223 
490 54 311 
492 237 23 
193 27 368 
286 10 343 
241 385 443 
345 228 450 
37 332 81 
352 298 362 
394 410 493 
139 390 98 
80 433 290 
489 308 449 
302 164 247 
428 293 181 
401 194 2 
96 376 322 
218 428 31 
260 160 410 
305 363 150 
208 224 434 
195 183 449 
128 371 27 
67 329 135 
308 337 85 
350 195 156 
302 471 219 
174 362 202 
386 457 49 
238 36 423 
409 30 38 
480 239 309 
285 310 291 
403 110 365 
344 217 346 
452 394 180 
171 294 389 
51 254 114 
115 100 43 
7 467 102 
7 332 465 
228 389 81 
102 157 437 
74 340 195 
235 248 34 
218 223 171 
58 188 134 
20 141 295 
339 412 241 
259 457 473 
30 406 146 
23 250 205 
333 176 91 
30 210 322 
479 323 338 
62 324 494 
154 419 462 
196 271 248 
340 438 204 
224 171 381 
34 491 43 
58 62 141 
81 125 162 
267 230 140 
76 150 181 
239 118 322 
128 400 75 
24 285 433 
180 416 392 
341 112 213 
366 328 11 
422 24 262 
77 282 366 
184 383 436 
151 488 103 
350 21 343 
400 176 191 
220 70 186 
244 447 307 
206 24 451 
340 87 481 
465 487 280 
114 91 149 
189 172 114 
401 298 398 
53 204 469 
192 87 376 
420 494 403 
119 420 238 
478 473 412 
0 80 187 
260 89 121 
240 379 126 
277 125 447 
191 95 184 
65 412 380 
33 407 274 
226 162 359 
71 300 439 
3 440 281 
366 473 127 
205 221 10 
253 150 276 
370 14 30 
138 476 388 
231 44 325 
219 280 73 
42 386 366 
238 459 463 
123 85 130 
197 262 226 
94 183 225 
170 90 158 
17 316 53 
240 176 6 
23 227 249 
89 34 436 
373 433 68 
137 465 311 
2 131 165 
298 42 6 
184 208 129 
315 489 174 
15 147 158 
388 497 454 
15 311 109 
287 99 490 
285 496 44 
327 246 414 
101 250 487 
145 269 16 
343 22 414 
382 312 123 
148 390 466 
261 289 123 
456 337 462 
69 170 333 
359 276 468 
273 492 58 
363 269 24 
403 218 239 
124 377 269 
382 434 494 
97 219 406 
85 59 183 
181 283 460 
94 345 390 
393 432 295 
31 273 240 
406 306 376 
444 67 430 
499 239 101 
289 75 154 
486 245 238 
203 360 492 
429 186 328 
274 155 4 
349 396 219 
104 329 435 
483 278 209 
396 141 184 
474 170 322 
67 65 226 
113 5 235 
458 34 83 
137 226 5 
394 389 253 
451 134 353 
294 420 23 
458 339 54 
45 449 226 
413 300 413 
377 352 98 
246 74 365 
59 417 370 
421 406 406 
315 255 282 
323 15 439 
314 218 233 
103 310 182 
352 494 387 
151 191 145 
377 44 389 
48 163 311 
128 377 153 
404 318 219 
78 462 127 
366 54 399 
434 499 58 
427 468 37 
232 277 458 
112 422 214 
48 49 310 
359 303 49 
400 209 180 
274 299 152 
75 125 499 
461 426 271 
496 478 16 
40 56 268 
227 397 219 
51 477 86 
376 75 83 
492 152 98 
10 293 287 
411 343 171 
232 117 472 
122 479 492 
69 306 13 
358 158 472 
107 466 78 
5 415 108 
377 242 55 
5 127 183 
30 176 416 
183 446 474 
136 49 112 
463 40 469 
39 199 475 
86 455 12 
300 417 434 
257 417 315 
377 168 129 
347 457 340 
160 278 282 
99 115 460 
160 464 463 
404 145 421 
30 168 35 
224 241 444 
450 492 437 
494 139 323 
17 47 456 
210 46 169 
169 89 74 
424 212 65 
124 250 65 
428 112 39 
104 205 491 
222 239 173 
489 192 37 
390 59 103 
465 214 305 
182 413 324 
236 356 306 
263 70 378 
449 472 107 
339 269 87 
328 491 456 
365 391 284 
235 94 345 
445 29 306 
84 328 432 
230 278 36 
64 228 223 
368 46 91 
215 408 1 
218 299 413 
171 440 482 
92 394 263 
449 228 155 
162 461 220 
381 15 117 
477 60 270 
422 205 28 
447 130 494 
40 416 342 
381 235 240 
193 66 237 
268 95 73 
293 277 39 
224 416 353 
143 497 278 
111 426 267 
273 26 367 
348 493 102 
107 8 224 
15 85 122 
279 258 306 
441 2 162 
361 199 146 
276 271 282 
164 112 469 
55 263 229 
158 472 486 
134 373 469 
284 127 292 
364 361 451 
282 63 382 
100 463 227 
422 98 234 
494 368 476 
358 252 24 
302 30 315 
325 304 250 
486 25 300 
66 2 205 
75 470 245 
241 52 8 
107 192 38 
179 498 497 
133 249 405 
433 317 272 
421 89 359 
294 321 47 
269 218 376 
333 397 172 
89 371 418 
432 371 179 
427 216 199 
164 200 485 
443 195 158 
427 45 169 
175 304 5 
465 284 494 
208 46 165 
142 314 254 
495 74 471 
431 228 268 
190 307 395 
365 250 167 
50 444 107 
264 206 490 
237 289 34 
447 121 37 
165 105 77 
438 6 90 
417 52 353 
372 67 216 
100 64 263 
261 460 207 
310 324 183 
57 309 308 
128 32 123 
248 458 26 
471 298 356 
39 199 330 
457 157 467 
112 432 331 
198 339 216 
481 180 77 
459 158 108 
56 249 412 
473 83 324 
293 89 107 
410 422 373 
466 343 301 
372 346 370 
488 334 284 
399 22 80 
367 143 499 
439 27 79 
231 295 210 
238 488 243 
169 291 419 
295 442 24 
230 346 239 
198 1 417 
491 461 483 
324 489 479 
45 344 185 
424 69 475 
235 225 145 
285 187 292 
414 303 47 
420 364 322 
460 326 344 
154 43 276 
285 169 173 
465 134 251 
335 2 113 
167 44 448 
204 172 493 
492 260 59 
98 225 171 
246 271 120 
295 430 242 
474 426 41 
148 105 353 
154 327 192 
329 306 230 
155 40 109 
153 380 25 
442 5 489 
428 225 32 
478 245 418 
386 130 53 
127 371 254 
306 323 73 
474 467 21 
202 477 95 
405 126 272 
272 430 491 
442 221 89 
479 471 370 
174 0 139 
32 489 140 
362 64 496 
319 135 204 
196 1 190 
45 113 297 
55 129 473 
348 129 53 
321 423 83 
3 434 407 
118 469 210 
231 220 302 
398 289 401 
158 94 316 
29 266 269 
146 358 22 
171 353 192 
431 452 142 
490 129 42 
93 435 193 
460 377 239 
297 215 257 
473 289 449 
150 394 243 
456 187 80 
122 329 203 
29 27 499 
197 54 296 
464 225 440 
458 83 448 
98 461 406 
38 389 151 
187 85 310 
210 310 53 
238 361 359 
23 132 445 
484 187 147 
459 257 402 
402 326 76 
162 123 87 
94 216 240 
461 258 36 
441 166 67 
75 2 165 
302 383 484 
434 451 305 
369 139 74 
84 445 282 
404 279 248 
47 36 159 
25 245 371 
342 353 201 
360 112 66 
410 490 400 
303 493 387 
73 245 485 
44 184 486 
332 31 133 
166 112 381 
409 344 352 
360 221 117 
107 16 394 
268 119 334 
258 352 480 
25 448 267 
80 399 381 
171 70 165 
397 37 343 
287 486 243 
1 347 135 
402 289 324 
365 468 361 
470 375 407 
337 281 107 
4 238 232 
218 224 164 
77 377 377 
66 123 43 
100 286 95 
446 59 34 
343 114 366 
425 128 281 
436 7 188 
342 412 380 
482 105 61 
414 370 15 
92 490 137 
71 300 360 
181 496 277 
103 281 487 
54 62 157 
457 24 218 
353 419 144 
362 300 294 
76 68 468 
182 464 228 
413 278 476 
222 99 181 
275 292 248 
80 210 426 
31 476 269 
202 336 393 
155 98 438 
157 245 128 
103 20 60 
217 103 364 
320 486 110 
304 332 491 
199 245 131 
407 28 432 
340 21 100 
109 191 373 
333 134 113 
326 215 125 
150 492 361 
47 434 171 
495 404 185 
454 128 364 
56 270 414 
301 134 340 
480 16 427 
118 184 442 
229 303 52 
127 176 485 
296 218 152 
459 497 68 
23 341 248 
491 344 483 
469 67 128 
3 159 20 
251 335 301 
447 247 266 
264 423 282 
356 436 36 
250 377 273 
187 30 99 
496 266 495 
284 306 91 
80 141 61 
356 400 194 
157 237 11 
340 99 485 
172 125 262 
24 14 100 
350 70 277 
88 478 434 
477 211 338 
302 62 468 
490 146 434 
85 454 104 
124 235 486 
226 197 28 
350 467 70 
387 240 77 
446 348 498 
53 110 147 
204 402 359 
187 310 275 
100 40 67 
151 225 222 
314 46 327 
393 285 410 
278 42 253 
405 89 328 
477 470 413 
47 395 12 
41 134 222 
198 375 328 
77 270 136 
234 312 309 
210 232 77 
219 191 394 
239 48 5 
282 256 394 
204 187 456 
28 496 294 
474 180 174 
261 171 96 
114 120 402 
398 184 176 
219 358 79 
84 13 367 
250 191 334 
418 138 156 
241 175 5 
293 4 9 
54 139 295 
172 277 243 
213 367 318 
294 314 368 
14 79 340 
345 407 33 
136 164 474 
327 336 499 
302 221 110 
239 91 402 
486 442 196 
20 129 249 
474 13 212 
259 431 183 
369 292 464 
278 313 377 
211 343 78 
473 201 341 
35 47 372 
288 451 479 
469 77 95 
335 240 185 
209 14 249 
427 462 140 
452 409 375 
481 292 79 
403 236 121 
82 217 32 
400 264 69 
322 424 421 
458 494 400 
252 252 108 
229 352 163 
84 217 89 
8 394 37 
275 455 223 
403 224 495 
249 137 175 
102 206 11 
253 457 404 
323 309 153 
497 88 269 
251 146 164 
447 278 138 
284 134 19 
224 99 125 
258 11 85 
470 264 384 
98 105 304 
410 438 128 
468 497 149 
3 344 3 
489 349 74 
403 248 173 
179 53 324 
391 122 28 
449 183 227 
81 167 305 
254 344 164 
356 493 496 
221 293 296 
101 61 259 
364 141 447 
56 176 152 
214 330 90 
64 127 480 
357 357 239 
238 371 108 
318 305 129 
255 92 60 
350 61 80 
139 218 264 
279 281 53 
43 206 17 
406 190 52 
307 434 308 
467 253 32 
247 318 457 
314 181 297 
489 385 476 
465 178 271 
5 175 367 
375 70 243 
158 327 91 
454 205 162 
87 361 403 
136 393 277 
62 379 122 
397 161 67 
167 331 278 
14 267 132 
497 19 147 
385 177 210 
451 498 129 
469 72 75 
24 457 205 
314 350 15 
50 281 386 
134 171 9 
316 439 99 
72 20 317 
380 243 258 
147 352 160 
101 487 67 
368 470 288 
4 100 402 
424 98 146 
109 216 467 
223 66 122 
112 181 140 
254 472 11 
139 237 407 
409 187 470 
283 86 243 
186 342 432 
210 32 48 
371 339 446 
76 194 246 
287 201 379 
210 482 254 
474 328 448 
303 482 207 
50 352 280 
274 90 21 
180 306 455 
404 50 36 
408 427 226 
458 15 21 
129 207 256 
212 141 354 
386 69 107 
41 144 191 
23 227 188 
291 364 450 
132 493 251 
291 203 253 
374 460 329 
237 427 277 
359 143 423 
220 338 295 
293 38 230 
261 244 258 
458 457 467 
492 303 92 
477 160 79 
28 365 422 
40 93 389 
378 258 71 
400 213 370 
8 365 71 
494 470 62 
301 166 114 
314 351 208 
24 447 354 
467 203 456 
23 69 278 
415 187 164 
189 439 295 
433 61 50 
377 25 246 
210 490 487 
175 14 20 
462 129 40 
120 364 433 
189 124 77 
36 473 311 
347 298 469 
369 346 143 
43 146 367 
314 265 480 
66 124 479 
244 218 111 
103 147 203 
176 306 342 
378 136 54 
428 75 88 
110 204 316 
204 275 46 
306 296 293 
323 111 343 
133 489 91 
17 443 234 
319 1 446 
10 19 56 
85 244 68 
440 62 496 
235 413 174 
155 457 97 
52 108 492 
433 298 151 
135 51 246 
117 79 387 
54 63 282 
246 492 276 
496 426 401 
234 292 125 
