1000
3
318 229 238 
244 368 408 
414 16 319 
119 62 375 
265 298 296 
301 476 396 
388 431 364 
418 457 89 
430 412 476 
34 480 274 
92 255 460 
54 461 470 
180 242 458 
261 149 74 
33 328 401 
151 490 192 
35 229 101 
106 5 231 
466 376 468 
490 363 95 
201 45 255 
3 497 136 
213 243 207 
27 25 336 
453 227 28 
310 164 300 
431 430 454 
138 245 467 
151 62 319 
404 452 387 
265 375 303 
175 11 288 
295 100 58 
141 465 281 
393 494 305 
194 200 212 
211 483 464 
23 449 238 
221 282 433 
243 87 348 
17 337 152 
233 299 303 
36 266 44 
425 149 254 
305 298 266 
65 272 56 
79 335 417 
362 234 255 
120 357 184 
122 216 297 
119 28 195 
216 452 430 
181 243 78 
13 159 232 
365 314 163 
311 38 79 
450 368 316 
171 171 51 
72 314 140 
180 98 420 
363 238 391 
317 498 167 
204 29 324 
461 93 94 
356 48 219 
2 196 261 
367 331 407 
235 215 375 
64 300 280 
433 383 46 
76 252 311 
497 419 337 
494 50 104 
163 444 410 
396 403 446 
346 177 466 
148 446 142 
49 495 319 
193 120 125 
134 364 67 
70 80 364 
449 299 61 
482 246 366 
222 300 68 
358 390 84 
374 483 4 
161 102 34 
275 163 253 
354 323 309 
338 265 485 
245 292 90 
361 308 48 
444 412 114 
486 300 174 
60 204 18 
89 229 490 
182 29 70 
229 95 319 
2 24 152 
305 491 456 
9 121 46 
388 313 206 
140 493 490 
308 45 443 
51 154 453 
90 91 291 
138 71 195 
58 21 324 
358 244 290 
332 277 401 
459 155 232 
450 170 491 
56 358 410 
287 27 66 
475 69 11 
111 194 170 
170 92 133 
221 422 134 
113 279 175 
357 221 471 
285 163 122 
283 147 244 
356 137 52 
457 220 11 
122 443 190 
498 328 152 
416 154 78 
468 144 249 
95 34 166 
29 428 70 
345 172 464 
236 3 291 
130 331 301 
115 119 160 
454 268 85 
377 160 51 
3 442 285 
472 344 483 
184 137 182 
240 228 323 
290 390 418 
175 82 472 
382 256 256 
338 153 207 
331 146 422 
351 304 345 
479 53 314 
148 307 421 
31 32 81 
195 451 79 
312 116 24 
286 250 44 
195 234 44 
105 477 387 
332 63 246 
75 482 204 
336 162 241 
462 282 235 
85 12 440 
25 434 14 
186 404 437 
258 471 99 
407 23 27 
326 68 115 
6 220 77 
490 474 116 
445 235 85 
306 350 216 
423 418 396 
82 258 300 
136 234 47 
434 163 186 
46 399 446 
49 282 17 
490 94 135 
11 157 172 
61 441 259 
111 470 480 
480 6 405 
37 131 71 
230 42 372 
251 358 2 
486 127 51 
251 335 244 
248 298 338 
114 411 250 
356 73 361 
292 189 17 
52 347 209 
309 188 317 
254 430 479 
79 271 301 
39 203 407 
111 46 399 
26 186 466 
221 261 22 
123 238 458 
170 76 60 
170 280 310 
69 394 219 
341 281 129 
20 54 360 
348 249 338 
245 473 271 
128 23 482 
74 314 323 
214 335 358 
439 490 293 
228 270 202 
53 85 92 
439 353 42 
261 157 205 
479 187 194 
102 75 409 
236 74 356 
15 97 304 
369 291 93 
280 133 321 
374 324 448 
112 29 348 
60 10 296 
204 116 154 
336 492 209 
429 308 175 
410 258 149 
385 175 119 
173 224 348 
462 95 223 
115 156 384 
346 359 301 
4 141 372 
409 460 95 
456 28 325 
486 356 317 
267 98 124 
353 111 60 
333 406 299 
347 129 151 
331 13 285 
268 205 483 
327 438 274 
443 240 494 
84 374 268 
125 437 271 
77 241 447 
203 195 65 
310 163 329 
302 62 59 
261 166 305 
97 154 36 
260 71 471 
154 27 146 
97 257 160 
17 105 316 
442 70 60 
276 495 52 
176 266 10 
125 420 146 
492 218 321 
472 145 189 
239 442 171 
491 239 362 
392 280 70 
158 264 304 
144 490 335 
172 288 41 
172 266 344 
489 188 26 
57 453 263 
203 47 272 
28 302 219 
420 212 93 
375 125 356 
387 76 209 
296 332 427 
317 368 185 
497 22 367 
334 401 365 
23 412 68 
180 392 206 
61 79 61 
195 351 20 
28 51 275 
392 231 24 
414 326 59 
3 196 277 
358 224 169 
449 273 367 
260 115 311 
485 35 367 
250 483 425 
480 472 433 
179 496 347 
224 279 461 
341 322 65 
120 134 175 
309 12 392 
450 153 39 
309 233 466 
478 365 138 
163 139 491 
78 165 132 
349 52 350 
25 61 468 
126 183 15 
170 249 17 
365 295 348 
413 374 314 
284 460 314 
300 269 418 
16 302 491 
194 129 216 
311 134 333 
183 120 355 
309 19 442 
367 76 16 
129 67 124 
123 436 357 
208 398 375 
96 303 0 
367 160 256 
394 284 284 
165 127 17 
354 415 16 
462 110 20 
93 106 359 
420 379 485 
368 170 299 
112 250 227 
400 9 191 
273 245 362 
51 185 26 
201 407 159 
29 346 469 
488 280 120 
258 398 175 
190 195 72 
100 270 454 
380 212 282 
256 54 276 
112 437 328 
332 428 112 
152 457 103 
70 215 441 
461 358 90 
78 473 155 
387 131 375 
98 471 479 
152 18 294 
48 393 373 
121 327 96 
498 471 471 
247 446 292 
224 9 165 
140 211 332 
421 279 304 
477 69 470 
203 447 216 
409 263 274 
124 68 425 
248 276 9 
41 374 126 
132 388 9 
357 353 303 
305 379 351 
475 494 83 
26 190 26 
132 244 318 
467 269 234 
177 153 96 
42 402 461 
334 437 18 
73 304 385 
282 365 70 
348 245 55 
214 116 470 
295 292 36 
210 197 251 
381 392 71 
103 203 93 
160 386 415 
391 479 93 
453 225 58 
302 263 97 
218 245 60 
55 176 368 
415 242 366 
94 112 386 
4 28 161 
345 143 167 
99 242 420 
134 300 24 
198 489 437 
463 281 490 
281 214 406 
412 437 185 
212 162 140 
401 241 44 
330 470 399 
165 212 66 
15 411 114 
481 256 152 
121 193 114 
33 490 215 
473 314 217 
203 408 97 
451 326 150 
12 390 466 
271 455 354 
436 105 387 
37 421 204 
154 89 334 
293 339 278 
179 243 465 
207 378 58 
396 29 102 
63 412 83 
211 134 474 
242 73 340 
181 21 218 
383 146 329 
276 300 145 
398 144 70 
489 438 152 
488 186 192 
244 481 37 
182 42 209 
188 124 23 
13 328 332 
298 416 145 
213 184 5 
354 12 370 
12 271 19 
360 404 20 
427 382 95 
359 386 437 
86 89 0 
399 373 417 
402 356 135 
6 432 170 
211 224 249 
208 310 331 
254 479 177 
360 240 461 
298 438 423 
200 211 332 
439 492 116 
184 271 117 
95 64 289 
332 127 208 
25 187 273 
57 458 348 
494 241 287 
255 81 117 
139 189 177 
89 95 22 
112 342 485 
389 64 490 
350 176 139 
144 258 275 
446 326 488 
307 482 113 
486 48 290 
152 378 142 
485 258 70 
357 261 182 
170 336 186 
476 136 194 
193 59 494 
496 349 49 
240 342 367 
499 325 473 
90 199 376 
57 325 304 
260 417 10 
373 53 272 
93 161 442 
187 22 479 
394 421 320 
314 303 450 
397 196 480 
457 27 481 
432 389 53 
7 20 283 
188 40 265 
414 50 313 
134 372 233 
190 5 237 
310 498 281 
183 44 77 
301 325 451 
249 76 452 
109 222 141 
339 111 402 
307 42 79 
22 472 271 
267 415 295 
90 306 385 
304 460 391 
454 221 207 
462 374 404 
177 311 370 
394 362 154 
88 439 303 
68 423 276 
241 389 100 
399 203 155 
433 279 126 
80 118 390 
127 429 14 
160 170 365 
199 43 78 
113 314 437 
224 293 29 
359 326 61 
203 123 345 
331 404 216 
262 44 250 
174 247 90 
364 137 370 
376 118 176 
128 126 494 
123 492 129 
34 166 249 
439 330 245 
214 320 393 
64 145 328 
340 400 465 
264 27 105 
398 481 421 
183 321 308 
499 236 92 
420 384 484 
307 303 180 
260 462 47 
483 97 105 
390 338 492 
331 288 349 
59 394 101 
367 431 34 
480 163 261 
360 106 192 
280 411 432 
41 493 88 
235 311 267 
347 354 316 
386 414 487 
36 194 345 
85 259 300 
51 118 131 
412 324 203 
84 479 368 
412 121 17 
293 158 293 
92 481 197 
308 331 196 
316 309 301 
225 292 334 
330 79 488 
74 373 302 
262 346 288 
112 188 258 
369 28 67 
487 386 429 
169 464 335 
368 190 490 
228 208 280 
106 314 50 
163 397 193 
98 331 406 
288 137 91 
448 192 357 
212 54 486 
211 396 154 
331 432 349 
10 19 88 
232 390 279 
220 10 234 
473 358 213 
331 93 362 
254 299 34 
167 232 326 
51 489 130 
308 0 247 
353 81 0 
350 479 91 
64 409 308 
123 236 495 
147 95 426 
211 471 432 
332 18 453 
456 454 193 
357 155 289 
81 4 296 
105 415 419 
16 254 142 
235 30 421 
356 230 469 
193 370 315 
471 352 459 
47 111 498 
364 126 439 
330 109 358 
204 183 284 
402 138 281 
292 75 211 
488 109 56 
157 448 291 
267 17 368 
17 461 164 
148 161 323 
224 86 293 
224 130 68 
172 214 116 
124 348 93 
310 158 4 
203 215 322 
315 319 402 
411 236 225 
178 192 335 
458 384 406 
9 25 328 
43 388 89 
83 189 367 
475 459 412 
182 392 184 
322 97 489 
336 365 55 
115 319 387 
121 265 457 
349 485 321 
384 294 359 
251 58 472 
451 53 244 
145 73 484 
418 379 269 
176 100 262 
101 275 476 
80 82 152 
94 256 96 
168 273 316 
195 247 236 
344 87 379 
422 410 107 
25 154 3 
338 405 436 
302 110 285 
353 218 330 
87 146 175 
280 412 4 
345 156 160 
426 79 188 
415 252 323 
170 191 493 
191 407 337 
118 137 98 
14 450 440 
325 146 461 
382 3 352 
187 58 132 
308 105 7 
178 371 193 
476 317 314 
296 128 30 
266 474 194 
220 420 306 
477 261 415 
403 273 333 
87 242 233 
153 137 93 
462 291 283 
361 102 36 
191 246 59 
54 71 312 
463 57 251 
466 147 202 
466 134 348 
332 192 167 
14 235 369 
497 465 438 
148 20 318 
252 79 160 
414 311 246 
91 23 222 
123 204 167 
498 44 492 
295 104 488 
164 294 341 
485 43 202 
343 164 466 
188 404 360 
347 470 372 
4 26 419 
192 143 470 
428 258 73 
64 58 321 
356 97 349 
75 326 383 
130 286 482 
107 393 336 
87 66 82 
165 48 442 
287 287 31 
402 40 54 
217 47 458 
302 94 47 
154 398 230 
92 421 91 
259 403 177 
462 355 397 
467 183 291 
111 441 335 
290 377 348 
229 487 246 
406 205 6 
409 85 317 
333 171 216 
210 448 465 
220 379 364 
95 179 101 
409 455 49 
332 311 465 
483 321 93 
217 33 245 
125 449 241 
81 284 476 
386 452 435 
202 224 223 
397 405 96 
328 120 49 
440 371 114 
29 174 370 
12 234 421 
179 373 94 
354 20 225 
30 165 479 
205 197 296 
111 440 433 
17 239 257 
335 7 126 
60 499 464 
361 267 354 
70 198 397 
173 111 322 
6 95 76 
133 150 314 
165 385 316 
79 260 229 
239 400 177 
409 60 344 
249 348 131 
286 458 333 
68 346 170 
131 167 294 
433 444 259 
216 410 181 
216 390 239 
181 85 286 
132 59 4 
467 302 425 
470 107 32 
75 286 195 
231 321 490 
50 136 55 
29 40 131 
199 414 370 
336 392 216 
52 53 105 
435 219 90 
305 489 78 
257 439 494 
276 134 399 
396 204 303 
284 11 129 
498 60 276 
417 304 177 
170 416 71 
138 70 109 
167 243 160 
437 161 266 
127 169 293 
484 434 272 
474 311 190 
34 374 106 
476 151 464 
42 3 463 
177 124 19 
66 122 350 
113 241 3 
458 83 141 
226 187 480 
472 48 234 
97 410 9 
336 51 248 
247 455 154 
341 300 470 
391 259 74 
271 425 73 
141 389 70 
480 324 423 
192 346 104 
167 124 311 
64 331 47 
43 130 450 
176 4 56 
0 135 219 
328 220 388 
257 354 219 
116 416 252 
442 124 449 
213 76 339 
81 443 112 
62 197 486 
430 341 110 
321 428 405 
357 107 59 
88 427 272 
232 305 105 
263 198 72 
148 492 454 
452 78 491 
179 148 461 
103 56 19 
420 242 311 
333 19 42 
391 373 103 
457 226 482 
99 222 29 
446 95 199 
158 294 364 
20 381 169 
457 417 462 
47 306 285 
383 174 114 
23 182 344 
399 205 126 
304 493 181 
31 231 187 
352 208 76 
343 439 453 
96 205 240 
342 388 232 
265 207 100 
469 208 106 
244 313 335 
75 62 253 
471 259 344 
485 465 64 
321 290 349 
252 307 409 
223 45 243 
370 136 50 
188 189 193 
269 19 201 
92 293 356 
139 464 87 
303 490 467 
344 306 397 
71 245 311 
120 305 151 
418 389 458 
357 71 311 
185 353 142 
326 366 145 
476 254 169 
116 307 297 
227 228 399 
445 350 365 
360 162 356 
400 112 334 
217 450 265 
2 237 49 
372 145 222 
258 105 113 
224 373 391 
389 108 286 
77 319 303 
400 351 278 
231 251 14 
392 292 334 
246 163 288 
116 250 190 
209 230 347 
239 479 130 
26 35 419 
478 224 302 
136 260 317 
29 270 86 
253 366 390 
290 51 183 
106 272 419 
176 402 359 
186 279 371 
6 294 77 
281 105 445 
292 390 65 
392 32 241 
497 303 435 
94 78 250 
84 207 178 
220 423 212 
125 145 4 
251 144 147 
30 174 311 
430 132 427 
494 85 12 
383 77 185 
87 388 62 
268 337 308 
200 390 401 
46 410 256 
152 100 340 
215 179 168 
146 73 32 
180 324 408 
236 309 150 
266 19 8 
122 372 327 
384 151 416 
250 460 285 
378 84 24 
287 124 130 
47 132 121 
50 76 294 
132 451 355 
261 234 292 
328 409 77 
240 453 368 
337 45 261 
163 6 160 
93 35 116 
477 360 300 
387 437 264 
318 242 44 
295 376 294 
492 433 410 
417 488 390 
14 106 189 
480 3 309 
45 107 423 
102 177 433 
348 206 169 
59 298 298 
300 269 71 
460 422 262 
300 198 227 
302 255 194 
312 213 102 
432 453 375 
100 442 437 
391 223 129 
291 430 167 
118 192 299 
201 312 401 
196 256 350 
171 192 349 
182 148 192 
13 295 161 
445 277 88 
203 475 153 
157 88 216 
459 279 408 
293 92 494 
352 494 288 
26 438 482 
131 360 243 
33 423 114 
22 273 218 
190 343 52 
394 109 308 
368 492 463 
307 166 126 
279 341 230 
339 60 415 
367 337 244 
252 139 246 
438 287 341 
388 283 63 
482 304 213 
136 36 438 
484 425 198 
284 270 108 
246 464 238 
402 80 376 
6 5 331 
141 353 336 
450 304 328 
106 1 494 
332 342 235 
186 434 47 
476 253 320 
80 412 25 
292 207 259 
131 163 215 
312 284 254 
393 273 259 
93 452 117 
497 150 137 
480 357 26 
74 492 360 
