1000
3
105 308 169 
436 211 193 
373 236 242 
450 250 496 
275 395 85 
39 484 186 
274 406 288 
409 403 245 
313 441 261 
377 196 325 
189 411 160 
197 118 410 
93 133 263 
240 418 178 
356 366 446 
383 95 203 
28 390 237 
304 177 246 
391 29 215 
169 271 381 
60 130 403 
163 354 416 
383 378 190 
135 314 226 
179 157 11 
97 221 318 
407 450 80 
385 297 151 
267 398 267 
155 1 344 
216 38 80 
488 499 238 
208 76 31 
444 127 379 
136 452 259 
170 95 490 
182 308 218 
201 375 495 
19 94 284 
26 299 210 
384 184 319 
33 422 94 
135 143 237 
398 308 217 
236 472 280 
345 174 53 
71 4 295 
76 433 92 
473 221 75 
466 387 189 
124 274 319 
48 417 278 
223 85 113 
286 318 320 
180 261 498 
255 82 85 
299 387 128 
469 337 67 
186 440 27 
141 180 210 
295 341 440 
339 295 412 
358 108 35 
225 400 238 
25 380 295 
139 19 400 
50 228 282 
499 134 197 
92 321 195 
351 72 53 
183 259 182 
248 465 389 
407 176 110 
32 450 390 
380 41 217 
98 278 155 
191 95 48 
438 192 217 
252 293 216 
58 387 142 
224 401 480 
276 318 359 
238 332 156 
297 348 337 
464 132 349 
94 27 148 
101 279 76 
7 473 335 
352 469 375 
68 49 105 
358 198 12 
215 138 498 
28 302 131 
444 157 478 
329 235 73 
150 11 441 
410 400 444 
168 349 165 
132 27 211 
96 11 147 
331 148 409 
449 499 373 
258 273 452 
121 344 369 
390 152 164 
328 481 458 
90 346 439 
233 222 296 
162 321 208 
54 340 361 
395 174 366 
317 458 280 
10 415 75 
476 115 203 
322 75 48 
33 346 65 
316 21 111 
297 309 463 
12 335 142 
287 191 200 
79 64 244 
468 181 457 
319 368 180 
251 451 51 
191 445 211 
478 234 43 
27 1 253 
30 497 210 
496 255 86 
380 490 87 
125 33 461 
170 193 433 
250 27 91 
387 202 219 
379 335 452 
199 5 206 
412 189 82 
13 226 468 
264 25 17 
248 159 128 
215 8 232 
109 165 310 
380 358 351 
421 78 251 
83 54 202 
116 152 365 
111 143 95 
372 192 436 
165 14 220 
74 447 302 
324 311 315 
43 13 257 
424 232 299 
467 202 345 
32 175 59 
100 298 457 
118 414 161 
114 38 151 
465 100 35 
221 477 9 
434 181 8 
475 71 44 
305 59 289 
308 454 419 
409 396 289 
14 339 426 
296 371 161 
412 11 381 
326 174 204 
281 216 85 
27 2 83 
334 380 211 
499 119 71 
496 164 79 
102 63 397 
198 158 194 
202 483 43 
105 87 57 
106 105 166 
385 130 124 
249 414 151 
5 70 372 
464 45 191 
279 307 4 
146 432 23 
134 234 194 
105 85 469 
399 409 19 
66 282 292 
410 315 429 
207 460 244 
499 199 467 
333 295 107 
309 359 293 
29 268 311 
95 277 245 
296 157 368 
297 399 110 
27 339 4 
222 467 1 
268 93 106 
498 417 9 
401 126 411 
268 51 124 
59 381 261 
318 89 25 
211 135 391 
475 134 357 
124 13 104 
138 83 391 
446 204 81 
189 428 370 
122 148 76 
267 321 138 
13 106 174 
263 219 459 
278 253 138 
65 35 288 
351 249 441 
327 490 395 
192 371 129 
340 15 233 
225 139 406 
0 204 178 
469 249 124 
378 138 219 
144 20 226 
483 409 358 
427 440 75 
104 485 52 
466 400 87 
363 448 242 
489 358 464 
318 369 361 
334 88 135 
462 14 456 
149 276 327 
407 116 443 
125 87 377 
462 478 192 
489 65 263 
13 340 11 
87 188 328 
171 298 306 
102 478 80 
307 477 111 
368 162 429 
467 231 162 
376 394 482 
75 423 304 
305 264 292 
489 326 227 
395 466 154 
32 167 200 
383 375 75 
168 60 444 
154 66 117 
29 192 176 
366 347 35 
335 47 319 
227 420 283 
292 46 152 
223 493 448 
294 218 164 
334 82 446 
227 394 99 
172 472 107 
483 406 251 
27 443 156 
292 144 462 
290 338 79 
19 483 176 
156 394 349 
436 118 165 
90 190 154 
92 296 255 
72 339 58 
65 402 8 
147 488 162 
359 135 223 
411 288 32 
57 200 112 
195 80 297 
476 321 52 
335 432 50 
276 278 14 
245 169 465 
479 165 61 
83 483 455 
279 41 126 
280 458 197 
7 88 132 
362 72 75 
92 362 265 
159 216 473 
398 370 284 
387 148 324 
337 157 172 
342 366 201 
235 103 145 
272 346 196 
463 457 273 
4 50 17 
496 237 216 
406 61 474 
200 358 117 
466 277 360 
471 138 427 
40 38 223 
342 484 316 
19 489 439 
484 230 144 
368 66 264 
491 237 330 
462 188 21 
53 191 497 
16 495 258 
386 373 118 
46 17 318 
449 461 247 
284 263 210 
172 250 411 
358 204 341 
24 106 425 
46 290 135 
364 268 112 
362 483 444 
57 359 21 
171 465 206 
174 411 165 
489 103 238 
107 365 54 
85 413 236 
210 461 29 
156 425 248 
154 55 44 
382 314 182 
57 70 127 
267 1 205 
165 199 116 
339 309 234 
356 486 136 
248 58 175 
484 188 0 
331 332 3 
361 370 448 
486 72 396 
263 140 68 
190 72 136 
389 452 201 
344 223 301 
290 204 76 
287 407 194 
244 206 385 
195 41 471 
50 422 265 
50 241 76 
444 217 472 
68 415 344 
306 57 439 
3 49 247 
84 147 172 
487 302 85 
335 332 253 
172 396 167 
173 294 206 
274 104 362 
497 401 176 
437 304 473 
271 312 307 
14 286 166 
265 173 410 
219 175 472 
457 305 468 
142 424 218 
212 190 364 
71 320 187 
411 24 343 
141 69 453 
31 332 407 
70 52 284 
314 10 234 
401 406 3 
239 165 387 
258 354 219 
66 252 10 
379 490 19 
160 40 457 
18 277 493 
265 145 46 
161 120 325 
57 201 271 
266 139 485 
172 201 11 
52 99 248 
222 216 11 
258 483 22 
130 301 243 
126 359 445 
389 284 25 
35 423 83 
465 407 381 
435 145 159 
484 462 483 
466 344 343 
465 196 439 
409 318 148 
152 79 242 
129 292 145 
268 409 200 
142 442 309 
220 51 295 
266 397 161 
292 56 154 
67 108 486 
178 212 408 
198 377 293 
472 330 128 
110 49 136 
391 44 269 
14 86 35 
162 491 45 
189 105 463 
129 411 380 
342 259 478 
482 205 172 
122 30 400 
133 273 464 
332 2 472 
199 489 448 
492 362 400 
330 119 466 
260 381 400 
128 399 337 
269 493 76 
438 440 382 
235 376 142 
366 76 221 
60 371 70 
1 440 400 
244 56 136 
114 295 309 
294 479 4 
223 157 292 
60 377 275 
179 298 228 
56 123 400 
344 58 400 
158 95 132 
428 59 198 
397 264 238 
274 406 85 
459 60 365 
159 472 470 
439 368 463 
324 401 66 
233 291 3 
109 175 205 
420 100 469 
191 338 192 
217 265 193 
40 139 326 
188 328 327 
180 34 468 
159 283 59 
44 72 151 
364 146 360 
133 237 150 
114 7 26 
150 365 479 
317 198 122 
469 136 494 
374 149 50 
215 13 456 
287 104 390 
196 433 93 
299 74 323 
291 383 453 
189 436 107 
473 458 22 
71 257 367 
355 352 36 
80 483 107 
110 157 377 
447 478 231 
385 96 40 
145 183 188 
361 214 253 
219 392 388 
475 284 340 
91 96 34 
308 369 38 
125 4 122 
135 219 281 
353 86 235 
228 30 173 
417 75 458 
65 30 52 
449 452 63 
212 490 244 
411 397 354 
488 423 469 
430 272 190 
470 31 198 
21 238 406 
488 55 304 
208 378 226 
190 65 203 
167 490 140 
193 256 136 
106 142 357 
121 81 114 
233 439 164 
56 3 253 
374 172 457 
394 159 176 
460 134 134 
370 6 36 
133 463 309 
472 299 314 
357 200 489 
318 430 491 
93 351 92 
402 432 427 
200 151 203 
402 372 428 
457 484 74 
204 282 287 
157 369 183 
198 14 150 
491 420 259 
225 287 92 
310 366 187 
261 177 318 
101 185 421 
38 470 190 
245 404 123 
148 409 480 
126 68 120 
433 283 207 
472 108 142 
304 453 158 
103 211 65 
189 290 145 
83 340 493 
369 18 375 
407 433 385 
243 194 199 
453 363 393 
41 495 181 
165 19 228 
341 162 240 
39 467 90 
391 315 457 
274 395 438 
306 297 183 
22 266 322 
36 475 43 
190 18 134 
461 267 25 
261 128 492 
21 458 262 
30 369 186 
72 252 393 
72 405 7 
23 435 199 
440 408 91 
158 436 377 
283 27 359 
184 75 110 
312 222 30 
82 365 150 
190 495 414 
116 237 214 
244 437 375 
467 189 238 
158 372 151 
148 355 361 
20 214 42 
100 220 322 
154 165 113 
211 46 28 
235 429 348 
12 98 135 
69 416 219 
98 422 297 
373 6 218 
419 398 438 
68 437 261 
1 227 360 
250 392 253 
428 304 404 
70 121 243 
216 440 356 
211 192 93 
499 185 452 
171 165 249 
316 39 235 
12 23 392 
419 65 428 
399 366 232 
49 378 301 
379 89 214 
193 113 51 
458 97 151 
81 157 405 
389 385 244 
224 435 201 
450 380 490 
454 172 363 
296 369 405 
406 67 117 
111 232 417 
390 13 108 
376 323 442 
385 64 20 
242 156 332 
162 19 45 
338 495 330 
387 272 43 
276 256 420 
186 498 460 
359 149 377 
131 238 466 
431 295 9 
163 87 429 
321 79 163 
59 98 214 
153 111 134 
176 363 414 
458 252 8 
271 302 401 
53 137 235 
448 48 468 
150 371 380 
277 396 432 
279 480 106 
200 405 343 
314 226 298 
37 455 154 
86 208 3 
278 280 128 
339 336 406 
196 116 332 
169 212 301 
404 357 158 
240 22 256 
180 123 342 
331 490 137 
393 406 120 
298 95 354 
490 35 276 
464 451 390 
346 202 174 
158 90 5 
151 184 34 
186 183 326 
396 59 63 
349 100 153 
370 102 180 
125 188 141 
133 144 14 
24 488 264 
272 55 234 
40 77 88 
248 423 469 
241 443 194 
339 206 7 
220 446 258 
336 188 491 
171 214 223 
432 86 26 
179 103 100 
286 248 490 
154 182 44 
367 332 282 
342 346 426 
52 441 186 
403 94 268 
453 284 357 
479 11 470 
49 11 102 
404 292 95 
497 179 247 
11 39 439 
253 343 247 
411 19 18 
197 210 333 
324 432 194 
362 329 216 
26 58 395 
88 435 281 
355 468 107 
253 265 284 
315 30 151 
277 179 214 
449 466 460 
152 38 383 
101 22 138 
122 31 390 
251 386 320 
121 295 157 
355 51 214 
359 319 484 
232 97 414 
428 70 112 
100 235 252 
54 485 188 
68 112 115 
91 19 91 
469 162 176 
264 210 273 
319 366 366 
323 383 466 
388 149 289 
79 304 441 
429 354 468 
243 91 486 
354 312 342 
255 85 468 
436 367 277 
296 11 330 
148 146 212 
40 240 4 
363 163 431 
379 163 27 
222 0 356 
321 130 70 
199 27 41 
127 61 382 
385 406 168 
451 251 233 
324 392 171 
460 6 142 
124 46 219 
296 22 272 
163 59 180 
481 279 154 
474 240 406 
494 375 274 
293 271 113 
59 24 481 
302 216 490 
305 469 243 
423 420 334 
146 141 494 
175 267 320 
149 18 125 
170 325 24 
469 399 168 
271 112 311 
55 308 160 
211 28 367 
347 35 494 
292 379 277 
459 248 368 
318 5 257 
160 286 385 
483 316 337 
290 240 289 
195 105 247 
38 105 362 
238 494 130 
393 381 174 
301 488 423 
100 212 242 
188 459 82 
433 104 463 
194 441 496 
197 32 308 
403 476 329 
203 276 311 
463 211 323 
75 432 62 
22 110 261 
272 158 194 
439 145 359 
296 360 9 
112 99 359 
199 237 185 
147 496 460 
438 194 228 
82 72 451 
119 323 136 
149 69 364 
326 43 353 
45 417 342 
180 496 130 
186 282 190 
430 189 102 
325 315 113 
490 402 15 
393 491 164 
221 428 10 
187 498 126 
237 67 83 
411 385 381 
213 294 372 
192 298 139 
468 112 447 
457 310 65 
44 76 102 
51 19 206 
60 315 225 
382 484 417 
171 390 139 
368 33 353 
254 320 46 
414 328 439 
287 178 275 
224 110 366 
320 40 179 
46 88 330 
370 222 412 
471 292 208 
485 235 221 
365 17 95 
103 269 429 
488 484 226 
296 12 434 
413 243 113 
375 21 207 
71 117 257 
351 488 324 
56 197 55 
287 136 140 
368 226 24 
70 308 378 
139 237 460 
247 167 176 
409 142 106 
111 39 418 
117 79 262 
301 199 408 
271 261 465 
346 196 342 
208 95 40 
300 139 226 
386 221 67 
473 336 359 
489 497 379 
364 327 148 
154 271 107 
468 429 8 
29 195 493 
194 284 92 
397 472 469 
344 428 298 
8 318 466 
472 360 448 
40 61 458 
366 169 47 
130 394 491 
399 50 487 
7 130 491 
136 29 1 
318 381 435 
390 391 251 
70 195 346 
209 267 444 
192 95 117 
175 364 128 
441 416 32 
88 428 348 
346 107 137 
189 57 442 
395 275 33 
308 98 59 
206 438 304 
197 450 443 
102 209 145 
326 493 386 
351 345 19 
315 129 200 
151 103 80 
56 134 324 
495 343 443 
448 432 25 
150 208 354 
255 40 267 
262 492 351 
410 288 213 
446 27 430 
491 117 251 
485 340 399 
124 23 451 
435 177 97 
373 409 381 
220 40 10 
140 443 99 
364 244 170 
173 153 220 
282 423 31 
124 9 201 
373 4 132 
77 60 67 
436 375 336 
260 186 208 
213 28 31 
34 175 336 
217 438 251 
182 304 217 
366 2 325 
237 307 386 
41 460 123 
103 189 395 
94 213 118 
364 37 342 
436 62 56 
423 485 106 
280 351 164 
492 477 300 
131 48 47 
121 122 39 
53 134 57 
182 445 456 
190 345 205 
108 481 135 
1 187 165 
153 300 324 
477 5 350 
138 223 424 
299 146 168 
179 103 385 
389 21 446 
350 66 378 
128 90 374 
237 401 273 
150 46 360 
174 43 471 
267 1 203 
377 21 32 
268 131 3 
39 473 457 
100 148 490 
455 247 460 
167 465 359 
161 188 125 
43 177 44 
443 136 88 
380 234 256 
68 224 116 
173 310 197 
302 51 185 
234 230 243 
113 264 304 
301 318 252 
412 248 367 
113 250 186 
122 344 394 
351 208 273 
202 240 107 
355 2 221 
136 327 310 
438 87 289 
158 43 206 
465 37 231 
150 74 348 
108 121 190 
255 302 389 
269 233 58 
183 226 245 
469 300 8 
105 485 409 
79 2 128 
445 213 498 
217 231 256 
166 169 290 
284 320 435 
202 369 466 
111 363 407 
158 276 112 
343 101 308 
37 452 459 
143 265 327 
340 433 431 
255 441 393 
253 468 319 
211 156 47 
89 332 187 
367 149 29 
150 7 488 
378 4 392 
295 150 144 
222 443 217 
69 296 205 
497 297 25 
259 6 60 
50 263 461 
499 474 178 
240 423 44 
465 376 80 
112 484 276 
442 473 299 
274 327 47 
13 268 57 
446 357 377 
343 399 469 
321 215 107 
111 211 90 
