1000
3
486 489 479 
478 323 299 
265 362 446 
95 293 66 
111 284 285 
296 272 251 
343 99 32 
482 339 280 
50 423 130 
407 53 182 
140 420 162 
246 86 465 
374 157 259 
357 491 59 
66 484 398 
152 89 263 
411 121 207 
71 444 260 
191 249 167 
301 314 488 
160 425 341 
361 328 471 
113 373 437 
319 34 325 
473 26 330 
444 473 216 
227 15 312 
84 265 130 
62 10 211 
316 308 36 
148 67 257 
199 77 298 
74 146 51 
244 166 107 
303 94 458 
242 267 97 
453 204 295 
49 28 136 
484 303 449 
422 258 14 
161 365 76 
338 124 443 
311 182 49 
120 495 311 
55 227 486 
382 132 157 
163 15 157 
112 83 25 
207 69 484 
214 233 303 
34 27 10 
127 167 148 
382 5 341 
314 5 429 
259 319 388 
379 35 28 
217 464 188 
290 405 41 
249 58 421 
147 89 215 
499 106 429 
430 99 212 
195 129 474 
317 480 406 
370 188 439 
122 368 421 
353 82 155 
483 285 310 
322 238 50 
365 206 169 
451 485 486 
406 203 404 
248 102 322 
301 389 336 
256 481 112 
435 133 77 
243 407 397 
56 231 158 
23 427 196 
320 317 189 
214 284 147 
442 234 19 
105 56 248 
426 259 36 
10 73 208 
399 346 216 
234 297 122 
217 299 431 
341 224 416 
449 121 289 
427 303 40 
244 323 205 
36 93 203 
423 421 404 
438 259 409 
188 105 197 
54 3 31 
228 340 413 
38 251 113 
430 426 320 
499 143 284 
310 238 205 
321 394 56 
1 309 320 
5 147 79 
40 67 230 
123 255 2 
358 363 272 
93 37 11 
391 443 484 
411 237 186 
421 179 171 
282 415 456 
77 216 22 
430 392 157 
453 350 100 
235 490 481 
132 352 484 
482 459 50 
192 385 175 
435 294 389 
282 329 196 
485 381 114 
1 220 194 
94 496 315 
82 22 408 
167 295 286 
192 100 140 
134 316 0 
431 171 50 
353 144 441 
491 359 20 
416 43 54 
465 464 56 
497 22 466 
99 391 323 
74 29 107 
249 183 408 
451 84 265 
391 173 67 
283 60 79 
134 228 157 
229 291 212 
82 414 475 
445 60 139 
39 395 272 
191 498 282 
472 401 290 
162 399 99 
456 322 392 
86 210 202 
421 431 8 
434 102 404 
371 440 17 
468 61 497 
341 411 22 
53 458 151 
104 482 272 
81 327 164 
496 324 191 
51 37 5 
106 292 209 
316 183 381 
431 134 133 
229 5 84 
94 392 154 
200 223 357 
421 431 261 
90 198 319 
358 492 39 
230 214 205 
432 64 334 
106 176 155 
286 206 251 
17 123 282 
133 152 196 
470 316 41 
110 298 22 
150 344 157 
298 27 60 
263 173 196 
224 403 422 
462 289 392 
87 103 386 
54 348 272 
386 163 173 
410 295 171 
327 356 267 
93 88 49 
489 229 356 
373 134 488 
433 111 406 
115 315 219 
129 252 489 
449 2 147 
80 499 315 
33 185 10 
188 95 251 
256 59 413 
79 491 365 
485 228 430 
222 39 103 
94 155 428 
187 227 405 
493 374 485 
3 250 132 
274 332 159 
450 94 147 
357 308 66 
64 398 255 
189 148 332 
309 89 6 
305 363 354 
432 381 421 
203 405 76 
15 234 376 
171 228 277 
259 105 215 
295 211 31 
205 300 371 
49 137 419 
433 48 420 
90 364 282 
242 239 189 
332 179 493 
296 231 391 
65 34 169 
455 57 470 
196 196 328 
25 175 219 
472 289 285 
356 104 353 
251 413 41 
454 336 83 
161 420 43 
247 491 476 
450 146 102 
437 78 467 
176 367 488 
118 435 392 
455 254 149 
60 259 172 
337 219 42 
124 234 318 
133 446 271 
444 404 377 
196 256 335 
44 464 120 
437 174 388 
156 332 484 
217 137 253 
318 42 466 
18 270 286 
168 157 268 
453 6 209 
79 269 91 
369 191 476 
424 477 230 
384 319 357 
25 152 483 
300 206 238 
387 58 218 
242 461 126 
105 314 499 
100 147 339 
368 171 139 
389 129 327 
83 239 180 
425 211 18 
111 240 15 
180 334 440 
464 445 403 
254 379 82 
54 284 109 
10 497 443 
143 186 70 
347 201 233 
159 98 147 
357 148 17 
443 98 148 
400 450 272 
35 189 347 
339 180 441 
321 163 278 
255 74 166 
353 82 477 
8 427 354 
450 442 85 
298 480 279 
80 317 471 
447 353 87 
288 324 461 
283 262 24 
155 51 112 
246 44 204 
301 109 388 
441 104 64 
158 407 396 
395 302 191 
73 263 300 
328 186 93 
270 39 406 
185 451 65 
349 83 127 
288 96 401 
39 466 185 
452 185 111 
222 174 269 
278 109 353 
75 405 37 
103 324 330 
496 490 372 
9 188 330 
3 331 221 
137 137 179 
72 230 361 
10 198 283 
361 146 65 
242 339 12 
12 284 459 
487 151 410 
257 56 389 
364 463 141 
157 331 80 
350 369 405 
264 490 365 
352 148 310 
421 273 487 
44 462 153 
295 157 154 
183 231 475 
448 240 65 
177 222 307 
190 51 295 
460 134 45 
417 416 177 
96 491 203 
438 305 77 
287 388 171 
237 101 247 
256 214 267 
214 39 328 
341 429 1 
218 276 378 
119 244 417 
281 208 25 
74 196 184 
270 52 74 
92 102 293 
148 441 13 
316 294 41 
296 120 296 
225 10 126 
209 297 61 
123 482 296 
445 102 424 
432 26 463 
272 47 425 
225 300 50 
272 34 342 
235 259 345 
456 460 364 
417 311 39 
408 377 265 
380 368 464 
35 496 438 
67 169 68 
191 454 373 
162 130 60 
335 172 124 
211 186 357 
252 120 265 
126 263 87 
249 338 240 
480 322 163 
45 358 64 
477 254 345 
47 57 216 
332 81 7 
55 356 5 
52 117 252 
2 295 221 
273 253 267 
304 454 82 
474 219 326 
34 225 90 
214 94 93 
446 327 90 
22 170 476 
49 27 497 
109 497 493 
203 112 35 
29 405 157 
268 153 439 
41 31 235 
329 299 214 
199 215 152 
233 438 462 
57 90 459 
247 195 427 
422 211 491 
359 332 434 
56 271 267 
111 298 2 
367 260 173 
379 289 173 
495 351 324 
354 295 116 
269 398 75 
331 469 13 
117 139 432 
83 70 443 
416 327 315 
98 397 54 
210 15 238 
324 106 387 
476 272 406 
283 56 381 
468 71 307 
42 433 101 
396 280 5 
176 416 299 
110 29 30 
209 287 327 
218 327 188 
339 448 210 
307 363 159 
462 341 380 
424 64 226 
415 82 257 
208 12 398 
82 304 499 
112 100 428 
397 32 381 
494 59 224 
190 372 98 
41 202 157 
218 464 115 
270 16 155 
305 239 320 
191 456 70 
320 489 445 
162 259 126 
146 327 79 
1 257 404 
341 325 290 
222 4 127 
409 499 332 
182 147 303 
149 17 78 
112 37 257 
299 229 498 
409 481 219 
465 40 104 
71 411 211 
123 50 118 
278 300 182 
461 181 334 
22 254 212 
197 83 357 
487 374 200 
154 118 446 
372 288 241 
92 318 228 
20 303 160 
265 494 218 
352 65 92 
185 0 65 
160 373 378 
24 267 415 
222 166 369 
461 257 44 
29 241 311 
439 353 348 
263 101 44 
11 382 25 
86 83 210 
123 241 50 
273 193 26 
334 391 221 
72 279 401 
390 389 104 
156 379 466 
371 150 419 
298 124 220 
200 2 20 
465 95 180 
349 427 380 
370 298 220 
279 87 290 
152 470 213 
457 406 411 
10 382 264 
374 116 241 
449 68 147 
156 359 64 
283 322 62 
467 284 416 
424 131 151 
336 369 320 
230 452 242 
446 287 203 
195 176 409 
291 491 30 
72 207 413 
31 197 217 
376 489 167 
420 331 245 
192 96 168 
292 164 127 
120 284 139 
232 264 378 
418 203 370 
480 260 479 
218 134 199 
264 460 474 
439 494 477 
376 286 404 
450 45 195 
326 44 304 
196 400 421 
244 450 327 
228 401 290 
402 169 165 
310 151 16 
151 87 122 
288 34 13 
95 40 28 
84 96 182 
148 146 12 
52 127 325 
3 28 438 
244 427 463 
352 74 312 
83 402 288 
442 423 40 
281 203 108 
456 428 276 
405 471 360 
300 411 376 
151 341 387 
320 190 307 
378 448 309 
423 224 322 
372 441 396 
103 265 184 
492 462 461 
148 80 46 
463 162 138 
270 112 462 
497 82 390 
302 2 383 
274 170 430 
92 316 56 
281 208 323 
380 121 103 
250 50 54 
448 171 153 
17 386 322 
208 17 435 
399 136 389 
43 493 261 
341 421 66 
30 236 348 
45 484 295 
445 66 83 
140 172 478 
287 410 15 
323 81 221 
202 490 454 
138 446 212 
83 298 33 
351 317 316 
362 427 180 
36 490 133 
346 129 166 
355 20 347 
53 489 427 
20 150 133 
30 382 36 
335 21 410 
230 168 339 
411 149 325 
18 458 57 
447 356 150 
348 127 178 
160 486 196 
271 281 426 
460 402 339 
38 296 126 
114 238 100 
244 453 424 
52 444 334 
364 425 169 
495 143 295 
405 30 132 
343 192 252 
194 190 442 
190 255 299 
261 140 195 
338 262 115 
58 405 351 
395 259 90 
390 378 64 
387 336 477 
167 15 40 
497 344 50 
433 392 350 
469 319 462 
200 72 51 
383 212 493 
469 40 242 
394 427 219 
256 323 96 
195 147 185 
106 150 34 
275 349 21 
290 488 432 
146 117 273 
399 145 213 
385 120 479 
153 435 377 
66 248 76 
470 158 318 
499 51 390 
239 246 176 
2 179 347 
448 216 420 
327 109 207 
452 206 6 
432 218 382 
9 497 448 
362 160 287 
355 107 246 
192 210 230 
15 229 310 
499 356 3 
431 183 41 
405 345 413 
285 38 42 
460 92 433 
251 161 313 
405 6 491 
427 244 442 
490 23 36 
379 7 203 
394 426 402 
13 295 381 
206 379 104 
120 90 47 
133 287 219 
353 126 388 
121 456 422 
25 206 394 
138 379 53 
99 443 438 
36 73 120 
493 211 215 
262 34 70 
19 437 439 
421 7 484 
440 438 248 
474 301 91 
322 97 253 
275 345 428 
105 341 432 
340 271 332 
103 63 138 
397 458 326 
150 421 477 
165 265 274 
230 477 81 
103 190 129 
230 221 92 
286 457 358 
327 162 32 
337 193 228 
184 174 162 
487 224 436 
271 217 88 
269 293 330 
474 318 46 
322 253 152 
355 15 400 
99 289 24 
10 79 97 
96 455 49 
222 415 192 
88 73 152 
369 33 125 
191 32 188 
87 338 214 
436 45 171 
437 147 54 
81 441 208 
349 44 151 
114 335 282 
320 186 472 
417 129 264 
286 287 340 
67 429 370 
271 107 466 
296 492 481 
483 234 440 
138 101 285 
354 92 177 
330 93 470 
165 469 382 
431 342 141 
108 183 259 
351 440 274 
49 48 357 
270 39 232 
486 316 34 
65 255 242 
490 461 51 
92 183 317 
191 489 298 
448 357 369 
304 328 420 
249 29 87 
243 447 139 
9 413 109 
166 374 259 
85 360 288 
409 67 338 
352 9 47 
317 190 254 
441 75 418 
41 303 215 
497 197 494 
232 73 100 
238 250 494 
139 240 279 
415 315 181 
268 237 263 
377 264 230 
466 53 371 
413 233 240 
240 265 174 
373 378 281 
340 446 360 
292 355 349 
307 427 353 
35 237 41 
358 287 487 
478 5 76 
254 191 87 
207 423 469 
329 448 149 
328 36 328 
37 264 313 
193 272 377 
336 58 73 
40 220 445 
29 26 236 
308 72 375 
54 224 294 
379 1 401 
67 375 54 
422 382 404 
211 332 416 
21 427 447 
125 446 139 
417 104 108 
387 220 399 
213 149 187 
203 465 294 
373 253 279 
282 141 435 
454 243 66 
62 331 307 
335 448 206 
367 376 243 
337 304 321 
216 252 347 
75 391 246 
317 408 336 
64 438 138 
35 250 188 
482 429 387 
176 144 158 
255 196 227 
196 236 348 
195 478 76 
227 78 290 
419 307 33 
173 493 45 
184 59 472 
494 333 360 
427 181 469 
171 282 350 
60 470 342 
134 156 412 
130 407 382 
309 433 316 
137 365 103 
80 299 332 
378 75 230 
453 372 273 
92 139 460 
491 468 200 
499 301 266 
302 454 70 
461 140 398 
195 327 250 
323 123 461 
353 33 205 
38 453 185 
140 415 153 
493 23 453 
217 256 476 
38 448 405 
304 269 490 
326 442 358 
9 416 329 
395 135 346 
388 307 374 
56 460 424 
164 495 468 
162 216 130 
174 442 114 
292 138 388 
156 349 292 
307 481 18 
39 64 162 
422 153 402 
109 367 151 
370 61 238 
209 274 261 
423 315 79 
333 193 107 
452 318 206 
252 385 55 
190 16 206 
200 155 477 
262 140 142 
278 237 311 
480 16 370 
189 160 325 
36 155 197 
162 211 368 
144 16 479 
305 256 365 
346 17 365 
133 232 203 
243 365 441 
433 276 56 
126 443 323 
391 396 74 
181 499 302 
400 1 191 
201 261 467 
265 107 86 
276 443 382 
302 454 366 
7 358 288 
201 496 195 
134 236 137 
495 27 437 
499 353 182 
160 91 386 
283 323 174 
32 235 89 
136 134 392 
17 265 271 
77 56 328 
132 17 406 
167 493 262 
274 68 304 
200 192 255 
469 211 16 
305 269 443 
495 97 42 
104 69 234 
465 123 134 
316 11 201 
26 203 406 
70 85 335 
384 476 253 
62 10 462 
281 465 46 
176 202 95 
275 134 469 
495 442 393 
360 452 3 
110 464 194 
206 427 5 
21 224 191 
324 351 402 
350 461 491 
412 413 132 
21 376 148 
115 256 258 
347 10 438 
109 468 71 
140 439 419 
342 124 145 
70 492 407 
330 232 473 
139 225 130 
447 102 456 
342 14 210 
328 176 142 
245 24 354 
495 369 337 
86 250 456 
58 324 88 
317 355 299 
144 220 108 
70 154 312 
285 436 359 
57 480 123 
121 448 333 
95 283 251 
82 379 10 
9 280 446 
292 286 352 
123 98 237 
324 50 196 
259 285 163 
57 18 460 
370 376 122 
285 362 206 
391 444 350 
263 204 315 
86 177 112 
165 378 333 
308 417 10 
316 193 460 
382 405 168 
98 253 480 
8 432 357 
19 330 482 
222 126 125 
447 277 86 
293 242 447 
175 446 273 
347 358 59 
233 464 390 
344 284 304 
251 174 423 
383 469 382 
256 324 103 
441 289 443 
59 227 388 
23 379 210 
26 223 251 
350 215 476 
382 59 463 
317 484 335 
247 256 61 
255 460 357 
38 292 489 
169 129 295 
12 401 391 
123 218 45 
147 307 444 
468 255 204 
175 22 319 
464 400 146 
238 265 305 
265 87 229 
52 339 25 
287 201 293 
92 488 444 
409 92 160 
149 147 234 
24 400 452 
125 205 489 
25 394 214 
40 349 144 
122 303 376 
298 41 336 
477 417 171 
434 80 361 
252 77 205 
196 267 474 
428 418 448 
386 470 115 
144 242 52 
69 221 171 
96 402 479 
108 81 490 
380 136 116 
437 75 40 
313 103 215 
335 487 398 
283 192 445 
114 369 397 
142 228 314 
257 420 360 
73 76 305 
452 112 228 
395 414 108 
244 235 427 
327 277 461 
131 105 73 
478 361 424 
331 462 396 
