1000
3
260 82 415 
264 415 173 
229 214 246 
6 464 324 
117 98 102 
281 130 290 
481 119 430 
455 66 156 
242 91 427 
53 347 66 
54 404 34 
38 189 29 
396 437 379 
61 401 100 
213 130 144 
390 473 383 
264 499 339 
264 229 227 
353 452 263 
243 171 167 
387 290 477 
483 396 449 
109 67 182 
225 400 185 
269 159 129 
161 358 78 
384 135 18 
333 222 360 
300 292 102 
294 50 161 
168 105 372 
172 214 457 
273 180 55 
225 450 69 
430 435 205 
362 375 378 
115 171 269 
125 334 109 
364 386 299 
383 278 495 
296 42 329 
178 238 305 
63 68 349 
370 219 20 
197 336 488 
17 225 69 
76 409 415 
429 23 474 
176 6 466 
230 222 112 
35 416 16 
120 283 171 
145 225 79 
39 113 323 
368 191 141 
267 474 320 
278 320 244 
305 70 252 
478 392 391 
128 303 61 
28 167 387 
483 14 17 
429 407 60 
148 238 426 
252 231 494 
347 203 118 
372 421 215 
312 370 250 
483 112 495 
404 127 363 
376 143 47 
155 280 70 
183 281 460 
147 109 17 
369 388 483 
442 3 371 
171 273 302 
414 349 188 
211 46 108 
76 456 91 
409 332 85 
439 37 497 
108 255 131 
235 280 170 
118 405 178 
195 485 397 
393 476 329 
408 301 233 
135 232 474 
374 103 285 
351 139 304 
98 349 126 
331 77 278 
300 348 138 
445 353 117 
464 479 390 
418 107 41 
221 204 290 
279 8 273 
453 53 276 
358 407 142 
457 309 209 
477 279 338 
275 66 187 
320 77 114 
100 472 102 
267 397 175 
121 362 383 
202 260 30 
289 176 102 
214 32 231 
398 23 466 
231 150 109 
415 324 18 
181 250 207 
289 319 378 
352 191 314 
308 139 474 
185 474 318 
106 409 378 
19 291 429 
397 455 409 
181 428 327 
232 149 113 
306 328 253 
399 264 64 
430 35 69 
498 96 475 
423 162 98 
73 239 176 
44 269 163 
193 459 476 
350 425 169 
429 343 435 
104 198 124 
211 304 88 
267 165 97 
92 427 172 
289 306 258 
473 208 108 
122 365 243 
437 487 242 
92 164 456 
159 213 479 
410 39 46 
37 66 51 
465 488 337 
340 493 201 
30 429 454 
365 365 23 
472 448 456 
122 222 453 
467 168 268 
102 17 228 
350 328 497 
373 109 67 
291 166 343 
490 433 106 
381 377 74 
349 285 416 
474 5 398 
441 99 399 
478 239 204 
114 62 142 
197 343 373 
286 210 128 
247 27 489 
239 241 168 
363 314 386 
273 415 283 
408 179 184 
250 57 414 
320 232 330 
94 337 73 
75 62 443 
170 153 223 
57 200 356 
254 238 277 
4 185 240 
32 76 348 
9 149 122 
326 164 43 
122 124 487 
29 370 165 
83 76 103 
417 473 246 
206 74 453 
210 250 168 
108 41 181 
129 4 25 
2 82 127 
17 63 246 
296 42 321 
422 332 57 
414 494 81 
307 473 325 
217 447 96 
406 42 377 
74 148 309 
10 129 167 
209 339 77 
109 207 311 
95 433 252 
385 305 57 
499 273 118 
252 235 30 
74 378 485 
329 487 209 
361 485 3 
346 234 66 
7 385 70 
200 69 10 
211 157 227 
264 131 116 
291 396 71 
329 210 299 
310 86 81 
313 175 236 
276 286 21 
258 271 203 
292 243 266 
218 108 192 
453 212 240 
145 369 191 
65 53 315 
304 238 273 
310 195 258 
498 287 198 
80 183 166 
229 386 417 
23 195 197 
370 49 478 
329 5 146 
13 430 497 
139 170 43 
50 316 160 
434 40 331 
212 413 242 
184 404 73 
343 288 329 
101 293 359 
489 434 131 
69 89 185 
149 368 381 
377 286 188 
402 440 70 
467 497 125 
28 224 414 
17 351 331 
284 80 84 
156 292 425 
34 446 165 
43 342 395 
447 166 179 
498 189 389 
215 408 469 
476 177 403 
482 357 47 
289 497 66 
8 242 369 
97 329 213 
421 387 164 
373 68 19 
414 180 196 
199 376 325 
444 298 111 
55 237 48 
420 386 168 
456 290 90 
473 263 277 
250 51 398 
32 164 404 
166 380 176 
54 192 145 
390 388 97 
239 412 431 
232 249 469 
476 148 346 
214 179 192 
156 43 78 
28 286 146 
364 70 335 
307 185 499 
257 402 426 
265 169 71 
187 182 56 
325 86 167 
226 103 439 
178 359 479 
422 298 331 
333 172 142 
340 44 385 
493 275 448 
228 277 140 
148 85 21 
94 418 125 
458 311 82 
280 198 90 
496 123 472 
244 462 333 
142 353 222 
419 240 226 
409 345 166 
80 105 313 
260 235 389 
174 422 174 
291 254 147 
164 487 397 
411 469 3 
142 386 47 
179 201 264 
11 252 495 
374 64 228 
289 455 413 
264 484 133 
208 470 74 
486 75 375 
182 96 160 
265 78 240 
478 382 118 
391 226 350 
374 315 432 
494 336 33 
202 38 472 
350 312 52 
269 375 70 
351 393 90 
454 384 173 
170 414 68 
215 491 106 
125 185 451 
93 94 435 
249 462 84 
470 357 281 
47 136 484 
63 70 52 
274 254 104 
281 30 183 
220 76 383 
383 88 415 
106 229 186 
37 63 374 
84 25 337 
179 442 370 
404 420 254 
17 126 482 
316 385 311 
355 132 69 
406 118 313 
405 71 54 
224 291 390 
215 394 349 
206 395 71 
127 270 444 
416 54 9 
20 320 268 
366 79 79 
80 70 57 
120 251 238 
227 329 369 
232 367 25 
362 279 104 
322 160 313 
495 428 1 
482 437 79 
159 49 71 
245 72 441 
373 148 93 
42 356 259 
171 326 461 
151 345 229 
374 294 248 
209 115 245 
108 407 275 
267 473 323 
446 73 406 
442 343 480 
390 207 195 
390 413 439 
189 318 42 
66 489 224 
87 487 311 
284 71 240 
49 234 220 
260 98 311 
84 150 314 
44 85 367 
315 150 98 
115 90 433 
402 453 394 
25 300 490 
299 234 248 
32 355 187 
488 184 458 
59 340 405 
492 350 37 
7 362 299 
245 97 212 
279 51 91 
214 325 429 
137 142 404 
80 373 202 
95 389 60 
365 155 98 
228 5 32 
79 181 477 
345 250 234 
318 442 339 
323 208 198 
102 218 18 
54 190 415 
186 258 342 
125 136 469 
272 74 90 
303 467 306 
248 275 251 
29 437 131 
227 359 238 
318 269 178 
89 372 38 
347 83 29 
2 270 276 
479 431 220 
247 302 123 
294 264 320 
231 32 65 
366 11 168 
13 54 361 
322 442 13 
73 13 303 
309 11 316 
346 232 419 
362 79 41 
395 87 116 
373 164 69 
433 481 275 
20 401 207 
207 430 296 
299 463 39 
249 305 217 
112 388 184 
150 23 212 
433 251 283 
67 106 221 
483 186 282 
65 38 496 
235 26 372 
156 188 327 
164 83 477 
126 129 380 
440 499 460 
66 406 327 
85 484 215 
100 482 185 
347 298 202 
183 350 220 
25 34 398 
189 53 90 
292 39 253 
301 429 218 
450 27 456 
465 312 196 
74 421 331 
457 378 471 
67 435 7 
381 417 497 
423 91 423 
470 157 424 
68 230 123 
499 450 122 
315 410 84 
182 164 269 
157 47 254 
317 35 274 
86 181 389 
440 135 83 
12 449 143 
116 100 196 
393 334 403 
33 422 47 
342 66 134 
210 197 376 
45 270 70 
45 379 450 
242 76 404 
236 268 21 
7 239 358 
131 37 205 
114 444 454 
347 246 363 
287 115 1 
325 59 271 
83 438 49 
491 183 264 
184 309 380 
283 430 138 
273 300 218 
426 1 419 
164 133 179 
323 100 497 
135 260 360 
227 288 284 
454 477 379 
160 161 442 
85 464 495 
266 108 138 
102 330 455 
132 469 4 
260 364 467 
127 263 284 
458 497 429 
27 187 63 
298 278 222 
455 45 74 
370 342 275 
255 461 396 
56 427 167 
183 142 441 
424 475 466 
199 103 457 
65 71 332 
173 404 425 
366 411 280 
420 328 130 
77 252 191 
158 74 327 
354 427 195 
300 121 171 
279 399 354 
470 453 92 
237 202 433 
304 340 385 
227 162 368 
127 417 328 
328 493 255 
249 216 200 
213 491 241 
48 12 446 
448 385 321 
315 396 479 
171 347 222 
142 228 116 
396 356 312 
398 178 3 
46 132 221 
417 119 38 
193 311 345 
180 479 358 
9 440 248 
40 145 348 
277 126 177 
300 77 161 
437 54 456 
339 141 13 
78 32 458 
356 224 129 
37 27 298 
291 472 340 
295 110 192 
108 58 458 
250 139 175 
288 340 86 
313 26 225 
223 2 49 
363 310 102 
260 45 150 
453 46 240 
456 88 48 
265 57 230 
332 10 64 
0 214 309 
374 448 149 
410 178 57 
243 471 41 
288 123 434 
394 108 120 
404 452 195 
43 10 252 
326 290 381 
71 408 35 
263 157 188 
396 252 363 
468 108 228 
200 358 371 
75 242 454 
196 155 205 
138 292 294 
17 111 365 
325 209 215 
41 218 336 
389 272 323 
55 9 123 
166 341 309 
218 270 272 
273 454 182 
281 457 61 
164 95 415 
77 339 69 
152 247 259 
97 137 345 
448 282 480 
198 370 230 
311 341 328 
341 76 174 
403 169 355 
252 499 7 
189 2 385 
324 287 117 
64 141 3 
326 298 181 
251 258 102 
140 37 265 
324 217 454 
465 325 442 
132 392 321 
476 422 301 
39 258 350 
334 320 59 
191 374 76 
488 276 190 
151 408 254 
8 100 382 
282 107 333 
293 335 99 
486 84 319 
234 87 33 
456 129 417 
152 431 441 
192 277 345 
150 144 310 
395 434 482 
92 92 55 
343 345 397 
341 64 390 
220 219 273 
411 98 309 
304 452 156 
468 461 389 
305 72 241 
278 419 371 
47 28 123 
326 183 83 
391 23 226 
196 443 190 
279 36 299 
369 209 232 
489 144 106 
57 474 307 
324 39 204 
315 426 249 
240 263 158 
176 337 123 
170 270 37 
420 481 479 
51 303 92 
19 299 157 
479 158 415 
473 315 151 
74 492 217 
212 263 93 
221 392 456 
440 108 192 
440 197 123 
89 424 490 
441 467 490 
495 225 222 
356 395 170 
249 361 228 
264 63 97 
324 153 343 
127 378 460 
201 355 420 
57 40 174 
351 101 187 
203 93 366 
346 308 240 
52 406 326 
223 327 61 
166 478 157 
257 166 199 
435 329 375 
203 396 405 
77 185 50 
58 8 469 
234 13 490 
478 362 494 
344 486 270 
255 86 469 
409 123 63 
346 418 481 
404 149 175 
60 345 164 
197 300 190 
445 62 156 
401 389 117 
407 438 431 
56 343 379 
126 475 385 
310 13 392 
130 312 185 
51 482 269 
471 118 118 
234 168 443 
461 67 446 
138 389 75 
248 449 413 
69 157 345 
147 389 123 
207 471 356 
460 389 274 
265 283 224 
1 168 99 
355 219 441 
492 442 394 
103 39 125 
458 403 236 
107 447 1 
53 435 424 
141 10 410 
210 287 444 
259 68 157 
415 161 34 
490 390 483 
353 252 339 
226 441 498 
343 443 462 
224 237 451 
184 57 297 
229 397 104 
187 96 174 
371 82 391 
431 124 341 
482 393 305 
241 149 2 
100 374 403 
63 196 424 
249 369 23 
299 494 102 
305 142 52 
79 434 293 
185 111 280 
146 416 255 
24 442 274 
498 390 442 
57 129 120 
240 469 3 
105 49 298 
39 432 428 
434 291 433 
369 51 341 
442 125 197 
492 186 253 
94 324 399 
298 467 96 
330 47 348 
46 142 238 
419 231 293 
430 483 256 
35 323 296 
427 417 400 
407 27 329 
234 415 395 
281 461 98 
139 458 464 
303 160 324 
430 230 322 
311 136 191 
65 21 471 
123 429 111 
34 115 404 
102 365 223 
57 395 312 
312 294 102 
295 147 279 
364 80 247 
302 340 381 
113 92 414 
8 143 282 
44 424 302 
37 236 493 
193 336 238 
278 299 72 
423 465 185 
378 128 212 
454 356 18 
232 47 422 
6 54 227 
84 65 29 
444 314 289 
236 237 45 
100 497 9 
308 87 377 
12 66 398 
318 456 479 
447 6 370 
287 356 397 
432 24 107 
159 324 139 
301 413 407 
200 270 309 
187 284 341 
193 422 364 
420 312 165 
70 279 413 
138 372 471 
319 27 483 
101 138 464 
263 373 154 
103 124 361 
408 74 10 
70 202 13 
318 368 66 
262 272 493 
349 343 309 
316 338 15 
106 88 149 
258 420 314 
184 476 460 
122 421 196 
331 86 387 
206 158 458 
139 478 355 
212 388 195 
443 162 275 
341 13 83 
141 279 381 
310 454 486 
274 467 62 
307 307 276 
202 368 284 
380 274 331 
233 128 372 
178 83 142 
314 266 71 
79 221 211 
221 428 488 
390 365 450 
288 252 230 
443 262 439 
427 461 19 
458 344 286 
244 60 331 
370 138 126 
443 110 449 
292 178 421 
385 258 413 
368 346 92 
118 403 329 
375 263 31 
96 319 226 
17 243 63 
185 261 2 
459 247 415 
175 477 490 
435 440 363 
332 103 62 
457 446 183 
65 41 487 
348 199 471 
393 135 309 
230 106 470 
310 493 242 
41 419 63 
422 63 136 
432 29 254 
359 100 107 
473 287 405 
414 353 177 
312 373 319 
416 481 61 
422 216 154 
276 361 335 
475 296 277 
104 191 388 
30 57 2 
298 35 468 
123 237 251 
238 245 384 
361 159 95 
20 480 195 
253 174 305 
198 333 52 
95 16 139 
133 178 204 
117 137 180 
70 303 431 
209 332 419 
252 389 234 
346 113 228 
302 224 8 
273 23 413 
428 244 275 
132 321 459 
432 273 488 
472 416 43 
85 129 235 
288 204 225 
170 82 445 
271 263 474 
375 57 95 
164 384 79 
302 467 299 
142 238 375 
305 80 247 
297 201 318 
375 14 491 
86 297 485 
407 214 223 
87 495 93 
441 336 325 
221 62 312 
202 351 135 
179 456 308 
51 347 306 
328 349 492 
229 453 274 
43 32 210 
170 212 278 
490 198 497 
213 232 456 
381 331 412 
222 94 172 
292 210 328 
46 266 179 
182 485 203 
238 26 447 
465 396 388 
404 244 59 
491 80 487 
121 158 270 
199 96 335 
341 218 252 
119 359 426 
459 346 109 
223 218 48 
397 395 58 
161 75 117 
434 314 95 
394 489 58 
209 57 220 
160 291 66 
205 366 188 
326 467 191 
62 153 325 
30 197 448 
195 219 428 
470 285 212 
337 398 167 
129 393 268 
278 52 194 
189 400 152 
300 293 483 
449 431 197 
452 134 295 
305 146 447 
139 96 363 
6 80 358 
243 260 334 
116 276 404 
285 44 231 
53 66 39 
432 218 332 
264 102 232 
11 214 362 
95 60 431 
397 345 250 
153 357 273 
50 237 72 
335 21 274 
221 405 280 
175 453 218 
185 447 81 
7 17 248 
74 0 454 
418 337 380 
114 21 314 
165 395 60 
38 291 326 
310 8 57 
178 441 49 
11 210 14 
302 298 120 
392 371 21 
353 339 435 
432 322 141 
219 448 232 
433 249 71 
288 432 233 
9 307 289 
427 176 154 
396 124 201 
214 120 164 
298 53 47 
5 104 277 
183 477 260 
94 242 334 
14 312 102 
234 361 207 
243 107 200 
363 262 17 
