1000
3
481 192 491 
55 246 286 
394 346 449 
472 116 430 
460 198 438 
263 116 113 
133 138 204 
112 486 195 
385 1 178 
320 237 376 
250 265 458 
381 344 40 
480 167 261 
371 255 18 
312 284 426 
330 261 465 
276 454 143 
327 129 432 
137 1 75 
209 143 194 
368 477 453 
211 191 121 
416 134 126 
487 409 236 
314 205 436 
194 74 4 
237 81 67 
231 175 63 
245 75 377 
458 380 71 
83 224 198 
383 271 381 
152 65 488 
301 408 96 
116 74 497 
152 408 470 
407 378 434 
357 119 482 
112 59 347 
391 368 293 
375 356 81 
263 495 66 
295 69 465 
425 391 167 
347 467 6 
327 98 239 
133 245 482 
479 307 459 
430 279 382 
259 296 379 
280 467 382 
255 113 63 
332 49 298 
41 258 463 
198 406 83 
240 249 445 
392 478 249 
499 495 47 
373 34 7 
201 354 486 
248 310 250 
290 136 320 
67 375 61 
370 272 44 
487 173 239 
466 195 251 
67 115 59 
406 455 271 
453 301 388 
346 177 68 
215 221 442 
333 54 96 
281 52 412 
480 357 151 
445 23 353 
455 84 349 
324 196 462 
125 131 259 
248 286 84 
458 8 424 
162 425 257 
108 94 181 
439 439 377 
166 183 410 
81 270 449 
444 370 312 
121 213 305 
14 351 472 
403 148 286 
259 33 471 
48 214 157 
375 256 294 
305 120 111 
409 451 107 
248 100 224 
133 35 213 
387 332 244 
138 403 227 
169 330 473 
41 400 471 
292 274 394 
18 90 114 
145 4 35 
343 72 433 
437 218 60 
91 471 493 
408 48 16 
256 175 325 
297 82 227 
481 400 279 
390 374 308 
296 484 223 
332 447 243 
237 59 6 
343 171 206 
143 366 155 
438 170 160 
415 306 291 
153 38 336 
450 88 4 
460 449 76 
75 53 493 
119 317 29 
161 22 443 
418 21 167 
464 66 163 
226 63 431 
32 211 397 
215 165 22 
193 172 92 
161 167 341 
355 215 172 
44 181 286 
204 344 149 
227 244 307 
424 18 122 
225 257 80 
488 189 15 
409 30 92 
223 159 189 
327 373 90 
438 387 86 
434 346 489 
44 287 444 
65 258 432 
268 166 402 
166 371 383 
273 417 301 
482 399 225 
343 362 368 
415 275 152 
379 126 245 
30 321 90 
4 423 494 
272 353 128 
53 223 32 
305 13 384 
222 180 156 
196 248 54 
87 484 34 
303 181 462 
379 385 255 
451 100 342 
205 177 352 
31 114 246 
324 53 177 
380 480 69 
443 8 315 
236 242 485 
311 374 477 
314 69 433 
253 413 100 
370 345 415 
232 275 197 
313 299 360 
438 185 244 
96 34 201 
488 261 22 
93 342 344 
94 481 66 
362 200 222 
223 142 141 
78 431 440 
29 439 228 
302 490 437 
132 55 64 
192 361 165 
349 400 355 
182 216 289 
267 286 76 
147 266 101 
139 438 468 
440 424 267 
339 183 334 
127 75 145 
51 178 456 
355 78 292 
79 192 357 
108 22 195 
230 334 95 
183 373 55 
279 155 415 
184 480 429 
346 348 413 
86 186 90 
384 249 492 
123 79 389 
230 129 198 
85 322 270 
236 498 352 
221 192 91 
260 121 333 
278 125 277 
279 467 64 
423 241 270 
484 494 32 
282 362 328 
44 401 293 
7 494 284 
445 333 258 
415 379 169 
496 498 105 
450 79 331 
7 381 141 
185 157 370 
443 482 263 
453 116 300 
148 417 468 
270 363 354 
132 377 426 
401 148 115 
104 168 270 
465 269 37 
278 236 94 
451 347 358 
418 372 326 
295 97 451 
417 340 318 
67 19 152 
240 269 434 
396 383 258 
498 237 450 
404 210 46 
7 266 317 
389 82 213 
236 180 50 
486 215 360 
108 262 453 
184 481 249 
52 376 316 
126 174 210 
139 465 355 
438 372 466 
252 86 56 
210 226 121 
275 265 380 
226 181 183 
437 14 341 
49 122 25 
209 283 244 
254 167 491 
219 389 271 
288 132 250 
38 154 409 
442 459 148 
370 245 68 
316 79 143 
252 295 41 
144 244 103 
179 448 297 
373 323 57 
489 476 105 
342 229 226 
240 320 31 
248 363 440 
204 168 392 
268 135 157 
85 313 454 
474 467 259 
245 25 136 
7 337 432 
444 389 49 
355 61 253 
289 192 100 
5 357 367 
468 110 88 
282 322 343 
167 210 226 
43 364 53 
2 2 408 
295 153 172 
465 259 280 
391 5 78 
65 435 413 
284 100 136 
490 232 275 
290 422 51 
49 422 411 
365 311 181 
105 474 491 
38 365 8 
123 229 90 
490 343 487 
139 142 195 
414 284 153 
407 49 471 
331 264 178 
359 442 356 
404 65 287 
415 467 317 
220 214 30 
292 193 468 
388 332 106 
168 352 189 
151 317 304 
259 27 346 
198 397 228 
479 496 78 
219 308 233 
307 12 41 
245 157 320 
150 379 105 
363 286 195 
89 114 440 
39 425 409 
221 163 216 
123 365 56 
42 426 100 
378 276 307 
117 210 306 
227 371 119 
284 236 341 
221 347 255 
480 320 84 
294 270 23 
248 471 278 
52 467 255 
327 413 407 
487 108 74 
424 476 298 
415 346 482 
121 377 367 
343 276 311 
60 412 14 
165 170 62 
328 37 298 
79 117 376 
311 106 137 
121 224 141 
161 378 386 
384 16 127 
183 163 285 
339 293 189 
354 489 318 
49 308 36 
277 135 416 
344 279 251 
252 209 356 
365 151 320 
181 196 257 
224 343 299 
215 450 137 
335 72 233 
46 138 97 
28 422 261 
215 208 61 
388 494 5 
43 448 396 
421 378 298 
252 420 37 
314 283 210 
274 103 179 
117 484 325 
347 163 15 
7 109 4 
256 105 81 
160 89 497 
207 211 90 
61 226 331 
63 184 477 
212 474 105 
39 475 363 
178 491 128 
160 319 205 
473 407 123 
76 200 36 
45 396 218 
97 479 463 
75 32 359 
305 458 204 
379 118 482 
498 219 174 
371 443 464 
219 86 356 
219 434 371 
171 175 136 
93 82 52 
463 145 309 
417 150 489 
120 411 193 
164 463 387 
482 410 347 
282 342 181 
174 491 57 
336 262 294 
198 5 6 
93 349 14 
330 428 418 
1 406 127 
367 140 332 
127 302 468 
79 181 470 
369 311 330 
101 479 114 
157 367 313 
28 408 141 
131 177 79 
292 248 128 
235 425 10 
72 121 443 
136 182 471 
472 373 433 
12 306 159 
44 469 445 
292 162 109 
245 10 104 
329 31 198 
134 345 149 
102 104 178 
452 19 118 
248 169 194 
79 233 20 
21 216 65 
361 131 120 
289 252 148 
247 431 213 
378 52 364 
473 112 428 
405 12 209 
374 132 192 
142 76 447 
154 342 20 
183 393 83 
300 286 100 
417 376 375 
457 283 51 
36 377 198 
89 446 306 
334 160 205 
304 264 229 
487 355 190 
163 218 62 
427 115 282 
38 191 70 
57 171 398 
172 383 340 
373 13 443 
157 273 51 
171 313 300 
329 268 358 
88 314 397 
299 215 230 
298 173 233 
465 122 49 
368 42 282 
209 142 316 
297 254 338 
322 400 75 
0 338 343 
288 355 60 
442 134 68 
318 315 303 
365 457 325 
310 126 474 
471 109 292 
114 147 235 
420 359 0 
137 318 89 
55 244 150 
382 493 439 
293 491 320 
479 481 467 
5 455 48 
461 386 53 
131 378 112 
15 238 240 
310 76 345 
167 434 147 
461 171 25 
495 48 387 
71 412 192 
433 9 238 
251 190 203 
395 300 381 
374 320 54 
52 118 405 
322 336 154 
274 392 3 
325 459 143 
155 293 374 
350 205 475 
256 198 143 
265 194 473 
319 208 276 
109 182 107 
317 231 422 
177 365 40 
17 103 215 
346 130 189 
445 240 49 
431 206 215 
335 318 496 
73 8 181 
13 435 70 
473 412 259 
135 219 221 
73 331 409 
325 376 151 
198 47 498 
102 464 469 
204 158 40 
463 231 283 
215 51 283 
5 139 124 
106 159 214 
173 110 17 
217 395 89 
34 477 359 
118 15 34 
379 121 389 
460 295 319 
265 435 444 
83 223 268 
217 146 129 
125 354 414 
342 427 390 
215 191 494 
348 395 396 
99 458 2 
60 43 255 
418 112 286 
340 57 195 
204 478 231 
269 199 194 
168 372 447 
193 234 499 
223 63 164 
497 476 12 
221 22 233 
203 100 359 
469 363 118 
463 314 218 
395 327 287 
372 370 263 
465 62 51 
139 311 406 
43 345 72 
200 366 28 
114 350 434 
106 284 176 
0 439 445 
222 212 318 
352 435 95 
154 389 184 
257 122 150 
418 389 409 
319 396 256 
374 468 134 
165 319 408 
271 172 5 
335 454 322 
0 22 253 
133 213 399 
478 270 478 
229 51 219 
74 237 216 
368 194 214 
349 141 476 
436 415 278 
114 87 499 
131 79 284 
362 211 187 
469 175 337 
80 481 147 
56 102 199 
240 477 91 
376 498 267 
19 33 74 
328 352 183 
117 479 158 
10 137 84 
8 301 243 
497 315 468 
289 155 219 
152 494 66 
275 324 189 
354 297 497 
191 217 268 
87 302 66 
103 179 246 
313 355 233 
378 331 332 
327 185 173 
269 101 291 
407 382 121 
144 454 367 
270 31 39 
140 61 499 
256 204 232 
151 2 399 
326 196 89 
252 37 14 
391 295 58 
224 311 276 
283 152 154 
16 323 75 
154 334 76 
321 199 207 
79 498 383 
395 100 106 
194 285 321 
439 301 153 
76 408 480 
4 369 352 
388 352 303 
261 40 403 
480 437 148 
307 455 33 
91 252 25 
41 270 161 
416 434 498 
169 256 197 
255 90 444 
49 467 305 
110 358 422 
406 239 402 
368 337 422 
321 189 286 
385 92 58 
449 369 142 
181 391 30 
140 499 331 
290 347 145 
184 93 413 
484 112 399 
4 22 377 
353 15 439 
447 14 215 
58 96 29 
317 305 92 
248 459 372 
121 9 476 
56 86 241 
462 45 419 
241 75 442 
370 465 44 
321 298 301 
331 60 78 
63 123 225 
204 7 18 
244 31 74 
319 314 334 
282 77 182 
116 475 433 
109 489 370 
24 22 304 
79 145 477 
204 113 346 
468 136 51 
417 360 286 
51 4 298 
483 250 454 
365 266 207 
308 405 371 
465 276 223 
69 11 459 
267 308 475 
427 60 335 
303 78 70 
270 236 190 
122 231 166 
422 451 176 
210 288 124 
98 395 137 
16 485 130 
479 365 12 
181 166 338 
27 231 62 
268 320 398 
77 155 8 
343 300 262 
367 195 477 
364 394 440 
73 315 445 
222 71 379 
144 300 66 
141 168 442 
407 222 273 
476 299 295 
478 83 363 
14 317 68 
277 18 480 
395 45 9 
145 369 194 
450 219 392 
459 143 450 
129 465 194 
221 372 42 
124 74 150 
288 27 110 
472 450 144 
391 311 96 
193 84 40 
69 373 37 
372 37 161 
13 362 221 
160 369 342 
297 211 302 
63 280 347 
326 157 191 
334 219 15 
428 248 293 
379 333 90 
191 376 246 
112 114 267 
316 169 498 
171 332 309 
98 431 0 
354 27 61 
389 40 16 
412 231 154 
441 43 113 
171 330 381 
289 343 0 
114 100 288 
379 424 46 
212 331 192 
389 123 337 
211 144 474 
356 204 193 
419 406 484 
288 153 189 
229 87 96 
348 273 314 
87 99 351 
86 418 374 
132 215 379 
239 319 388 
369 118 452 
72 167 175 
347 139 423 
74 221 126 
142 146 80 
252 396 481 
299 302 478 
373 218 89 
68 69 171 
223 286 466 
194 212 196 
289 208 176 
40 193 118 
244 168 130 
287 9 268 
497 376 144 
287 390 403 
243 55 421 
247 57 194 
482 41 399 
413 85 421 
62 159 401 
472 213 3 
336 238 51 
71 432 333 
30 309 45 
129 389 0 
12 48 7 
4 188 194 
417 336 475 
293 305 181 
128 350 366 
91 72 139 
241 339 427 
302 285 324 
33 208 487 
132 251 56 
329 467 469 
347 1 112 
101 351 134 
292 77 424 
255 348 177 
163 207 127 
280 475 314 
452 27 282 
202 394 225 
377 2 489 
102 368 140 
190 470 280 
181 163 476 
375 156 185 
432 74 316 
339 190 383 
70 188 383 
358 175 178 
367 195 190 
413 249 465 
326 32 366 
61 175 150 
11 407 468 
345 470 362 
390 217 320 
379 340 242 
15 170 339 
469 195 29 
320 429 27 
224 180 463 
182 415 479 
344 364 188 
490 121 63 
7 188 274 
258 178 221 
232 109 482 
319 142 399 
105 449 331 
157 4 365 
73 324 181 
437 221 71 
125 105 347 
83 291 493 
459 404 137 
135 202 413 
193 17 327 
183 349 77 
69 438 211 
165 346 478 
247 422 406 
326 458 64 
333 343 481 
21 140 55 
272 331 491 
205 317 112 
285 394 222 
269 401 282 
346 271 197 
273 192 210 
93 24 365 
339 284 283 
260 354 471 
462 393 113 
91 485 415 
13 454 449 
135 75 219 
405 353 466 
379 245 314 
335 480 19 
133 397 284 
28 451 429 
367 453 254 
187 426 23 
313 267 364 
81 158 302 
167 262 391 
320 160 199 
455 115 293 
410 256 151 
360 188 204 
34 300 334 
57 395 115 
72 76 30 
107 288 359 
286 283 341 
255 440 443 
410 248 171 
345 207 466 
94 258 35 
38 190 263 
13 135 181 
481 477 407 
172 101 163 
50 436 430 
451 69 306 
284 199 189 
8 309 426 
279 13 252 
270 245 124 
203 258 126 
436 203 350 
334 317 70 
439 301 118 
423 114 153 
137 301 297 
464 95 463 
207 333 73 
94 254 368 
264 322 227 
377 272 43 
185 397 234 
82 78 475 
115 119 43 
458 17 330 
438 96 100 
39 111 292 
102 452 300 
254 441 438 
346 303 110 
251 126 180 
488 54 237 
303 166 302 
397 452 346 
102 232 479 
491 350 130 
268 314 114 
95 73 425 
300 182 168 
273 312 214 
135 466 156 
36 257 173 
454 94 339 
310 314 451 
172 99 200 
215 284 34 
36 439 311 
291 446 110 
38 298 325 
102 99 56 
264 410 413 
292 203 212 
428 347 4 
444 266 72 
233 313 332 
166 499 265 
240 324 254 
7 395 58 
120 28 108 
340 368 43 
312 224 375 
166 201 368 
169 299 125 
93 207 227 
93 294 201 
443 131 499 
239 384 421 
131 353 97 
267 408 256 
440 23 267 
89 310 117 
338 289 110 
303 191 19 
160 177 96 
196 291 365 
139 389 247 
221 77 96 
409 473 2 
114 179 56 
337 397 44 
307 375 289 
230 13 165 
49 457 147 
387 387 335 
375 59 78 
431 209 63 
73 84 430 
105 308 348 
285 221 183 
385 117 444 
443 23 332 
180 74 435 
21 439 363 
205 148 366 
314 113 60 
71 282 105 
280 351 92 
447 35 470 
426 393 341 
132 190 463 
402 414 323 
460 473 482 
477 338 423 
481 284 112 
87 259 121 
58 134 240 
435 319 373 
41 172 402 
10 421 80 
228 164 4 
301 474 247 
475 449 197 
423 86 491 
218 98 474 
352 447 244 
322 214 280 
415 293 467 
347 489 19 
92 257 462 
210 342 249 
288 19 498 
30 420 326 
300 176 314 
499 14 248 
198 51 210 
391 359 483 
