1000
3
424 211 321 
260 285 463 
238 128 202 
354 366 333 
24 185 229 
483 60 386 
78 381 55 
447 85 221 
325 214 69 
469 304 440 
13 133 308 
41 442 156 
133 409 395 
266 257 401 
230 63 65 
250 403 40 
450 295 63 
327 13 166 
239 21 233 
124 7 409 
409 250 446 
285 290 257 
96 445 10 
358 220 460 
443 55 23 
85 91 94 
397 215 489 
359 87 362 
46 206 131 
170 482 411 
277 144 162 
214 78 103 
231 259 323 
356 468 330 
463 494 392 
81 206 384 
251 30 311 
171 161 80 
310 291 274 
423 219 242 
161 220 114 
12 370 340 
376 357 26 
136 390 35 
379 429 30 
208 317 38 
479 120 174 
294 142 79 
273 154 231 
213 153 453 
157 412 321 
194 447 336 
335 375 332 
98 456 247 
494 122 471 
434 163 306 
18 474 97 
236 306 122 
201 281 361 
123 419 257 
271 43 8 
207 366 241 
0 222 52 
76 102 274 
91 84 203 
496 240 463 
296 240 209 
253 193 185 
392 426 15 
212 158 293 
429 291 339 
498 208 297 
473 310 164 
70 204 319 
111 264 162 
359 484 118 
77 314 288 
26 36 200 
35 498 336 
93 178 132 
411 151 391 
438 223 146 
125 216 285 
392 20 373 
456 64 497 
70 383 221 
14 415 444 
352 32 264 
271 10 178 
180 145 184 
450 212 340 
130 166 498 
253 215 79 
138 143 207 
308 487 145 
70 306 443 
394 49 33 
360 403 460 
242 427 457 
163 411 130 
245 307 33 
334 242 152 
185 192 287 
456 391 114 
142 243 271 
331 397 115 
221 171 255 
324 36 316 
183 236 80 
273 2 252 
294 445 147 
242 144 241 
156 427 254 
160 195 343 
239 344 207 
329 82 337 
321 401 6 
490 159 388 
292 316 324 
14 28 443 
139 307 490 
360 174 448 
308 201 459 
175 98 265 
246 326 33 
231 68 376 
396 290 361 
233 177 224 
294 63 9 
291 386 115 
328 29 75 
250 344 348 
48 395 184 
82 74 302 
8 27 124 
337 348 429 
148 396 251 
358 129 122 
491 421 330 
24 86 50 
153 386 223 
212 362 245 
43 24 223 
13 440 320 
165 18 329 
395 245 482 
228 393 489 
133 13 460 
145 214 402 
145 306 216 
388 468 489 
465 481 246 
293 358 289 
117 36 46 
192 119 393 
278 169 145 
193 411 57 
479 39 172 
250 441 108 
439 492 208 
475 233 435 
350 190 130 
251 201 455 
279 492 23 
419 120 248 
431 2 246 
480 436 212 
174 236 91 
6 124 339 
76 340 46 
84 334 471 
113 446 24 
100 26 39 
191 297 468 
424 329 48 
477 217 224 
118 107 13 
125 429 113 
187 313 299 
126 100 126 
323 155 106 
451 230 496 
398 345 462 
385 327 273 
334 323 214 
187 119 219 
157 474 91 
464 496 491 
118 56 60 
17 373 60 
5 370 495 
185 90 487 
310 84 98 
289 390 151 
450 188 235 
402 122 302 
224 116 322 
1 185 389 
447 279 297 
169 370 87 
93 464 285 
5 282 110 
136 54 102 
19 164 9 
362 127 208 
202 11 76 
72 358 391 
72 363 86 
107 299 496 
448 24 106 
373 303 294 
137 149 410 
73 336 256 
488 359 284 
126 217 400 
358 265 253 
346 497 223 
414 260 73 
296 259 157 
32 243 331 
261 264 345 
341 433 436 
44 334 253 
8 331 18 
427 344 420 
348 118 384 
365 148 457 
434 132 39 
498 105 25 
285 244 206 
34 204 13 
127 387 137 
421 236 199 
484 496 493 
36 102 406 
53 323 127 
493 305 320 
66 163 58 
358 76 39 
241 66 428 
279 289 15 
170 260 299 
225 311 82 
21 430 409 
211 29 347 
289 239 301 
323 189 233 
273 447 105 
233 493 218 
185 461 45 
56 389 351 
223 307 109 
414 191 453 
124 241 383 
209 25 217 
458 220 187 
250 276 160 
143 486 479 
457 432 474 
427 372 112 
346 209 177 
398 347 186 
361 30 99 
136 466 62 
189 315 71 
467 220 333 
419 177 156 
424 137 484 
156 220 242 
98 26 373 
168 390 308 
0 43 112 
135 297 134 
429 467 26 
372 130 435 
187 397 111 
391 498 300 
217 264 411 
435 209 279 
84 78 333 
382 158 413 
322 80 123 
437 424 380 
205 134 129 
6 301 11 
416 274 454 
494 418 317 
293 188 488 
318 192 433 
77 134 383 
461 212 309 
398 199 197 
162 186 215 
476 321 125 
300 110 199 
77 351 65 
198 13 71 
128 436 185 
186 407 363 
179 464 165 
67 356 11 
459 356 110 
28 274 202 
137 218 286 
227 217 1 
317 344 233 
384 415 424 
358 384 484 
10 227 306 
304 158 321 
352 32 208 
156 121 14 
406 301 498 
259 320 364 
280 324 476 
193 304 10 
87 418 103 
251 15 440 
236 479 61 
87 420 77 
412 269 232 
123 95 179 
317 488 19 
351 82 452 
159 150 427 
208 59 190 
35 96 238 
476 215 478 
16 443 24 
104 283 109 
380 200 416 
371 478 226 
242 305 205 
39 268 76 
55 234 217 
148 29 52 
198 146 380 
304 459 291 
72 438 270 
320 392 180 
9 484 222 
291 258 48 
435 424 226 
430 288 34 
412 173 138 
169 213 170 
132 210 97 
212 7 37 
367 54 298 
129 381 485 
211 190 475 
122 111 49 
67 175 422 
349 295 445 
74 265 16 
457 279 456 
126 476 335 
156 408 209 
65 72 458 
191 1 237 
82 209 374 
251 165 125 
497 449 259 
336 49 390 
450 211 340 
68 311 372 
33 387 94 
141 415 240 
485 167 98 
176 120 372 
389 40 352 
453 245 474 
371 394 410 
249 332 155 
80 179 72 
256 248 303 
445 499 217 
263 151 478 
190 285 73 
373 50 238 
293 225 451 
216 244 451 
15 372 420 
468 345 456 
305 405 125 
55 104 468 
20 74 71 
237 139 312 
394 423 461 
202 282 379 
220 205 157 
284 410 227 
161 102 461 
416 86 29 
306 225 371 
489 486 50 
321 494 47 
254 40 26 
434 401 43 
180 285 461 
467 294 273 
34 171 87 
77 255 491 
82 419 211 
400 379 133 
78 208 19 
16 294 63 
360 77 357 
217 354 427 
331 458 93 
189 173 481 
112 492 301 
89 63 298 
66 399 335 
492 396 241 
459 443 426 
411 451 90 
100 365 268 
86 428 453 
394 58 9 
375 253 357 
314 67 452 
91 469 318 
176 177 75 
357 34 297 
52 206 228 
390 145 257 
462 141 22 
245 290 106 
367 201 425 
334 188 38 
301 69 287 
357 299 151 
82 165 238 
396 425 95 
14 326 391 
228 116 160 
234 177 495 
497 28 69 
428 57 266 
99 55 36 
159 438 73 
53 214 200 
131 351 1 
435 101 140 
6 411 124 
162 392 29 
469 312 79 
332 50 1 
305 306 108 
184 133 482 
393 260 399 
121 105 334 
450 163 307 
349 414 385 
48 30 245 
257 250 94 
431 242 348 
170 55 397 
180 366 198 
396 320 142 
497 203 201 
9 171 186 
264 307 295 
203 403 142 
448 253 328 
29 50 408 
78 394 1 
451 321 366 
126 376 484 
64 339 444 
366 486 172 
113 285 368 
136 356 92 
459 433 63 
343 125 151 
100 145 313 
344 216 243 
105 70 192 
64 256 48 
146 18 414 
135 200 106 
462 171 273 
357 388 361 
248 135 264 
356 396 320 
283 129 458 
158 202 25 
438 442 312 
441 289 56 
125 301 190 
90 397 66 
200 286 6 
127 473 411 
243 339 499 
182 453 464 
444 253 496 
99 102 429 
108 32 293 
438 103 403 
497 231 332 
185 477 433 
456 1 158 
84 380 2 
24 141 350 
53 259 172 
395 57 322 
187 196 95 
122 52 456 
341 193 243 
253 207 78 
215 157 348 
190 298 289 
395 97 201 
437 322 347 
191 420 16 
125 395 276 
355 31 188 
102 397 217 
184 152 144 
223 441 235 
414 322 288 
51 366 49 
485 325 161 
41 129 362 
73 69 39 
55 336 101 
177 446 2 
494 426 234 
456 54 221 
238 433 267 
405 76 159 
179 472 421 
15 207 203 
147 251 113 
48 130 113 
335 471 480 
420 495 363 
227 6 316 
192 154 301 
191 366 493 
364 295 62 
377 175 459 
381 160 244 
379 247 385 
188 467 205 
213 352 480 
134 499 101 
146 376 465 
404 307 419 
68 428 250 
189 313 5 
418 204 326 
345 347 420 
485 335 426 
365 204 93 
289 477 91 
172 140 72 
439 190 236 
422 415 118 
50 382 169 
283 225 380 
194 440 305 
347 483 162 
67 389 373 
69 147 349 
384 153 140 
468 8 319 
244 406 205 
179 480 327 
345 193 462 
101 40 333 
330 356 244 
89 310 300 
99 366 460 
168 211 74 
26 108 184 
108 144 474 
205 15 67 
39 164 445 
497 264 208 
165 58 316 
498 304 38 
96 44 145 
108 446 23 
484 347 485 
195 139 212 
353 33 460 
493 451 408 
63 449 199 
273 356 421 
317 110 11 
55 476 335 
480 53 86 
88 166 160 
313 26 56 
407 91 325 
194 424 84 
126 206 343 
142 27 406 
483 62 408 
199 490 334 
81 85 292 
152 70 326 
371 492 230 
497 161 266 
217 463 11 
487 385 168 
155 98 92 
200 150 304 
361 138 325 
229 80 383 
461 274 284 
140 469 392 
292 42 136 
391 349 194 
128 348 432 
437 499 53 
487 66 148 
454 251 178 
86 201 30 
414 494 151 
342 383 22 
470 43 129 
171 280 5 
211 227 343 
77 309 396 
123 358 157 
406 356 192 
210 468 304 
219 72 227 
493 294 322 
338 432 150 
408 169 310 
466 378 145 
321 268 141 
238 343 199 
411 457 372 
437 15 30 
446 99 13 
457 68 383 
72 412 395 
201 137 113 
377 304 290 
330 426 249 
372 372 270 
86 17 496 
444 453 234 
176 169 250 
148 333 261 
199 408 418 
211 132 53 
435 120 496 
53 172 57 
439 20 357 
398 60 88 
147 163 14 
23 160 195 
313 35 136 
324 232 468 
361 474 222 
357 488 328 
453 477 306 
164 430 441 
83 128 263 
254 266 73 
68 340 434 
421 386 166 
423 486 273 
427 110 309 
117 94 436 
448 180 34 
158 483 435 
204 354 299 
223 125 449 
18 178 53 
197 236 84 
190 254 259 
364 167 246 
149 155 244 
361 378 213 
415 459 73 
387 17 105 
97 46 363 
28 229 131 
5 14 68 
454 88 9 
263 112 97 
78 177 172 
213 267 330 
178 124 478 
61 366 102 
194 139 172 
216 375 136 
201 206 306 
393 366 133 
115 281 484 
256 416 14 
68 152 263 
255 395 465 
219 67 343 
497 131 165 
434 368 357 
167 128 402 
107 122 373 
160 449 84 
252 233 119 
381 51 89 
340 452 180 
45 136 266 
61 38 478 
417 28 37 
367 302 117 
44 196 425 
310 466 374 
267 78 441 
261 322 273 
45 306 37 
172 274 54 
282 284 303 
437 353 130 
273 448 264 
11 390 19 
9 57 91 
462 265 298 
18 19 185 
107 10 449 
467 22 481 
145 92 87 
32 266 33 
153 233 191 
232 489 445 
84 131 494 
198 369 101 
52 56 489 
338 220 361 
439 98 345 
67 75 74 
2 33 155 
354 395 338 
464 210 290 
385 245 496 
131 263 160 
132 447 456 
461 34 486 
168 43 389 
360 38 121 
45 216 467 
430 264 333 
437 169 39 
345 468 472 
280 130 442 
40 400 448 
435 463 469 
473 271 358 
21 205 83 
346 314 379 
355 257 443 
236 455 281 
37 311 217 
474 236 189 
224 354 77 
63 456 487 
292 467 448 
88 171 80 
41 88 73 
147 96 216 
1 411 255 
4 155 176 
482 346 157 
16 174 410 
24 358 139 
178 418 93 
310 450 284 
133 162 373 
378 21 241 
96 6 288 
199 383 50 
430 494 201 
313 332 345 
347 484 480 
414 146 95 
469 268 56 
91 322 466 
150 473 45 
206 452 25 
194 82 345 
40 434 265 
457 456 39 
448 428 337 
482 479 81 
465 496 54 
405 402 125 
296 356 392 
47 491 150 
178 96 92 
74 157 125 
286 135 44 
423 130 295 
84 122 437 
74 316 11 
465 89 281 
243 54 228 
339 164 498 
301 81 297 
373 215 399 
398 135 335 
450 241 160 
255 77 375 
381 61 46 
39 369 19 
233 242 114 
309 204 149 
167 34 16 
84 144 60 
49 295 64 
172 89 422 
391 75 420 
21 0 12 
375 371 6 
63 482 6 
456 422 296 
201 211 458 
202 422 223 
16 465 237 
474 462 113 
169 8 482 
490 434 250 
234 27 472 
298 47 394 
203 379 72 
339 340 46 
479 485 457 
263 296 259 
370 296 129 
360 352 77 
85 441 231 
309 495 444 
463 93 424 
370 495 381 
115 387 155 
41 398 90 
384 83 190 
385 166 183 
186 50 133 
288 173 115 
441 152 94 
124 409 159 
310 203 304 
10 221 486 
187 287 209 
241 134 314 
236 283 189 
183 316 327 
83 479 182 
316 112 436 
473 478 472 
60 205 184 
435 390 328 
266 79 277 
97 179 257 
231 56 445 
405 74 33 
250 289 430 
181 487 181 
42 83 53 
453 465 328 
315 16 345 
318 419 2 
62 12 136 
333 497 407 
361 340 221 
288 277 227 
349 339 243 
164 492 144 
238 44 336 
168 309 386 
37 382 356 
142 338 157 
230 265 119 
483 340 253 
351 241 56 
443 285 10 
15 358 273 
196 265 116 
161 125 247 
495 126 463 
19 202 274 
116 240 61 
499 370 453 
464 157 119 
391 356 259 
285 487 400 
83 365 214 
140 217 285 
257 122 65 
56 242 471 
68 466 80 
309 394 438 
415 263 78 
25 255 3 
149 163 367 
362 355 204 
331 447 59 
117 63 329 
43 462 307 
311 340 310 
207 179 433 
122 496 119 
187 10 422 
25 300 473 
233 478 461 
304 147 122 
70 126 476 
494 218 27 
109 342 447 
227 255 394 
235 483 411 
40 346 403 
207 393 68 
479 352 258 
111 20 51 
129 410 129 
15 1 326 
456 262 495 
70 443 408 
235 10 464 
100 287 228 
190 161 414 
354 333 252 
437 296 334 
105 140 67 
400 409 93 
144 415 288 
103 347 332 
340 144 336 
428 84 219 
135 497 303 
54 324 423 
429 277 70 
312 321 413 
341 217 117 
348 15 306 
499 204 4 
309 37 395 
422 174 495 
271 464 458 
442 300 463 
418 296 295 
156 67 224 
16 33 400 
168 232 194 
120 477 233 
272 279 252 
384 380 127 
418 34 287 
60 139 323 
310 173 152 
55 6 27 
479 342 222 
121 216 28 
144 49 422 
266 335 113 
236 436 209 
309 226 404 
386 230 203 
196 61 405 
28 244 47 
122 165 435 
199 155 244 
48 239 345 
120 192 134 
331 130 355 
315 447 442 
101 79 33 
275 384 40 
157 253 144 
304 461 190 
78 413 265 
446 250 362 
400 202 64 
68 444 21 
389 88 113 
174 272 268 
51 108 116 
65 451 255 
81 191 13 
487 159 421 
175 72 482 
345 285 77 
33 393 124 
278 325 339 
337 469 303 
465 161 364 
131 89 67 
325 180 276 
143 128 457 
328 33 370 
461 92 421 
423 110 24 
