1000
3
300 318 454 
148 43 106 
299 14 44 
88 105 277 
78 110 439 
452 89 278 
8 238 472 
319 395 146 
110 78 168 
96 357 116 
308 11 369 
349 419 163 
73 457 381 
456 325 77 
238 49 292 
214 231 80 
348 169 11 
55 448 154 
66 20 362 
255 290 150 
136 93 479 
311 182 222 
433 426 165 
150 134 434 
66 471 165 
6 173 109 
151 253 352 
108 248 110 
377 113 26 
280 86 112 
459 275 236 
215 101 218 
235 188 55 
134 320 332 
318 313 156 
320 109 445 
477 262 399 
40 115 402 
96 399 51 
168 259 35 
268 261 471 
220 254 289 
164 466 96 
174 105 230 
249 40 137 
473 220 494 
371 441 326 
158 151 84 
424 174 70 
159 253 18 
125 176 486 
378 411 280 
278 31 237 
5 422 274 
224 118 394 
401 190 374 
280 459 54 
309 350 29 
62 223 259 
322 479 113 
4 247 52 
81 394 231 
498 467 43 
98 384 267 
383 307 283 
219 432 348 
19 15 230 
442 74 36 
193 381 258 
379 385 289 
261 53 492 
289 231 44 
102 24 17 
133 354 270 
445 338 297 
137 399 212 
418 437 231 
341 277 90 
456 119 225 
77 329 193 
88 267 363 
0 405 73 
256 202 473 
193 315 279 
423 58 36 
140 479 43 
35 329 382 
435 185 484 
401 217 480 
152 451 235 
209 205 322 
215 143 228 
170 289 221 
167 164 90 
104 276 177 
447 389 334 
281 107 60 
74 453 370 
391 304 123 
138 396 314 
446 191 312 
438 193 399 
413 491 319 
141 160 167 
105 491 241 
352 397 148 
412 488 172 
0 40 48 
431 383 363 
232 37 284 
90 134 8 
250 351 337 
135 298 181 
457 261 396 
143 197 226 
29 66 139 
243 66 348 
290 290 122 
458 402 443 
446 50 486 
221 137 342 
334 414 372 
214 195 91 
388 296 80 
396 439 179 
214 225 2 
313 370 186 
108 103 240 
381 129 191 
400 117 90 
424 452 198 
408 295 336 
348 304 217 
41 289 445 
170 346 328 
426 260 62 
292 467 88 
44 427 59 
255 309 388 
377 73 239 
243 3 81 
298 164 397 
437 103 489 
355 276 330 
310 253 141 
310 160 72 
406 421 302 
205 407 98 
453 299 410 
282 239 54 
328 250 35 
375 249 90 
239 212 229 
236 418 220 
247 317 52 
468 368 85 
109 213 121 
194 327 406 
5 42 50 
83 474 307 
462 156 315 
161 302 307 
176 234 31 
401 130 2 
175 431 37 
49 353 310 
312 442 147 
146 141 179 
444 39 162 
198 244 283 
68 163 341 
483 366 460 
103 97 166 
236 152 151 
240 189 59 
270 240 3 
332 207 151 
357 125 218 
334 58 495 
305 199 249 
351 224 124 
224 496 423 
482 356 363 
265 87 186 
327 144 488 
321 255 498 
219 211 465 
343 337 118 
192 334 3 
88 306 246 
79 152 404 
69 298 112 
208 368 302 
116 386 446 
286 152 375 
343 430 455 
398 362 349 
204 220 286 
72 373 448 
282 346 200 
404 456 39 
458 435 236 
94 388 16 
418 254 4 
63 61 481 
104 12 68 
40 450 61 
52 491 247 
269 428 155 
447 224 437 
49 56 377 
45 470 139 
144 278 40 
172 359 253 
219 60 191 
174 290 192 
6 415 29 
42 272 196 
410 69 321 
358 351 3 
125 144 454 
458 465 99 
144 383 14 
417 19 163 
439 18 277 
13 366 71 
154 461 353 
13 378 23 
119 207 388 
456 414 430 
426 106 78 
210 3 15 
116 357 322 
39 370 185 
325 286 44 
295 118 442 
416 59 158 
415 33 12 
377 202 185 
296 202 184 
62 293 296 
90 388 487 
257 127 74 
210 403 474 
323 61 140 
433 56 413 
25 427 336 
60 212 122 
43 29 117 
174 51 372 
360 255 424 
147 308 389 
23 161 400 
49 304 248 
279 344 478 
30 62 0 
101 192 395 
485 318 26 
149 213 489 
412 423 339 
52 83 162 
183 496 253 
174 203 495 
229 492 250 
481 350 267 
369 451 271 
49 131 237 
1 10 451 
340 418 101 
181 113 309 
122 6 289 
444 195 285 
278 285 27 
382 251 145 
441 287 265 
387 239 74 
17 33 6 
89 310 182 
401 301 136 
80 359 310 
498 64 375 
498 98 375 
21 165 399 
440 14 164 
348 237 459 
265 400 125 
334 182 374 
231 258 488 
51 124 121 
216 350 447 
377 16 284 
322 49 167 
214 153 15 
250 385 127 
131 148 113 
193 69 295 
390 463 40 
217 355 378 
279 326 116 
496 397 282 
87 243 62 
63 199 289 
468 37 15 
494 436 34 
430 256 187 
147 183 239 
381 56 59 
309 425 336 
255 145 493 
91 449 492 
206 37 27 
157 305 94 
408 118 41 
205 38 385 
65 451 41 
33 1 371 
198 274 389 
59 428 459 
498 378 260 
53 270 81 
23 30 175 
201 18 117 
400 134 326 
170 407 390 
386 494 359 
430 262 80 
498 26 462 
480 159 33 
380 32 387 
375 363 89 
481 222 92 
356 440 156 
491 434 297 
403 84 295 
191 168 9 
403 24 375 
21 235 217 
463 2 157 
69 50 294 
102 71 427 
243 306 318 
119 86 220 
354 16 411 
253 201 269 
96 139 400 
172 319 185 
377 1 174 
192 182 483 
114 98 200 
313 360 80 
250 423 249 
312 208 212 
380 140 384 
372 26 217 
152 235 485 
12 226 321 
434 139 134 
129 14 9 
338 289 252 
299 340 360 
129 410 4 
238 373 14 
101 229 170 
294 71 153 
375 35 147 
143 231 304 
218 411 400 
186 227 67 
99 84 81 
145 78 295 
461 213 270 
148 202 168 
378 372 495 
477 44 149 
118 405 435 
430 451 87 
91 445 36 
86 302 449 
332 303 499 
499 413 243 
129 314 227 
25 433 366 
88 10 441 
312 287 134 
135 120 393 
334 278 471 
51 311 411 
245 170 131 
495 382 161 
197 133 149 
405 216 308 
109 434 63 
60 276 25 
351 334 119 
122 146 301 
73 29 208 
163 489 434 
117 41 482 
122 329 128 
373 97 460 
393 361 470 
303 60 160 
314 17 150 
494 217 123 
44 83 146 
449 156 135 
1 333 499 
397 268 35 
316 222 76 
200 33 487 
114 362 276 
129 86 480 
137 2 123 
181 83 321 
437 218 236 
392 276 5 
415 469 478 
351 29 463 
216 430 400 
183 327 65 
309 271 162 
196 456 412 
200 279 154 
224 148 336 
331 103 376 
345 426 325 
124 32 386 
309 111 333 
94 206 440 
458 409 239 
119 55 429 
494 363 41 
7 22 369 
421 20 197 
207 98 386 
117 6 135 
161 379 265 
272 341 146 
409 460 174 
198 438 359 
127 413 437 
86 384 0 
391 88 315 
151 36 193 
79 274 94 
51 136 87 
472 452 290 
457 341 498 
412 16 35 
150 485 224 
80 53 359 
393 296 462 
96 360 15 
388 294 55 
38 495 106 
402 286 262 
198 129 173 
472 28 52 
383 453 152 
315 429 477 
322 12 416 
363 372 122 
288 88 475 
426 107 386 
495 29 102 
260 22 282 
447 136 83 
204 198 316 
117 103 234 
396 427 59 
39 420 274 
305 147 66 
441 498 442 
367 193 363 
287 266 106 
319 332 19 
419 421 277 
241 194 30 
186 191 15 
439 440 442 
355 100 303 
220 196 231 
353 490 116 
216 313 359 
312 487 3 
292 264 300 
317 476 396 
196 76 213 
309 140 394 
202 298 339 
75 104 67 
362 214 404 
373 288 394 
402 136 412 
358 32 405 
233 79 295 
39 168 92 
376 306 199 
332 303 420 
487 97 499 
299 384 160 
258 403 69 
410 376 405 
173 170 156 
390 342 444 
251 55 322 
86 64 245 
15 266 189 
65 440 101 
5 209 113 
27 324 426 
242 495 91 
459 345 170 
384 203 116 
85 98 208 
94 12 119 
480 273 18 
399 209 21 
258 229 280 
310 299 93 
117 456 21 
164 303 108 
392 113 280 
362 359 177 
88 9 298 
225 348 192 
153 229 149 
451 413 84 
331 199 440 
8 76 159 
265 84 221 
22 382 472 
161 162 275 
118 184 8 
324 206 28 
71 107 413 
272 196 135 
243 70 15 
213 195 499 
291 393 296 
400 423 373 
329 236 497 
310 295 221 
473 176 479 
333 399 474 
19 331 455 
278 465 158 
378 179 423 
258 346 324 
175 25 410 
376 343 269 
392 441 82 
470 19 362 
149 434 453 
247 280 54 
207 423 349 
92 469 461 
39 461 450 
400 172 242 
227 119 101 
222 216 398 
140 51 227 
291 365 27 
446 46 178 
30 133 224 
32 39 240 
378 70 427 
223 82 361 
149 332 486 
7 149 23 
387 397 476 
353 462 200 
334 494 269 
295 107 432 
116 55 50 
418 54 241 
340 451 265 
436 222 12 
102 164 203 
136 450 231 
460 481 470 
203 357 261 
208 325 129 
361 396 264 
375 499 67 
443 141 175 
71 193 417 
210 308 363 
215 34 181 
279 425 230 
20 312 159 
290 309 46 
496 265 121 
189 125 435 
300 219 161 
214 200 166 
417 305 85 
192 323 146 
23 341 494 
57 107 60 
469 294 143 
150 310 486 
167 352 129 
71 148 71 
253 113 9 
273 35 264 
197 460 287 
183 178 336 
157 136 223 
316 329 298 
196 165 486 
160 39 45 
104 128 466 
419 176 140 
130 292 67 
354 147 34 
56 243 434 
242 210 286 
56 320 362 
94 316 163 
14 161 340 
471 28 257 
308 58 353 
440 41 331 
218 41 490 
195 484 83 
318 230 416 
22 417 35 
203 357 404 
475 260 445 
148 415 301 
197 343 142 
223 315 199 
124 455 35 
379 486 269 
4 477 48 
91 15 5 
261 135 193 
149 415 190 
33 62 26 
11 130 353 
363 48 258 
88 173 15 
351 468 8 
36 433 210 
398 363 63 
481 235 302 
499 274 170 
458 395 39 
95 135 361 
138 385 405 
435 199 407 
89 186 53 
66 217 446 
305 213 337 
461 324 337 
91 404 409 
253 398 246 
444 123 7 
358 201 394 
133 206 248 
131 203 462 
217 7 336 
278 56 39 
419 202 213 
231 13 268 
15 121 49 
457 194 17 
350 465 162 
390 440 437 
259 388 488 
211 243 201 
150 337 303 
452 454 156 
99 157 91 
416 177 286 
377 213 429 
470 169 320 
63 363 387 
384 229 232 
448 52 7 
57 230 169 
125 276 161 
286 446 488 
51 460 84 
419 216 405 
207 194 377 
353 355 38 
395 95 413 
8 93 342 
317 344 223 
31 268 202 
277 96 273 
245 324 263 
461 90 211 
121 36 283 
6 447 319 
144 380 415 
257 119 120 
316 94 310 
243 311 203 
163 365 258 
379 98 142 
303 270 31 
143 242 433 
447 429 440 
55 239 233 
4 284 443 
219 332 203 
382 350 361 
361 444 383 
372 21 478 
342 5 278 
145 40 142 
422 477 262 
6 177 177 
38 436 5 
64 78 434 
314 300 94 
95 341 423 
83 181 223 
103 430 341 
427 431 174 
496 181 440 
368 430 171 
186 377 410 
189 51 54 
42 146 350 
19 343 173 
218 124 113 
62 210 462 
395 119 181 
87 93 391 
150 74 43 
199 486 406 
359 382 143 
369 192 450 
473 492 218 
350 128 286 
17 23 165 
410 409 476 
166 107 13 
190 0 8 
485 444 325 
497 6 248 
443 181 420 
135 32 492 
91 268 299 
17 482 409 
300 418 218 
281 265 204 
268 102 240 
155 230 323 
383 389 228 
198 142 95 
85 93 403 
302 282 418 
172 476 170 
385 494 352 
445 186 40 
91 337 41 
262 273 314 
339 424 224 
77 86 87 
8 102 188 
66 60 436 
405 111 116 
232 131 473 
472 419 351 
333 230 97 
491 217 169 
257 330 305 
82 385 48 
426 64 412 
460 142 39 
181 392 201 
332 416 180 
358 377 443 
190 89 376 
285 450 389 
455 386 254 
287 52 108 
333 297 331 
408 106 89 
101 66 376 
235 314 294 
272 378 108 
499 23 120 
287 490 111 
45 357 380 
149 265 151 
17 396 49 
365 193 221 
443 235 405 
183 411 489 
115 282 158 
119 348 241 
483 246 330 
361 369 498 
230 413 228 
173 140 372 
260 365 46 
366 180 122 
168 70 133 
279 489 336 
230 239 479 
199 444 420 
280 80 350 
36 241 307 
90 400 466 
174 32 430 
97 455 401 
322 464 86 
272 261 156 
205 473 411 
127 373 423 
463 26 95 
424 233 137 
227 460 301 
457 356 302 
147 439 396 
127 471 51 
464 165 381 
356 321 261 
237 463 274 
334 98 159 
178 401 410 
64 477 426 
184 469 463 
445 329 268 
29 198 283 
364 272 274 
392 410 484 
254 479 209 
355 455 170 
352 455 417 
145 242 335 
58 378 245 
81 282 491 
308 107 444 
32 191 52 
228 273 366 
431 25 105 
374 341 259 
388 243 32 
337 488 35 
234 285 403 
60 223 72 
65 77 183 
177 6 307 
385 130 18 
243 340 122 
193 185 347 
312 166 399 
342 201 11 
44 407 492 
448 304 119 
390 450 352 
288 496 118 
240 212 30 
418 317 496 
172 28 398 
155 35 95 
220 61 318 
63 245 332 
378 389 409 
170 304 448 
127 333 144 
415 359 332 
110 361 82 
280 237 467 
175 220 123 
92 82 221 
428 106 387 
205 52 9 
192 38 200 
442 309 320 
405 98 260 
176 332 265 
80 209 17 
362 123 366 
59 125 129 
192 150 432 
169 170 356 
15 91 187 
238 487 324 
317 158 274 
457 116 363 
201 83 285 
385 190 156 
17 143 37 
147 14 179 
27 414 418 
135 427 281 
487 447 201 
24 427 408 
380 405 191 
337 364 240 
379 433 401 
376 3 35 
359 414 437 
134 359 486 
292 337 186 
87 488 364 
453 496 87 
165 277 101 
360 481 170 
267 107 180 
228 108 22 
216 398 395 
339 386 59 
187 350 55 
414 321 117 
153 285 243 
299 443 426 
192 99 19 
387 226 384 
27 285 71 
455 419 96 
25 227 360 
81 72 256 
307 160 91 
70 337 292 
242 117 60 
130 198 179 
148 283 412 
74 480 87 
489 473 416 
75 295 167 
226 182 244 
47 1 468 
71 234 445 
279 221 58 
134 448 242 
287 93 7 
410 492 161 
278 63 197 
312 144 423 
357 457 317 
216 399 82 
350 272 18 
398 165 412 
166 268 91 
73 241 408 
174 133 131 
420 352 388 
434 72 133 
483 387 371 
435 231 174 
181 468 227 
168 49 246 
210 488 476 
143 360 131 
433 110 28 
461 392 458 
260 18 342 
54 287 433 
286 271 195 
436 90 187 
446 81 406 
275 62 22 
474 104 298 
149 279 478 
377 398 247 
413 298 85 
430 149 365 
263 230 129 
400 389 339 
480 74 245 
248 25 11 
174 426 406 
190 127 398 
424 479 392 
167 250 440 
154 242 83 
198 300 482 
101 50 94 
180 0 398 
390 55 260 
358 145 41 
285 163 245 
470 377 16 
341 183 140 
213 131 204 
267 417 167 
194 437 32 
300 423 300 
177 104 12 
449 375 43 
289 480 370 
65 250 94 
161 490 174 
496 74 44 
364 234 214 
69 433 453 
121 30 472 
443 97 235 
42 477 167 
396 223 273 
487 398 47 
