1000
3
292 490 116 
102 281 450 
426 120 117 
226 294 452 
46 126 35 
160 155 158 
491 424 450 
407 376 431 
261 156 451 
427 394 393 
492 282 468 
64 336 409 
464 434 368 
401 437 428 
272 36 49 
383 108 486 
164 282 206 
458 184 224 
391 245 58 
98 328 317 
475 270 351 
478 151 310 
12 102 308 
420 294 375 
125 315 86 
240 314 240 
90 325 307 
450 367 499 
283 192 409 
464 386 210 
208 295 460 
51 140 341 
143 294 267 
316 17 407 
188 497 50 
122 488 126 
40 475 368 
481 408 328 
353 364 38 
136 372 405 
409 397 62 
266 293 186 
273 279 10 
119 318 277 
14 261 209 
175 352 121 
151 130 296 
29 119 74 
51 44 169 
45 435 332 
369 425 431 
262 279 82 
457 397 256 
236 102 223 
263 234 200 
257 223 481 
323 325 270 
358 489 119 
259 256 328 
433 9 85 
210 12 203 
203 81 261 
289 146 405 
173 305 313 
297 70 184 
210 154 246 
36 304 280 
161 337 124 
208 415 228 
72 403 443 
308 372 480 
452 16 303 
381 367 110 
271 228 214 
462 424 65 
32 88 171 
301 174 5 
134 65 222 
481 257 125 
318 393 492 
220 95 483 
432 76 212 
218 449 236 
143 178 312 
379 88 217 
327 73 114 
92 458 20 
207 89 185 
83 75 473 
88 155 424 
211 118 215 
284 99 75 
207 72 50 
281 227 334 
335 186 41 
159 239 89 
400 376 226 
498 368 110 
498 232 371 
224 305 202 
478 473 174 
145 393 107 
97 498 285 
304 324 419 
244 47 287 
185 51 411 
424 18 492 
28 36 176 
356 103 58 
67 491 354 
414 170 279 
140 106 89 
368 119 96 
404 317 195 
436 268 32 
174 441 229 
208 227 24 
130 488 345 
414 324 377 
34 234 250 
28 36 398 
362 178 163 
99 483 73 
468 481 258 
264 23 193 
366 308 296 
310 137 453 
49 158 241 
276 292 406 
182 298 411 
334 81 495 
130 75 216 
106 64 352 
437 372 19 
183 268 329 
254 44 243 
338 61 24 
5 413 284 
368 192 164 
223 82 277 
388 338 397 
168 38 277 
229 0 151 
197 282 161 
6 327 322 
498 288 313 
101 350 12 
123 425 271 
189 295 232 
138 200 290 
197 13 78 
311 72 364 
123 193 194 
296 459 348 
17 305 277 
37 230 323 
218 77 360 
20 456 340 
396 41 101 
463 178 30 
443 172 328 
496 93 417 
284 408 192 
317 88 494 
151 218 85 
63 479 164 
127 143 19 
464 384 279 
240 428 458 
340 299 396 
324 166 91 
273 417 152 
177 250 386 
476 327 97 
386 470 238 
36 489 446 
354 336 258 
52 410 247 
131 356 290 
78 106 119 
330 323 148 
422 143 321 
474 241 333 
164 61 344 
67 125 221 
201 429 376 
498 463 356 
202 250 164 
448 210 67 
100 284 338 
112 163 496 
358 183 0 
239 421 331 
17 405 161 
136 252 487 
190 343 327 
403 455 412 
68 383 273 
288 387 13 
304 305 102 
309 449 72 
484 102 305 
113 333 483 
173 366 266 
134 259 110 
236 185 288 
306 364 141 
217 171 386 
317 234 27 
79 203 455 
380 426 440 
90 7 349 
463 74 126 
234 471 96 
37 361 440 
291 352 457 
272 422 310 
419 278 301 
19 482 348 
0 210 58 
5 190 470 
428 391 493 
24 99 367 
328 418 234 
180 310 459 
41 498 245 
402 105 427 
272 357 1 
348 421 155 
455 326 40 
328 384 377 
348 125 160 
145 411 275 
298 119 255 
116 161 388 
424 373 91 
173 209 391 
198 408 279 
193 89 211 
300 184 109 
66 481 114 
87 299 99 
94 147 330 
244 68 25 
143 422 41 
327 428 493 
233 10 204 
295 17 243 
166 318 433 
429 480 21 
402 16 139 
443 266 389 
448 177 160 
427 245 79 
88 301 430 
195 145 304 
356 357 241 
284 364 495 
442 108 277 
217 386 66 
259 202 29 
116 499 362 
387 58 232 
307 253 326 
240 300 306 
2 493 440 
435 128 60 
177 312 87 
384 109 495 
210 17 89 
214 335 335 
217 96 10 
97 316 386 
52 142 122 
91 135 166 
235 170 259 
307 58 229 
220 181 252 
375 387 281 
124 499 139 
209 37 439 
134 408 291 
261 193 248 
466 217 108 
374 316 47 
226 499 485 
465 1 261 
78 33 195 
317 191 405 
134 98 58 
436 21 279 
182 336 120 
251 12 122 
428 66 142 
134 109 25 
122 137 283 
39 106 150 
420 95 386 
20 244 217 
157 342 205 
176 97 404 
363 350 375 
210 436 348 
244 284 9 
358 387 168 
345 443 88 
189 146 274 
248 393 191 
195 143 314 
353 121 283 
394 435 174 
355 268 25 
422 452 288 
499 134 115 
366 411 96 
254 120 181 
43 305 382 
92 360 454 
303 363 240 
400 126 230 
162 196 334 
130 137 330 
84 239 131 
310 266 325 
14 161 386 
79 480 106 
245 129 470 
315 466 224 
285 233 370 
404 132 367 
469 73 270 
8 105 299 
277 75 24 
301 49 349 
180 22 215 
138 218 271 
442 128 279 
72 87 33 
139 189 241 
119 468 9 
47 287 343 
467 159 88 
295 154 1 
218 323 351 
308 387 447 
453 330 101 
263 225 394 
471 366 315 
259 390 337 
65 68 468 
185 127 110 
148 112 461 
143 123 68 
314 457 299 
190 382 61 
210 358 290 
138 432 396 
319 248 387 
491 405 297 
0 406 267 
482 338 83 
242 193 321 
356 46 40 
25 145 312 
322 2 273 
445 318 82 
5 127 80 
497 475 79 
52 425 441 
248 418 141 
428 224 151 
56 452 57 
235 272 114 
458 272 35 
261 15 48 
311 496 215 
388 334 49 
214 47 58 
14 272 138 
72 128 341 
273 254 60 
390 112 271 
11 277 40 
435 144 153 
425 349 269 
132 170 153 
102 427 79 
166 488 284 
324 105 202 
379 330 464 
108 199 343 
479 354 99 
495 189 221 
301 2 95 
27 215 61 
113 307 319 
353 266 457 
302 35 243 
352 292 106 
443 47 382 
128 78 346 
148 347 328 
46 178 77 
294 400 222 
482 412 302 
497 434 42 
173 256 68 
65 331 45 
177 240 1 
75 206 148 
433 170 192 
302 9 17 
482 17 428 
439 398 461 
134 460 242 
390 416 261 
291 481 74 
14 195 365 
21 1 195 
78 105 97 
4 436 459 
444 98 490 
49 37 360 
78 387 438 
407 294 450 
123 78 73 
276 45 499 
308 303 206 
260 463 154 
160 98 68 
22 109 323 
95 283 251 
211 89 239 
149 180 131 
476 363 414 
309 137 62 
129 401 431 
56 12 94 
462 479 344 
139 440 84 
443 42 7 
292 147 177 
147 235 417 
196 26 413 
458 288 203 
26 484 492 
130 174 424 
110 113 326 
477 76 465 
74 34 130 
253 336 480 
249 29 418 
373 366 359 
492 17 53 
386 321 431 
104 407 300 
226 104 277 
262 239 52 
138 423 470 
101 176 39 
291 210 350 
312 402 468 
255 178 401 
438 405 46 
347 8 67 
328 15 37 
46 303 478 
115 230 315 
24 334 113 
472 58 490 
25 229 310 
80 87 400 
22 359 249 
465 354 156 
315 398 444 
307 330 470 
497 73 114 
277 238 116 
30 253 82 
346 207 247 
431 58 278 
357 149 247 
263 125 210 
31 491 238 
345 114 178 
262 294 285 
338 313 434 
129 388 113 
440 136 0 
216 223 246 
56 362 320 
313 210 175 
140 253 48 
213 112 468 
253 347 69 
450 330 460 
38 399 343 
15 73 234 
303 128 130 
74 280 195 
495 195 456 
468 229 408 
198 23 344 
149 416 78 
94 253 60 
158 94 129 
259 495 237 
435 226 105 
391 342 189 
176 170 178 
79 482 399 
198 83 141 
14 431 368 
232 213 486 
4 87 66 
42 188 271 
166 223 340 
299 49 1 
362 54 395 
74 136 270 
122 109 171 
243 199 181 
88 397 63 
24 254 266 
250 174 47 
268 15 331 
451 99 330 
272 471 4 
448 124 219 
3 338 470 
5 39 380 
431 455 176 
190 341 244 
424 180 221 
360 219 287 
467 387 193 
76 381 443 
230 213 392 
142 379 356 
432 113 308 
123 405 84 
334 2 246 
152 158 156 
222 91 355 
421 454 136 
225 405 498 
18 351 383 
120 407 400 
201 163 321 
10 251 37 
397 272 195 
345 233 35 
383 469 371 
492 394 319 
357 104 374 
202 80 404 
172 180 173 
104 219 167 
451 212 206 
25 54 27 
75 376 418 
56 121 105 
19 150 419 
413 317 359 
256 458 305 
401 207 249 
159 18 267 
235 356 474 
119 486 47 
263 117 118 
383 121 470 
365 336 120 
382 24 95 
315 485 252 
18 155 225 
394 229 325 
196 463 86 
181 131 388 
182 468 189 
306 388 345 
81 373 442 
88 19 435 
140 491 129 
136 381 127 
83 365 372 
155 106 42 
51 296 282 
186 215 57 
107 47 161 
178 436 110 
213 481 131 
88 213 284 
253 350 257 
478 207 71 
453 188 356 
273 497 128 
446 196 40 
166 47 139 
88 224 92 
403 439 484 
284 158 347 
80 491 317 
256 449 382 
255 459 37 
404 114 71 
48 332 411 
388 326 482 
194 167 112 
172 156 448 
192 437 494 
421 262 33 
227 205 9 
168 498 53 
40 161 241 
418 103 351 
14 22 70 
187 172 305 
220 241 86 
190 36 477 
220 200 197 
267 451 91 
405 494 264 
10 309 138 
461 178 131 
418 112 55 
25 64 101 
291 474 264 
363 405 323 
448 170 319 
312 31 324 
195 280 85 
85 92 251 
205 490 301 
308 462 175 
228 36 348 
57 241 290 
429 212 62 
200 437 412 
71 231 474 
343 207 87 
328 199 365 
293 0 350 
445 278 333 
188 3 189 
84 400 335 
286 205 72 
92 488 319 
42 231 180 
221 48 311 
235 36 197 
301 41 373 
45 222 424 
91 388 442 
85 310 146 
326 298 27 
344 227 69 
184 235 412 
189 468 193 
161 11 472 
426 149 232 
289 124 123 
486 403 359 
315 148 303 
112 179 68 
400 365 333 
116 460 199 
27 257 445 
444 486 65 
432 336 209 
364 394 475 
414 457 134 
211 487 82 
268 89 495 
418 312 463 
48 167 47 
373 400 466 
414 232 268 
219 16 255 
57 41 186 
235 7 334 
127 206 97 
280 399 348 
2 398 21 
241 290 170 
176 451 232 
95 67 384 
324 430 282 
389 10 165 
53 163 418 
417 271 1 
203 163 444 
167 350 39 
343 322 196 
120 139 230 
144 195 230 
37 220 474 
304 220 68 
353 299 57 
453 157 260 
460 147 233 
434 19 145 
278 79 179 
294 130 394 
128 85 430 
428 109 58 
278 432 492 
488 366 39 
157 88 66 
158 159 396 
382 37 323 
70 456 304 
122 112 100 
321 413 276 
414 389 72 
260 115 38 
408 151 158 
407 226 32 
130 62 386 
77 186 126 
489 25 424 
84 123 254 
151 116 360 
161 19 178 
34 36 71 
120 72 10 
199 372 442 
16 0 226 
374 368 230 
302 115 114 
85 424 29 
318 439 9 
29 116 433 
471 382 52 
161 62 369 
62 133 310 
469 35 55 
13 388 251 
152 149 183 
103 98 115 
277 387 190 
15 464 472 
300 24 272 
194 203 349 
124 289 205 
349 306 279 
315 364 239 
175 397 483 
377 86 242 
262 371 310 
459 366 115 
432 350 212 
178 298 441 
237 260 75 
53 301 238 
355 471 196 
186 350 322 
189 39 30 
247 316 294 
236 121 82 
176 413 119 
101 198 478 
341 435 291 
78 200 309 
98 140 63 
199 76 303 
255 249 28 
315 153 294 
178 167 475 
330 318 386 
54 203 20 
247 260 385 
401 475 122 
283 131 298 
184 482 301 
438 328 12 
390 185 201 
449 237 419 
33 162 171 
443 487 448 
445 426 400 
365 285 266 
280 42 260 
422 202 24 
262 51 189 
129 293 494 
357 136 127 
97 17 485 
252 489 230 
382 353 22 
150 326 164 
2 80 295 
332 172 425 
317 148 364 
81 247 464 
205 3 186 
319 299 13 
458 461 159 
156 483 270 
177 480 333 
40 120 196 
427 366 314 
350 10 45 
462 39 312 
280 367 414 
352 48 435 
494 494 191 
182 181 126 
115 162 20 
305 169 195 
114 312 95 
76 2 101 
192 188 153 
302 220 376 
96 185 437 
142 74 134 
220 295 310 
63 472 242 
253 493 148 
395 175 181 
308 208 461 
306 440 115 
298 367 93 
450 230 94 
117 105 149 
242 13 193 
445 358 398 
27 288 286 
330 403 172 
319 169 338 
156 493 256 
127 448 376 
321 285 154 
241 49 463 
209 154 408 
139 63 1 
27 37 78 
47 184 420 
323 480 122 
201 375 355 
242 351 79 
3 427 64 
128 74 176 
474 33 327 
265 64 45 
247 456 340 
477 56 433 
469 50 137 
336 109 27 
331 459 484 
194 226 412 
10 425 325 
125 335 405 
319 251 14 
51 389 220 
279 411 12 
475 405 359 
301 63 225 
268 238 175 
180 272 369 
305 385 212 
151 289 398 
452 397 389 
9 126 371 
319 416 420 
7 203 326 
355 230 11 
129 45 66 
285 77 314 
211 441 343 
370 332 93 
19 382 411 
461 140 126 
345 379 469 
48 147 448 
381 16 249 
345 301 393 
349 482 90 
347 353 357 
118 397 499 
406 231 253 
474 330 255 
388 153 78 
444 318 236 
180 432 143 
95 474 197 
432 371 26 
442 92 64 
14 282 465 
485 252 499 
172 428 78 
472 438 409 
377 96 213 
202 195 441 
280 293 107 
252 279 154 
421 116 150 
461 155 243 
404 16 152 
378 24 313 
232 44 61 
410 285 301 
24 399 65 
210 442 281 
448 373 136 
346 381 3 
115 128 268 
65 392 275 
56 239 343 
368 56 442 
278 331 216 
466 481 18 
350 92 294 
66 374 349 
315 167 284 
178 402 466 
357 192 55 
199 281 282 
9 93 175 
331 383 116 
470 114 489 
146 133 212 
324 407 207 
451 354 124 
361 61 499 
108 485 341 
414 272 475 
84 361 84 
183 93 325 
359 254 489 
344 374 150 
197 240 218 
6 418 421 
214 302 331 
48 256 253 
223 211 95 
481 122 193 
410 452 90 
75 462 225 
158 288 433 
73 107 219 
47 336 68 
127 179 87 
176 477 3 
185 24 174 
81 427 138 
235 368 261 
448 122 187 
447 390 261 
214 68 419 
271 0 307 
268 292 182 
388 339 395 
248 341 279 
127 481 290 
497 249 465 
106 107 366 
384 277 217 
341 203 88 
272 317 255 
313 146 68 
306 444 69 
355 488 133 
250 346 179 
231 18 136 
176 406 139 
42 347 111 
24 441 199 
106 211 178 
270 360 277 
365 66 62 
1 365 284 
33 453 159 
356 269 0 
242 423 46 
497 236 65 
378 378 468 
403 105 451 
492 316 421 
119 385 136 
235 279 45 
282 272 210 
229 391 137 
4 225 380 
266 310 434 
440 321 280 
179 476 152 
358 355 336 
356 451 134 
211 361 148 
450 149 483 
493 442 369 
463 325 332 
381 252 106 
125 300 38 
440 226 398 
173 32 228 
444 217 11 
67 20 145 
493 232 414 
141 240 290 
