1000
3
395 359 274 
130 390 491 
23 416 147 
56 152 373 
263 353 496 
128 209 211 
163 374 351 
320 347 391 
295 447 382 
91 238 173 
371 433 89 
86 90 90 
377 419 277 
187 105 244 
218 204 451 
396 27 357 
464 493 246 
147 51 209 
465 440 168 
306 273 357 
462 66 396 
9 373 372 
172 194 50 
295 492 195 
299 225 250 
441 7 491 
79 212 108 
344 332 395 
338 481 354 
421 447 113 
52 322 114 
77 72 96 
118 305 264 
331 261 119 
256 389 469 
398 106 80 
338 232 356 
202 221 88 
290 442 466 
238 116 56 
453 269 461 
147 424 436 
215 132 233 
146 381 72 
254 79 143 
199 463 387 
252 52 343 
97 123 441 
244 114 4 
211 73 126 
1 363 449 
84 461 472 
142 309 294 
0 216 134 
100 154 305 
51 398 435 
138 456 432 
238 420 415 
70 338 120 
309 133 111 
284 202 336 
328 84 321 
491 439 498 
185 127 388 
211 65 237 
277 370 66 
314 15 450 
226 392 401 
11 246 463 
338 118 141 
458 409 167 
369 281 421 
25 276 161 
391 142 384 
256 172 88 
275 432 400 
136 297 78 
341 397 27 
77 170 177 
330 141 343 
485 335 463 
350 475 494 
405 400 325 
17 188 494 
215 81 100 
280 442 373 
308 303 177 
488 265 39 
70 246 370 
144 378 162 
336 34 225 
42 484 261 
338 384 426 
275 91 281 
459 284 293 
450 287 472 
294 454 93 
143 171 15 
62 347 222 
408 437 456 
331 284 164 
364 63 74 
300 219 97 
372 434 208 
403 419 383 
90 248 289 
106 64 134 
398 429 420 
324 153 66 
480 423 355 
59 437 446 
230 170 260 
490 55 255 
71 435 130 
232 313 114 
447 248 328 
252 331 51 
456 350 298 
206 237 202 
251 182 25 
233 66 80 
464 383 216 
136 249 463 
358 303 2 
206 6 436 
337 391 498 
433 309 397 
35 276 216 
5 40 468 
142 214 129 
299 124 391 
9 31 240 
56 488 28 
237 425 494 
334 139 449 
239 18 15 
422 75 487 
498 439 299 
392 208 351 
487 345 388 
416 383 231 
244 281 445 
237 110 264 
24 473 162 
369 439 140 
387 451 254 
98 393 292 
474 222 258 
418 377 174 
276 33 284 
427 87 104 
249 332 260 
183 212 237 
273 374 26 
431 202 441 
490 459 137 
414 367 424 
214 461 228 
413 458 217 
498 329 232 
342 461 90 
230 126 334 
397 302 22 
69 228 214 
136 276 314 
204 40 157 
233 186 300 
34 269 134 
99 491 465 
473 130 394 
38 140 54 
9 116 290 
406 115 442 
9 366 393 
102 145 384 
2 326 127 
167 27 74 
362 386 310 
140 357 293 
197 86 324 
267 133 134 
257 466 244 
487 74 204 
132 484 425 
274 318 131 
49 476 174 
220 497 76 
205 443 192 
52 241 373 
331 0 390 
427 82 273 
370 314 173 
453 214 251 
419 311 173 
17 234 286 
171 342 299 
430 106 122 
469 195 13 
356 468 327 
477 280 479 
330 492 181 
116 292 326 
152 5 12 
328 209 452 
281 489 431 
16 223 172 
320 222 243 
43 354 23 
75 378 241 
184 357 271 
401 199 314 
445 400 325 
88 165 78 
286 134 473 
105 214 272 
2 97 199 
364 113 472 
298 243 161 
447 102 128 
228 449 345 
98 382 384 
110 105 32 
159 198 105 
431 143 418 
36 174 351 
161 66 146 
302 179 201 
347 75 140 
190 468 97 
436 123 71 
325 293 284 
28 266 56 
174 170 3 
338 143 35 
104 114 72 
421 458 248 
153 153 105 
340 403 33 
101 8 12 
407 357 304 
43 480 77 
396 86 95 
121 305 82 
202 232 166 
270 211 39 
303 489 360 
355 103 422 
273 483 94 
73 68 97 
73 469 303 
461 486 484 
134 408 449 
228 176 319 
125 136 432 
377 202 202 
457 393 275 
77 330 242 
167 421 124 
65 61 204 
158 225 52 
176 284 159 
214 119 377 
103 217 53 
499 367 80 
344 480 207 
1 362 122 
203 288 204 
320 442 272 
102 496 192 
473 183 433 
82 492 447 
382 173 44 
160 410 165 
63 354 303 
213 55 387 
227 417 399 
264 289 484 
420 458 185 
260 189 89 
71 158 126 
347 308 287 
170 432 332 
353 84 221 
400 115 112 
344 26 30 
180 288 115 
429 37 178 
80 216 481 
104 17 459 
470 150 209 
153 0 271 
312 358 457 
345 16 66 
402 5 211 
193 187 421 
18 412 104 
72 66 441 
99 462 165 
43 465 117 
428 452 16 
228 344 316 
223 331 244 
391 150 388 
152 132 178 
205 108 367 
149 474 40 
101 15 338 
228 1 240 
78 65 309 
62 218 95 
75 211 421 
334 288 464 
336 180 192 
285 338 117 
448 184 263 
277 488 102 
51 231 171 
245 195 392 
38 325 275 
180 459 322 
242 308 108 
454 327 292 
491 349 481 
164 299 305 
59 182 292 
29 379 36 
125 389 488 
41 156 131 
109 362 52 
497 165 453 
327 267 10 
86 326 318 
348 14 350 
131 435 41 
161 254 259 
321 294 59 
363 37 21 
126 133 468 
375 415 7 
22 327 413 
104 161 355 
452 421 246 
78 466 242 
324 390 379 
372 30 313 
97 238 284 
57 475 225 
322 493 78 
246 225 141 
354 42 60 
430 420 160 
1 282 193 
363 234 463 
443 338 433 
358 243 275 
295 112 397 
320 340 261 
325 421 481 
249 33 70 
140 340 345 
476 393 366 
175 309 426 
356 269 201 
169 482 92 
116 418 310 
480 450 144 
397 16 17 
45 370 41 
246 385 441 
2 287 365 
282 234 205 
244 142 21 
402 259 193 
66 498 83 
327 402 125 
247 346 27 
77 482 26 
347 248 466 
256 64 156 
399 308 145 
3 327 121 
287 168 390 
343 11 309 
335 185 23 
195 297 397 
444 122 480 
454 326 128 
40 389 44 
35 37 192 
300 208 61 
386 443 352 
395 51 478 
45 369 25 
76 141 477 
117 228 75 
70 333 367 
22 225 119 
199 400 418 
246 483 336 
432 108 434 
185 185 457 
464 180 469 
107 317 33 
403 263 249 
393 462 88 
377 110 246 
475 151 444 
117 183 160 
293 89 287 
7 125 244 
262 423 108 
279 167 267 
328 213 165 
10 463 16 
266 329 174 
190 13 466 
377 229 466 
414 364 297 
184 63 478 
172 462 13 
48 200 73 
409 56 197 
397 349 408 
230 38 291 
3 342 454 
249 48 480 
122 258 419 
396 215 471 
341 465 65 
242 223 119 
199 12 86 
290 425 166 
246 309 38 
1 428 198 
256 474 498 
75 343 293 
412 150 451 
227 205 134 
182 448 433 
433 382 299 
12 374 427 
445 187 356 
382 340 308 
182 71 320 
252 107 421 
417 72 14 
340 456 244 
414 150 324 
178 23 263 
213 126 256 
447 241 266 
442 198 119 
247 359 273 
61 269 157 
112 353 424 
130 12 226 
115 127 365 
311 485 185 
36 281 31 
256 281 36 
369 363 441 
163 449 318 
252 139 386 
311 372 219 
242 68 88 
305 456 22 
341 147 1 
459 364 269 
82 434 450 
131 258 379 
296 82 31 
206 74 407 
388 498 144 
164 84 283 
33 56 17 
209 352 359 
296 185 356 
219 30 137 
47 238 129 
211 263 104 
158 283 338 
341 78 373 
224 416 483 
443 55 363 
301 221 151 
422 154 108 
476 320 315 
317 233 110 
177 101 87 
87 409 350 
439 365 456 
409 153 269 
63 260 206 
441 218 264 
68 400 140 
435 150 291 
484 431 167 
224 347 231 
24 203 410 
59 75 240 
385 64 354 
362 202 419 
105 285 10 
258 428 140 
211 313 281 
58 275 166 
402 146 19 
248 130 154 
426 54 334 
380 102 72 
44 100 195 
21 204 455 
84 208 391 
218 14 152 
38 232 227 
162 471 289 
416 158 291 
470 0 338 
136 50 269 
296 274 496 
472 215 198 
88 97 337 
285 128 41 
356 359 263 
249 86 188 
405 20 372 
273 122 452 
150 194 473 
166 249 359 
405 492 95 
20 499 369 
429 56 151 
116 171 102 
70 365 303 
1 97 474 
332 351 155 
149 150 29 
381 336 259 
493 498 465 
238 189 451 
435 40 168 
357 228 424 
71 22 437 
180 162 39 
205 214 124 
279 212 481 
157 350 7 
448 468 61 
266 49 438 
229 282 380 
42 199 378 
23 78 10 
129 446 22 
409 6 184 
25 48 296 
292 29 238 
269 199 68 
138 333 359 
65 222 347 
492 420 434 
452 307 188 
158 193 400 
222 134 329 
442 75 246 
228 23 411 
182 450 190 
308 230 19 
172 139 23 
395 241 201 
37 39 436 
79 389 300 
412 204 455 
204 246 281 
449 387 421 
148 148 67 
388 356 283 
364 350 112 
433 451 349 
62 489 142 
96 84 410 
306 404 459 
157 165 118 
489 398 279 
383 165 411 
308 33 337 
1 294 197 
76 80 442 
150 490 470 
461 225 341 
348 130 484 
410 492 335 
54 137 292 
44 85 405 
425 129 305 
276 412 351 
84 264 357 
447 380 324 
122 142 45 
41 51 361 
490 149 376 
421 20 122 
124 216 199 
11 93 72 
185 261 93 
492 332 257 
272 392 378 
318 381 369 
126 450 55 
234 332 87 
220 143 238 
428 25 413 
123 76 429 
388 466 459 
84 381 335 
25 381 310 
182 244 71 
400 377 138 
141 427 74 
132 425 422 
266 357 6 
47 454 216 
331 278 308 
398 168 438 
266 168 49 
188 469 456 
498 173 161 
22 237 366 
411 214 496 
207 130 133 
290 285 499 
462 13 89 
97 356 286 
183 252 202 
208 231 414 
350 248 400 
174 239 179 
267 198 353 
214 207 243 
103 294 223 
116 433 440 
39 59 148 
296 245 49 
340 314 280 
365 141 310 
140 155 417 
321 273 155 
213 78 461 
233 391 499 
266 226 161 
349 468 493 
192 405 313 
259 416 216 
446 384 396 
212 174 354 
74 306 347 
173 385 429 
180 354 331 
235 107 350 
90 438 83 
430 263 386 
386 493 191 
387 334 441 
465 256 474 
191 144 338 
156 115 322 
407 145 48 
259 302 461 
66 249 175 
153 365 316 
420 63 213 
370 227 213 
387 48 461 
487 12 85 
453 123 70 
445 217 163 
77 25 21 
174 51 126 
345 351 311 
87 97 331 
265 452 157 
425 351 277 
416 397 84 
69 362 95 
209 245 214 
103 377 186 
149 461 27 
250 121 302 
295 121 314 
458 234 436 
358 321 291 
239 210 38 
254 305 412 
254 116 457 
352 54 34 
380 64 20 
391 130 287 
357 193 154 
379 281 16 
458 65 34 
414 480 302 
470 479 191 
125 385 464 
154 312 36 
195 28 42 
397 14 252 
18 303 397 
191 441 365 
491 333 466 
154 62 209 
47 408 323 
273 120 252 
492 170 244 
378 184 88 
239 31 13 
126 28 407 
397 178 89 
136 19 184 
341 369 342 
430 306 147 
165 172 322 
176 229 249 
177 217 364 
290 229 342 
314 210 62 
242 165 36 
58 373 168 
229 124 199 
229 270 5 
137 209 494 
252 395 100 
92 451 329 
485 33 44 
99 429 189 
209 45 251 
309 429 287 
61 60 375 
186 378 490 
164 276 111 
79 51 78 
485 180 452 
65 376 142 
347 15 486 
404 465 0 
320 278 369 
49 330 72 
443 424 451 
136 489 22 
79 57 244 
350 36 473 
5 4 208 
410 253 302 
361 329 168 
474 256 463 
477 85 96 
1 108 228 
371 148 380 
362 116 315 
411 74 15 
365 365 183 
357 131 217 
78 300 18 
448 43 459 
265 11 143 
388 70 308 
470 491 379 
81 278 91 
337 473 234 
299 337 249 
417 379 135 
407 318 418 
328 477 272 
348 360 32 
374 189 338 
489 418 33 
256 377 35 
439 106 366 
98 297 70 
122 454 205 
462 231 24 
178 87 393 
126 155 402 
315 118 77 
61 142 380 
184 320 44 
102 231 434 
189 16 429 
0 109 436 
305 432 174 
51 99 354 
157 318 0 
68 131 81 
443 81 17 
301 461 325 
225 85 220 
379 458 183 
198 372 360 
405 25 32 
16 285 399 
263 429 229 
19 170 283 
319 206 455 
34 153 480 
283 401 417 
434 428 298 
157 145 396 
437 498 99 
409 296 426 
375 414 130 
448 196 450 
232 492 137 
28 409 72 
162 168 18 
315 36 454 
50 53 236 
421 48 48 
399 17 215 
350 73 238 
164 79 282 
34 246 101 
367 10 7 
263 435 286 
291 236 3 
310 26 147 
231 28 188 
389 333 333 
152 317 77 
56 451 95 
360 147 442 
111 411 124 
406 137 8 
95 197 12 
275 187 161 
148 182 314 
395 397 15 
399 98 138 
475 319 106 
394 292 420 
12 366 217 
47 30 188 
406 96 141 
352 367 308 
171 425 190 
151 352 431 
449 228 192 
261 194 346 
362 279 29 
313 473 389 
428 146 324 
258 482 283 
393 208 459 
203 99 488 
421 78 228 
36 176 386 
378 154 431 
487 230 355 
161 353 231 
44 419 8 
221 220 285 
148 198 272 
146 427 395 
472 218 160 
296 372 309 
153 465 43 
176 413 144 
220 20 184 
220 54 240 
321 341 458 
350 39 403 
5 119 243 
125 251 354 
334 323 180 
458 151 279 
353 119 448 
389 144 156 
154 294 305 
24 395 103 
140 339 252 
452 160 421 
240 219 125 
329 128 91 
335 220 117 
329 332 392 
148 458 73 
180 0 169 
261 338 347 
481 438 376 
315 146 344 
374 228 320 
343 32 272 
256 332 488 
330 83 209 
479 152 18 
428 240 407 
324 332 495 
161 244 171 
443 351 295 
214 403 385 
146 313 236 
259 117 322 
384 354 282 
242 404 65 
145 361 35 
114 174 160 
198 20 61 
456 244 62 
479 30 91 
406 453 361 
306 257 138 
368 258 227 
499 313 116 
111 10 271 
156 121 53 
81 120 200 
44 32 185 
72 457 212 
335 380 121 
18 497 144 
88 384 195 
306 43 82 
348 16 410 
161 80 367 
412 7 38 
146 107 444 
79 21 449 
160 142 421 
220 273 149 
91 451 51 
98 417 270 
222 488 137 
157 409 381 
356 458 102 
364 198 395 
470 224 260 
231 311 119 
39 388 127 
65 205 262 
265 1 486 
329 332 447 
342 16 472 
120 425 239 
218 7 132 
231 34 153 
63 404 456 
203 424 244 
104 448 19 
402 171 498 
259 111 12 
95 166 450 
123 109 401 
59 417 412 
275 321 241 
20 245 1 
239 226 11 
358 84 195 
277 92 46 
415 276 150 
326 377 19 
496 328 492 
31 298 438 
27 488 357 
254 87 431 
260 70 393 
25 144 341 
407 405 334 
116 307 347 
38 218 87 
392 209 202 
365 86 387 
404 267 488 
26 171 167 
354 380 346 
165 373 396 
372 318 234 
116 123 336 
338 471 322 
296 6 431 
315 188 24 
346 269 211 
2 33 161 
40 330 70 
140 103 371 
159 321 10 
472 364 301 
70 475 89 
129 450 306 
418 183 63 
314 377 270 
123 375 142 
224 371 37 
430 65 435 
100 81 270 
421 480 169 
332 27 273 
73 268 426 
269 144 432 
100 400 227 
288 341 111 
25 2 354 
323 144 367 
265 285 6 
