1000
3
497 205 310 
116 392 77 
11 293 273 
313 456 406 
171 441 149 
107 411 303 
25 354 363 
79 326 36 
323 330 282 
491 444 11 
453 22 419 
155 52 448 
53 161 256 
53 190 461 
436 67 366 
289 247 9 
336 309 6 
247 326 233 
218 169 74 
71 203 190 
448 95 430 
30 385 159 
333 43 252 
6 248 265 
216 372 379 
389 297 353 
219 84 111 
207 287 181 
382 344 297 
152 392 293 
113 356 338 
444 394 388 
86 4 479 
438 29 426 
306 312 206 
278 197 227 
39 433 389 
206 28 101 
68 497 294 
379 358 433 
157 172 173 
43 250 219 
118 144 28 
396 12 251 
93 497 332 
39 14 402 
338 185 237 
23 188 326 
223 367 94 
293 26 238 
298 51 56 
131 141 460 
99 34 158 
167 449 381 
491 208 84 
294 431 477 
170 46 339 
23 322 269 
125 86 144 
333 307 171 
139 461 161 
183 235 95 
243 92 53 
283 221 97 
343 408 280 
235 488 196 
390 275 484 
496 55 8 
130 162 72 
10 343 38 
321 405 5 
125 394 460 
468 312 45 
269 404 358 
340 421 464 
132 239 470 
91 426 234 
273 222 220 
342 130 50 
467 213 239 
4 47 406 
293 247 136 
50 298 284 
278 145 297 
89 209 191 
180 49 395 
0 359 257 
369 219 18 
61 0 319 
456 269 58 
311 268 294 
284 20 245 
373 17 248 
187 427 12 
478 242 332 
462 34 457 
358 167 76 
4 337 47 
9 98 177 
282 161 446 
112 393 102 
206 123 161 
110 351 239 
373 10 276 
449 175 493 
430 416 28 
392 77 183 
281 90 39 
435 223 351 
98 490 423 
129 116 66 
24 100 217 
493 249 216 
390 430 10 
186 456 294 
219 336 27 
137 404 353 
383 424 481 
433 38 92 
261 321 186 
256 355 48 
358 455 93 
111 424 229 
133 187 405 
230 491 276 
261 474 140 
405 407 88 
228 315 464 
0 199 175 
468 303 298 
33 213 423 
490 359 0 
396 270 43 
488 39 249 
205 86 46 
76 365 359 
237 434 166 
360 360 434 
436 219 461 
154 171 336 
36 9 241 
391 463 256 
45 78 452 
102 202 452 
116 369 472 
108 314 466 
237 303 307 
76 437 200 
45 194 300 
77 74 31 
114 8 120 
322 177 354 
135 256 130 
461 132 421 
422 284 54 
313 435 175 
227 119 260 
220 79 207 
433 285 136 
362 85 182 
338 238 134 
163 275 266 
395 471 25 
379 30 71 
323 136 423 
486 69 212 
10 282 236 
33 153 91 
151 471 126 
13 148 224 
372 305 314 
371 493 265 
480 219 313 
61 247 305 
489 409 218 
178 463 239 
239 243 17 
475 325 92 
357 20 429 
20 285 175 
70 323 240 
266 19 134 
25 26 319 
175 427 253 
451 389 391 
79 84 231 
480 78 367 
170 272 269 
355 171 471 
274 43 45 
148 111 293 
59 283 78 
395 146 176 
98 272 142 
299 234 115 
485 9 465 
229 392 82 
292 101 97 
488 236 229 
374 312 433 
183 180 49 
216 426 57 
62 5 95 
60 85 280 
484 18 179 
33 52 23 
458 120 350 
368 286 212 
212 291 327 
32 44 373 
188 102 134 
255 279 112 
327 464 433 
382 3 436 
169 458 219 
357 67 97 
22 316 54 
334 422 463 
184 372 126 
162 495 401 
447 268 275 
81 292 43 
177 426 379 
208 463 225 
491 294 142 
199 51 74 
113 424 473 
396 229 480 
145 377 164 
200 165 156 
31 123 126 
312 432 45 
185 207 138 
350 231 186 
329 24 383 
37 93 435 
251 346 51 
390 157 274 
291 443 264 
183 225 97 
438 110 383 
30 418 152 
472 447 149 
181 215 200 
478 424 127 
336 410 18 
111 342 132 
416 377 332 
130 95 188 
205 290 188 
476 434 109 
427 168 170 
247 441 34 
106 432 399 
121 44 413 
457 36 172 
62 157 235 
116 68 32 
152 65 220 
263 433 236 
160 68 189 
340 342 357 
408 39 275 
201 99 43 
9 370 417 
446 218 482 
253 113 477 
146 77 6 
7 482 204 
318 322 406 
64 342 237 
111 387 311 
41 430 317 
165 336 322 
163 297 50 
250 470 426 
416 128 161 
394 125 137 
81 310 255 
386 205 247 
74 316 331 
193 362 322 
179 402 354 
483 441 0 
330 159 289 
413 461 342 
339 424 32 
116 13 48 
156 233 319 
65 19 421 
350 215 202 
372 261 475 
78 320 84 
453 177 263 
226 424 12 
209 50 246 
292 367 22 
444 189 110 
73 74 411 
283 448 27 
104 486 208 
307 440 352 
190 390 461 
381 311 394 
478 472 67 
1 66 243 
322 121 489 
97 99 498 
40 268 417 
18 363 327 
106 304 32 
378 467 250 
246 310 294 
92 352 346 
360 166 360 
56 96 404 
457 105 412 
197 237 112 
464 118 116 
8 324 276 
410 473 403 
232 407 108 
314 388 257 
202 430 399 
238 74 39 
91 5 160 
54 327 340 
287 417 467 
392 424 318 
244 213 385 
87 361 265 
60 362 232 
4 99 162 
343 361 434 
104 34 436 
437 455 73 
143 312 331 
483 256 258 
297 331 494 
424 310 456 
460 299 77 
336 391 289 
251 446 455 
494 38 124 
110 140 130 
80 13 432 
69 495 468 
392 329 437 
400 216 327 
468 231 442 
215 138 248 
139 359 318 
14 24 226 
379 316 14 
47 406 184 
49 111 443 
81 289 16 
302 370 487 
351 459 44 
252 124 494 
127 176 161 
43 222 408 
265 199 165 
469 392 76 
361 277 181 
278 415 77 
479 342 373 
266 253 5 
262 347 129 
26 169 127 
396 42 34 
298 184 81 
257 370 274 
82 75 336 
343 147 475 
310 292 315 
398 204 350 
485 312 171 
416 209 432 
106 55 299 
18 379 118 
200 291 118 
32 425 461 
233 396 36 
54 12 277 
346 324 274 
47 27 223 
325 169 163 
463 66 444 
102 332 20 
1 332 183 
79 179 411 
156 130 302 
112 315 70 
312 316 76 
278 209 483 
115 131 118 
478 24 54 
410 26 49 
273 386 422 
438 363 275 
15 409 203 
411 180 375 
355 172 84 
126 56 421 
406 159 486 
243 44 333 
283 151 241 
327 269 483 
385 126 43 
354 308 61 
81 18 458 
460 244 181 
458 406 489 
328 18 127 
39 245 475 
73 360 375 
291 373 37 
240 391 98 
138 39 32 
383 125 11 
390 327 123 
213 39 375 
405 466 58 
163 24 217 
495 293 408 
481 499 215 
336 401 126 
403 302 266 
185 90 39 
74 55 111 
57 326 288 
135 173 160 
264 142 134 
298 415 99 
331 199 209 
248 362 364 
357 317 465 
122 491 368 
321 144 235 
43 126 52 
162 323 357 
187 211 364 
143 451 123 
89 315 192 
378 354 384 
442 14 485 
281 391 430 
291 248 185 
252 12 406 
191 32 433 
476 261 41 
58 285 486 
227 399 392 
258 167 101 
277 81 438 
396 65 299 
460 131 181 
194 242 493 
141 189 456 
453 493 443 
84 28 265 
174 192 40 
443 86 11 
245 242 329 
39 314 255 
244 248 201 
379 428 321 
331 231 64 
139 450 287 
264 306 249 
231 439 324 
432 277 485 
147 266 169 
331 471 312 
471 445 53 
171 453 450 
467 125 157 
163 111 468 
2 98 116 
216 132 273 
448 20 131 
280 0 253 
395 416 346 
143 46 347 
425 5 351 
433 452 164 
224 371 304 
351 53 303 
332 150 22 
228 275 90 
142 329 349 
285 181 274 
23 35 221 
246 161 156 
266 248 422 
272 224 32 
147 46 11 
487 386 405 
473 4 231 
2 436 225 
144 151 230 
138 68 220 
185 412 414 
389 429 187 
484 248 322 
14 372 397 
364 488 348 
204 470 485 
326 162 378 
322 115 400 
386 354 320 
128 376 418 
479 102 344 
163 144 429 
200 119 296 
119 169 90 
147 132 468 
229 362 214 
277 374 4 
297 443 69 
394 366 178 
178 363 74 
391 379 129 
394 449 495 
430 341 37 
459 111 482 
151 496 406 
84 208 125 
385 281 5 
181 415 67 
50 86 275 
378 456 19 
488 411 353 
431 2 413 
264 255 423 
434 418 409 
150 397 81 
316 410 23 
236 489 485 
424 293 108 
127 192 433 
287 322 308 
343 139 83 
460 412 9 
126 78 338 
24 0 360 
365 439 237 
270 170 437 
159 84 316 
150 142 260 
53 284 393 
313 401 54 
394 295 290 
302 337 73 
72 234 317 
149 34 6 
392 456 207 
120 33 363 
250 336 55 
430 311 467 
300 288 46 
468 333 492 
290 118 481 
295 496 470 
450 42 163 
212 383 403 
496 60 140 
75 427 120 
420 272 213 
297 69 134 
226 280 235 
272 390 450 
14 406 56 
327 6 205 
42 268 85 
26 308 96 
260 439 445 
219 108 84 
383 207 451 
472 240 231 
451 193 381 
185 211 425 
435 51 365 
22 274 114 
401 476 170 
255 75 255 
298 435 404 
22 495 491 
283 190 205 
329 243 139 
230 195 453 
77 379 298 
212 275 357 
330 221 170 
221 393 42 
48 159 97 
399 244 466 
16 319 163 
404 203 401 
137 442 79 
110 418 131 
428 160 311 
250 459 74 
244 242 120 
115 337 249 
150 97 14 
485 83 326 
28 456 119 
489 182 356 
376 427 189 
422 139 178 
372 251 224 
316 287 44 
257 229 178 
336 297 142 
322 374 27 
34 414 409 
481 235 473 
255 240 298 
216 209 394 
341 229 205 
487 465 406 
355 36 212 
161 54 399 
53 409 247 
260 367 11 
323 198 209 
114 222 406 
379 201 405 
335 58 440 
237 148 354 
98 258 354 
301 123 334 
207 128 80 
488 257 474 
176 333 190 
121 402 22 
70 150 305 
224 339 401 
141 280 57 
61 447 487 
131 102 489 
222 36 156 
491 184 347 
333 438 353 
55 184 443 
132 347 285 
61 421 495 
161 32 472 
351 478 489 
461 172 352 
300 228 462 
6 132 453 
150 420 447 
94 97 227 
474 470 81 
372 11 479 
162 442 470 
269 206 402 
265 196 39 
125 249 415 
294 21 427 
202 50 106 
456 99 454 
388 374 335 
252 305 291 
228 43 92 
79 430 136 
241 418 245 
45 213 331 
146 463 71 
433 156 198 
373 397 451 
39 177 69 
48 218 375 
100 27 206 
64 115 56 
394 421 108 
46 45 482 
269 51 98 
322 287 246 
383 296 97 
230 192 205 
177 15 445 
360 267 427 
36 275 158 
39 164 19 
236 433 316 
136 277 102 
264 332 227 
381 92 150 
164 138 170 
43 277 38 
428 63 280 
496 135 122 
370 13 398 
379 320 277 
221 427 219 
169 403 339 
334 110 482 
199 192 468 
459 291 203 
88 348 148 
57 56 115 
68 57 52 
126 180 434 
486 75 367 
81 63 311 
7 224 286 
14 7 156 
154 139 268 
291 432 319 
358 55 411 
219 24 204 
311 467 417 
101 142 149 
365 291 410 
388 46 181 
373 171 72 
271 434 381 
369 46 147 
66 135 470 
104 64 183 
268 80 109 
479 124 9 
62 240 462 
466 461 98 
204 244 239 
202 332 405 
480 269 476 
437 116 35 
284 492 80 
127 343 334 
35 139 355 
189 415 396 
431 460 39 
391 127 1 
238 138 319 
45 397 470 
259 373 59 
63 339 53 
4 191 175 
77 385 57 
316 36 126 
24 435 212 
304 120 402 
497 242 360 
153 270 211 
462 314 437 
231 158 170 
448 492 386 
428 176 360 
327 343 267 
148 64 167 
487 47 164 
205 113 25 
330 26 212 
211 493 166 
237 134 214 
58 216 96 
462 20 375 
210 81 98 
327 47 113 
415 277 150 
41 438 418 
301 69 296 
282 470 363 
1 120 166 
444 14 103 
240 373 115 
450 180 294 
321 276 62 
316 183 138 
211 139 327 
51 31 295 
99 187 432 
108 404 361 
342 318 324 
394 252 47 
292 234 284 
111 398 134 
183 358 445 
241 172 436 
177 413 51 
359 255 57 
14 147 207 
172 236 170 
198 413 490 
464 431 38 
252 400 260 
321 380 401 
321 309 233 
466 305 102 
303 133 342 
283 75 140 
296 12 12 
320 214 26 
325 437 310 
135 470 280 
222 464 177 
333 495 121 
53 219 217 
435 211 86 
197 433 144 
206 152 402 
340 325 462 
243 260 63 
92 301 440 
35 254 437 
257 299 180 
216 329 125 
172 68 114 
56 489 152 
271 498 168 
456 319 51 
72 24 332 
212 404 354 
296 43 60 
353 424 451 
28 45 412 
28 63 149 
79 267 440 
372 480 213 
323 191 427 
146 382 154 
151 273 362 
18 213 156 
194 474 261 
13 204 197 
469 84 132 
411 447 432 
437 205 424 
433 330 40 
471 269 450 
338 474 210 
232 443 65 
284 318 79 
70 284 205 
134 278 320 
23 402 487 
60 381 273 
369 290 164 
338 202 14 
90 273 158 
260 301 447 
32 2 129 
264 441 379 
492 464 87 
414 284 218 
493 485 316 
432 266 310 
239 261 299 
207 282 100 
347 334 169 
49 178 148 
426 34 266 
286 453 312 
86 99 48 
134 4 69 
475 114 103 
144 321 27 
126 457 235 
190 21 259 
24 157 297 
137 230 231 
463 210 455 
349 438 35 
329 251 93 
303 98 299 
361 281 295 
195 55 148 
472 442 268 
475 44 220 
218 437 347 
375 390 338 
393 295 28 
85 465 270 
93 163 148 
270 494 496 
173 107 275 
10 495 204 
19 125 458 
2 190 103 
382 340 387 
29 325 391 
265 295 175 
358 366 323 
241 455 404 
15 443 264 
40 125 123 
156 144 12 
32 213 124 
105 123 292 
178 41 82 
465 432 409 
479 397 99 
207 356 107 
117 424 97 
138 310 219 
77 345 416 
295 494 248 
450 291 133 
247 497 449 
491 137 355 
384 495 127 
436 382 313 
69 2 222 
174 278 232 
337 238 295 
123 476 363 
109 146 86 
104 392 480 
459 458 417 
92 303 438 
236 193 94 
342 111 120 
418 170 86 
395 84 88 
147 476 301 
340 464 275 
456 236 117 
377 81 479 
24 294 368 
212 227 470 
291 152 291 
296 170 346 
83 27 341 
420 221 251 
481 275 271 
304 325 350 
7 327 157 
96 316 198 
484 44 487 
360 242 495 
445 138 96 
241 108 249 
248 412 30 
343 138 250 
110 13 121 
413 425 490 
193 278 101 
357 193 24 
50 400 316 
31 483 447 
209 69 88 
273 131 497 
125 366 348 
67 177 233 
334 439 389 
277 232 366 
201 32 232 
103 166 47 
14 103 103 
276 492 316 
418 73 205 
56 415 11 
379 199 350 
477 394 335 
21 288 380 
393 14 407 
383 212 120 
202 170 452 
14 416 386 
213 68 418 
170 207 433 
368 130 40 
58 411 53 
1 237 69 
202 101 199 
366 225 202 
0 151 112 
70 357 229 
252 71 444 
103 27 99 
416 310 343 
44 180 335 
60 268 493 
458 440 201 
488 278 128 
380 307 192 
436 27 496 
362 496 189 
176 261 182 
402 1 423 
391 385 135 
107 249 47 
70 138 471 
248 349 268 
141 124 36 
24 276 400 
363 269 94 
284 14 194 
171 147 477 
434 51 354 
29 337 144 
477 422 266 
20 383 133 
425 168 493 
261 36 52 
