1000
3
135 211 194 
318 20 19 
316 126 173 
454 42 43 
253 162 111 
234 144 280 
38 50 1 
242 367 119 
113 476 58 
149 122 186 
39 27 344 
220 245 187 
176 157 343 
202 194 487 
97 394 105 
343 463 136 
182 273 409 
380 313 46 
259 400 14 
118 224 189 
384 54 363 
61 96 294 
85 271 85 
309 62 389 
311 57 438 
463 154 55 
252 157 377 
288 379 318 
364 314 141 
489 408 130 
450 469 470 
470 217 202 
336 81 162 
472 435 174 
116 94 468 
374 390 428 
406 104 301 
121 341 187 
212 476 419 
309 481 91 
401 491 296 
255 381 290 
54 467 374 
264 388 171 
367 88 142 
210 197 136 
75 491 428 
312 39 293 
18 456 449 
454 361 7 
166 350 163 
88 130 374 
184 383 38 
271 31 476 
384 89 348 
207 216 208 
286 496 335 
490 297 239 
186 409 424 
436 168 364 
311 296 193 
401 308 388 
457 289 283 
172 177 496 
50 493 376 
221 183 384 
393 253 339 
277 429 408 
208 391 405 
276 299 223 
251 186 487 
353 246 485 
414 372 127 
334 399 389 
294 370 121 
282 118 34 
47 350 278 
28 179 485 
353 260 346 
402 25 358 
347 204 452 
96 16 405 
216 313 202 
16 282 496 
231 411 314 
70 375 301 
273 274 396 
73 367 342 
464 422 479 
412 474 184 
314 77 92 
368 253 387 
11 137 24 
441 436 411 
137 162 316 
281 216 263 
120 212 357 
247 71 498 
327 427 116 
249 272 499 
412 479 415 
330 321 3 
5 281 482 
15 26 343 
212 419 184 
386 49 79 
438 182 479 
136 2 203 
11 287 463 
90 473 409 
306 285 109 
469 9 203 
36 77 425 
419 289 113 
313 240 161 
158 147 139 
142 385 217 
7 393 300 
144 97 409 
362 95 247 
325 180 443 
422 484 417 
20 336 355 
398 495 181 
27 463 66 
147 469 497 
258 237 284 
476 188 237 
139 74 348 
189 288 291 
86 251 337 
404 282 105 
17 447 343 
69 467 101 
125 159 28 
383 185 253 
487 155 326 
220 194 59 
393 156 115 
12 276 106 
21 8 345 
266 85 386 
327 172 369 
344 383 216 
480 475 193 
194 173 423 
121 469 310 
382 473 140 
125 318 157 
433 170 119 
210 310 455 
267 452 475 
117 26 490 
442 40 331 
52 8 279 
112 169 56 
77 490 11 
385 364 224 
285 453 72 
70 255 52 
84 143 189 
24 146 96 
222 246 25 
372 488 263 
209 228 281 
59 78 396 
264 122 332 
264 487 17 
91 134 453 
23 468 42 
344 232 217 
472 405 52 
443 77 456 
129 445 395 
299 191 60 
439 147 9 
77 171 102 
473 327 414 
492 126 396 
464 441 138 
379 210 264 
386 205 157 
130 170 321 
480 249 133 
272 1 297 
130 397 373 
302 495 222 
484 76 219 
26 255 131 
327 360 294 
413 26 360 
258 175 265 
8 59 41 
478 480 312 
215 280 456 
144 457 144 
393 25 425 
224 260 216 
28 242 67 
347 371 413 
89 411 250 
383 484 3 
364 34 21 
358 76 124 
193 393 299 
170 392 148 
367 397 16 
403 429 205 
391 451 460 
192 476 479 
485 428 348 
400 494 105 
98 180 71 
32 42 334 
289 468 300 
172 164 146 
359 227 339 
154 257 136 
34 466 494 
8 411 15 
5 417 29 
451 24 309 
243 88 99 
197 154 132 
221 458 431 
454 67 220 
268 269 62 
287 317 257 
224 435 95 
130 426 221 
237 217 65 
480 375 174 
23 314 112 
176 233 306 
299 377 356 
276 142 50 
200 457 460 
303 394 113 
166 23 293 
116 453 486 
284 388 434 
492 56 85 
430 354 348 
202 237 269 
123 444 251 
492 109 426 
414 432 155 
239 423 270 
25 369 180 
408 273 327 
87 205 422 
274 318 30 
191 353 151 
91 54 319 
262 396 106 
26 417 360 
385 309 304 
220 47 267 
219 345 260 
179 221 496 
220 257 386 
111 313 3 
218 209 341 
485 93 392 
155 475 303 
331 105 320 
134 354 376 
412 30 86 
36 432 53 
170 251 383 
160 208 229 
237 278 46 
65 238 148 
152 107 161 
425 122 333 
119 309 35 
473 127 390 
374 462 389 
474 62 247 
411 184 37 
310 312 5 
326 120 103 
271 239 334 
485 410 478 
444 3 459 
156 206 118 
190 45 1 
330 276 15 
491 94 95 
332 439 454 
286 203 156 
355 396 43 
246 396 60 
361 344 374 
427 209 308 
45 143 203 
412 210 148 
475 9 313 
217 169 95 
40 65 373 
461 483 384 
296 59 280 
74 288 358 
39 342 349 
151 446 283 
316 232 254 
36 274 436 
301 322 314 
310 341 17 
217 258 219 
120 463 320 
413 321 11 
42 494 105 
103 24 340 
44 458 15 
228 134 339 
487 322 487 
98 462 404 
284 311 375 
300 479 355 
251 358 364 
11 184 305 
346 456 296 
123 107 370 
217 175 115 
25 15 294 
388 93 498 
314 495 258 
458 255 155 
276 365 376 
72 50 28 
419 461 46 
22 21 111 
489 90 17 
315 75 60 
401 323 129 
129 150 374 
128 396 72 
221 127 388 
25 113 79 
79 213 32 
303 147 244 
316 110 261 
323 207 139 
417 437 241 
20 378 245 
280 444 343 
405 331 291 
453 287 89 
449 80 372 
36 330 289 
173 178 365 
30 138 140 
292 34 435 
379 128 431 
54 237 239 
70 223 49 
94 86 119 
426 398 178 
460 478 87 
293 314 470 
279 328 390 
23 172 467 
264 121 193 
292 171 215 
488 209 386 
51 398 177 
331 202 364 
343 95 5 
141 434 357 
273 73 241 
416 441 472 
167 499 330 
146 107 360 
311 283 415 
45 127 398 
107 159 476 
195 178 78 
109 246 432 
83 212 116 
262 241 126 
208 30 389 
92 219 163 
369 25 384 
382 212 282 
356 284 96 
458 7 217 
126 302 208 
221 179 148 
295 90 81 
493 35 333 
180 300 276 
6 499 216 
3 67 274 
197 401 224 
269 446 454 
490 441 64 
498 315 443 
463 483 199 
151 88 175 
81 262 73 
206 459 111 
324 144 47 
36 247 327 
279 308 317 
375 77 51 
236 211 274 
46 339 384 
405 382 422 
274 455 248 
312 215 92 
329 269 49 
125 464 314 
0 118 209 
279 33 292 
327 387 114 
29 6 151 
53 191 317 
57 325 254 
54 11 24 
265 380 173 
299 497 364 
12 232 34 
445 217 10 
499 138 110 
116 97 1 
48 391 408 
445 75 206 
358 221 298 
448 380 340 
166 141 470 
402 455 362 
395 233 126 
435 423 130 
470 47 486 
318 486 259 
379 40 36 
109 385 93 
108 397 425 
23 472 401 
429 288 460 
24 81 127 
33 393 133 
213 347 142 
35 362 425 
433 183 139 
18 464 205 
475 342 221 
454 122 498 
77 135 390 
389 109 495 
314 419 83 
135 86 168 
71 1 248 
411 414 31 
120 153 20 
486 383 422 
54 171 119 
103 271 409 
224 313 56 
449 182 149 
463 288 446 
109 449 167 
487 48 209 
245 290 126 
221 130 391 
151 331 119 
359 279 113 
342 122 78 
74 243 338 
157 197 418 
3 133 256 
97 311 89 
330 82 390 
240 146 118 
130 217 432 
468 240 327 
467 141 275 
27 265 493 
22 376 286 
121 214 163 
87 59 378 
485 12 494 
6 191 82 
51 224 65 
131 453 385 
3 451 114 
13 0 392 
102 314 396 
270 133 34 
85 16 185 
270 342 460 
146 98 281 
58 491 463 
119 193 10 
203 79 471 
352 103 147 
99 407 233 
223 356 400 
13 64 224 
401 315 148 
100 64 350 
306 339 490 
47 316 183 
280 274 422 
339 224 170 
309 59 324 
60 336 258 
423 156 315 
450 169 24 
409 75 42 
400 39 293 
114 280 495 
496 328 86 
283 494 477 
70 174 168 
148 306 216 
259 121 475 
387 209 223 
147 166 428 
287 215 334 
131 383 53 
395 368 135 
138 293 467 
27 429 122 
68 209 376 
205 100 419 
481 255 445 
370 178 133 
285 466 201 
266 466 27 
306 184 292 
316 70 183 
32 254 214 
169 340 372 
70 20 484 
190 260 122 
243 140 434 
408 336 177 
279 235 300 
293 90 139 
457 445 100 
445 330 322 
420 481 142 
117 470 221 
103 281 397 
254 59 298 
178 65 289 
387 9 69 
410 401 447 
71 460 163 
7 62 77 
85 290 127 
189 140 226 
498 89 443 
78 219 60 
53 20 11 
428 299 414 
338 174 69 
311 202 459 
53 357 55 
203 129 270 
231 81 227 
320 72 369 
190 144 457 
2 391 432 
58 103 386 
81 0 48 
103 399 357 
50 149 382 
300 193 339 
19 426 7 
102 150 18 
337 263 358 
62 54 141 
471 151 136 
150 254 138 
108 432 316 
169 474 131 
238 367 357 
432 481 419 
37 401 387 
80 478 462 
280 230 178 
60 144 148 
156 428 401 
388 8 89 
213 199 243 
483 63 138 
95 16 371 
434 280 301 
405 3 241 
308 206 361 
426 254 309 
440 100 48 
129 366 12 
16 24 139 
13 350 113 
277 28 180 
484 222 290 
48 166 308 
245 76 72 
247 117 60 
84 442 146 
481 494 391 
374 101 402 
241 140 108 
112 85 120 
238 438 325 
235 451 490 
430 452 324 
370 348 89 
382 313 252 
452 221 404 
481 441 196 
295 216 341 
281 107 163 
453 213 439 
62 365 453 
495 42 372 
230 73 197 
285 483 160 
42 336 259 
248 249 231 
131 103 448 
329 406 350 
267 448 390 
147 122 139 
46 111 405 
67 391 41 
131 8 416 
34 96 56 
91 344 466 
15 213 441 
436 117 390 
246 146 249 
111 197 480 
304 385 16 
341 179 139 
319 347 202 
0 60 250 
437 482 232 
79 221 111 
346 293 364 
350 389 174 
355 366 222 
383 424 48 
363 186 364 
326 184 324 
351 289 236 
104 383 275 
80 10 284 
302 279 194 
225 486 478 
353 101 142 
419 102 100 
439 438 403 
84 392 444 
69 153 421 
360 219 61 
115 361 35 
458 182 89 
452 353 72 
179 4 208 
446 471 84 
368 424 240 
398 133 360 
61 367 68 
100 25 311 
302 390 196 
178 263 202 
2 365 366 
472 486 14 
97 378 113 
53 333 281 
242 229 134 
148 102 423 
313 295 334 
277 408 447 
280 22 496 
457 27 390 
155 349 247 
142 448 392 
248 54 206 
347 224 147 
285 185 175 
128 296 339 
447 408 309 
178 290 127 
480 389 204 
447 159 146 
251 401 19 
72 124 73 
435 479 199 
99 245 364 
292 136 179 
116 138 413 
204 268 387 
14 401 370 
465 172 92 
291 290 413 
158 185 490 
469 281 232 
162 415 228 
90 127 276 
39 275 170 
301 347 191 
75 196 368 
391 240 109 
388 312 330 
36 200 176 
68 273 309 
453 253 457 
67 336 228 
219 58 367 
395 116 22 
120 249 201 
131 322 13 
202 315 77 
80 132 2 
26 323 39 
428 329 461 
207 285 116 
471 297 127 
325 419 115 
438 359 381 
200 352 337 
137 473 448 
305 353 241 
240 281 438 
0 220 481 
86 353 108 
85 197 30 
82 276 326 
409 255 102 
430 57 143 
14 91 141 
199 169 126 
485 29 400 
387 99 209 
236 38 409 
114 389 368 
347 344 212 
477 91 483 
78 176 125 
41 475 385 
57 38 360 
329 280 285 
257 257 48 
304 6 78 
147 193 493 
361 399 455 
326 316 87 
448 335 147 
318 492 275 
294 426 396 
289 128 124 
82 437 305 
327 41 63 
81 287 93 
481 40 165 
15 93 250 
281 120 31 
244 239 328 
205 253 298 
206 385 280 
291 164 147 
139 106 272 
208 485 296 
234 275 170 
62 65 400 
155 209 229 
327 17 31 
448 326 142 
322 60 295 
331 12 449 
345 74 344 
184 146 63 
23 319 263 
138 370 206 
232 177 288 
59 74 364 
72 302 219 
259 195 383 
466 203 420 
284 312 112 
300 16 59 
187 373 302 
197 487 154 
80 252 380 
377 267 146 
136 334 448 
348 131 380 
34 362 222 
195 331 466 
295 493 80 
480 347 37 
312 478 496 
198 497 304 
376 24 183 
269 351 278 
327 370 65 
52 320 351 
479 71 137 
375 424 11 
49 51 350 
434 21 224 
339 324 148 
420 197 451 
221 80 472 
288 239 424 
455 67 9 
147 116 421 
238 285 66 
164 190 407 
77 173 156 
182 3 189 
349 488 413 
457 309 240 
174 168 134 
268 301 167 
404 438 467 
458 257 169 
411 258 362 
123 58 283 
467 16 207 
499 161 409 
91 280 281 
162 131 59 
442 137 178 
182 8 9 
271 281 299 
43 320 46 
434 45 0 
366 89 429 
16 332 371 
193 352 365 
27 405 454 
66 341 76 
440 479 88 
133 182 232 
31 406 148 
86 444 119 
290 479 58 
218 487 51 
255 195 411 
192 414 456 
419 185 344 
262 300 371 
466 406 36 
104 35 42 
170 378 131 
484 142 101 
498 254 472 
205 228 281 
222 182 7 
161 373 201 
84 1 349 
384 384 280 
468 359 494 
259 48 260 
401 161 270 
76 440 2 
112 442 482 
464 220 368 
432 369 31 
334 354 274 
344 293 121 
172 129 401 
484 267 200 
266 227 459 
15 148 313 
358 326 314 
334 364 34 
315 75 133 
232 340 106 
115 457 389 
267 416 81 
171 129 122 
107 154 496 
30 378 477 
163 171 285 
287 129 77 
105 41 113 
275 189 26 
362 57 297 
346 178 462 
320 296 259 
93 416 83 
224 355 475 
52 351 327 
498 306 271 
258 115 39 
137 138 188 
283 313 486 
212 132 154 
115 371 221 
144 426 409 
447 273 347 
448 233 466 
14 381 387 
325 204 78 
243 328 393 
91 121 194 
357 307 246 
102 461 259 
456 464 29 
397 265 296 
312 91 233 
254 496 119 
269 28 91 
66 74 247 
211 193 79 
285 307 300 
193 472 462 
14 429 492 
113 91 127 
443 225 433 
342 278 39 
190 83 361 
77 187 223 
16 434 385 
210 53 126 
438 258 117 
124 307 286 
358 329 485 
356 119 157 
175 453 120 
12 101 52 
386 112 394 
488 31 87 
317 288 443 
233 211 342 
398 134 486 
265 350 5 
153 285 21 
457 319 215 
24 358 191 
53 382 327 
150 115 308 
254 428 253 
424 244 400 
359 385 185 
142 356 7 
0 412 170 
446 497 311 
241 160 472 
273 494 125 
371 19 332 
366 80 155 
328 404 241 
51 418 214 
437 394 248 
343 412 432 
401 335 146 
10 187 47 
72 89 39 
388 268 79 
494 183 181 
388 58 372 
380 66 265 
371 290 176 
35 36 277 
393 423 291 
49 145 372 
62 185 334 
210 164 19 
153 303 240 
223 105 425 
194 395 224 
338 423 371 
77 80 351 
48 13 247 
296 318 370 
304 230 25 
491 399 458 
144 125 333 
108 146 113 
40 1 103 
250 1 455 
225 98 1 
299 16 333 
80 173 143 
284 370 258 
67 297 311 
277 23 440 
191 308 145 
463 291 309 
212 364 87 
50 245 479 
293 432 32 
99 463 381 
413 438 401 
349 132 104 
298 96 179 
282 393 362 
479 315 27 
43 91 464 
28 282 173 
474 196 280 
