1000
3
40 115 393 
214 282 170 
196 133 314 
438 376 434 
284 190 379 
43 472 290 
262 110 247 
90 103 324 
206 423 117 
62 457 445 
392 453 72 
223 373 461 
305 289 340 
318 171 424 
222 482 0 
424 130 255 
348 280 434 
480 247 40 
42 151 124 
399 317 275 
413 33 241 
416 400 339 
326 423 363 
303 75 136 
152 131 329 
412 63 113 
92 349 218 
345 173 352 
332 358 445 
461 97 99 
197 194 290 
446 15 234 
496 229 44 
390 44 469 
333 335 146 
493 358 203 
343 71 211 
52 294 496 
74 215 165 
423 34 74 
378 347 76 
425 1 200 
243 348 401 
264 270 446 
379 458 185 
411 390 48 
256 218 22 
261 238 234 
340 291 285 
384 39 123 
376 114 346 
144 78 83 
65 362 53 
110 333 439 
72 33 153 
136 481 371 
99 198 264 
272 468 5 
384 285 316 
297 123 71 
266 327 323 
136 121 496 
260 205 11 
245 489 167 
42 476 335 
429 417 195 
376 72 397 
310 41 274 
75 407 487 
202 451 282 
404 292 25 
59 198 93 
307 260 237 
245 322 36 
155 85 267 
290 470 133 
397 80 237 
62 176 155 
183 394 429 
64 209 52 
339 185 483 
348 437 226 
327 13 472 
72 297 349 
24 196 387 
246 108 217 
249 394 358 
375 318 221 
288 239 102 
355 310 304 
239 161 362 
292 104 66 
330 293 388 
35 92 492 
105 136 423 
404 237 495 
10 349 321 
406 59 255 
73 128 210 
213 408 242 
484 334 286 
87 367 94 
11 158 83 
95 334 405 
232 389 464 
479 27 273 
36 467 443 
325 233 279 
26 400 67 
249 201 444 
34 481 52 
326 64 395 
282 355 425 
265 373 177 
6 261 3 
237 431 1 
326 238 498 
364 469 331 
494 320 340 
415 116 286 
344 450 194 
298 113 241 
326 497 495 
367 114 462 
492 435 102 
0 388 309 
377 290 329 
440 153 152 
419 454 47 
274 216 116 
72 300 49 
386 203 48 
265 199 196 
209 254 54 
292 273 215 
263 391 230 
17 425 87 
406 411 78 
367 64 441 
10 116 252 
199 122 143 
310 259 72 
498 60 237 
239 81 50 
392 360 270 
71 191 200 
180 238 38 
94 488 214 
66 145 482 
468 443 247 
190 482 377 
170 205 290 
443 316 214 
153 349 370 
99 314 68 
413 269 406 
488 304 139 
21 145 418 
48 9 435 
393 395 404 
305 53 409 
440 134 467 
94 70 475 
398 216 91 
52 375 333 
243 133 193 
91 360 401 
259 119 303 
67 191 436 
27 474 381 
134 475 195 
320 479 279 
257 438 297 
303 357 430 
483 490 311 
95 290 261 
221 328 156 
433 127 346 
124 228 145 
103 343 228 
434 297 83 
258 338 165 
130 322 342 
250 184 320 
139 376 95 
159 333 205 
400 258 303 
174 438 247 
398 93 225 
360 366 348 
185 333 36 
266 326 417 
165 118 366 
397 259 472 
53 231 315 
188 77 357 
388 46 17 
156 68 187 
328 4 73 
151 200 462 
54 20 151 
225 187 132 
339 392 83 
44 54 105 
182 31 450 
210 120 194 
96 172 485 
337 250 304 
470 44 243 
483 401 128 
295 424 13 
285 145 53 
432 174 97 
442 59 215 
486 272 268 
488 1 494 
3 474 264 
428 151 127 
463 150 103 
163 249 205 
381 426 51 
255 119 433 
113 103 59 
357 238 301 
194 295 271 
72 248 426 
91 47 118 
376 386 266 
76 407 40 
66 294 257 
302 400 58 
414 88 274 
369 390 126 
25 344 44 
169 107 221 
113 120 193 
383 138 284 
357 266 260 
30 177 45 
294 365 240 
319 210 137 
10 100 362 
18 208 317 
483 125 470 
490 359 401 
321 69 175 
46 97 61 
188 228 479 
320 458 174 
233 209 320 
194 399 86 
55 126 30 
363 370 493 
392 497 103 
48 231 94 
424 483 438 
108 454 100 
322 309 379 
495 175 147 
35 445 31 
465 104 167 
288 487 242 
497 105 2 
141 265 7 
204 228 414 
58 47 416 
335 388 132 
267 354 63 
380 231 273 
143 155 225 
268 194 89 
82 120 107 
242 124 356 
378 310 156 
178 9 318 
85 316 13 
370 314 446 
5 232 384 
445 321 322 
121 178 239 
112 381 213 
170 381 59 
128 35 280 
302 176 313 
42 199 44 
198 51 274 
401 256 207 
27 82 470 
240 258 448 
351 102 281 
418 109 158 
391 400 327 
364 223 169 
74 423 198 
491 418 83 
228 226 109 
116 90 346 
69 341 494 
344 451 368 
462 59 249 
37 166 244 
387 262 344 
163 102 382 
281 453 58 
321 154 160 
350 9 54 
74 487 487 
247 414 162 
377 165 83 
115 225 238 
127 435 158 
425 330 62 
310 426 405 
278 13 358 
417 160 421 
188 276 288 
4 495 206 
304 366 204 
469 310 255 
172 389 0 
121 288 228 
65 443 85 
154 130 92 
330 319 135 
279 473 462 
303 244 134 
154 432 307 
255 391 80 
400 489 168 
38 299 468 
9 96 146 
146 333 252 
330 490 409 
479 375 317 
111 470 369 
23 266 157 
52 198 458 
403 218 343 
94 123 309 
186 47 472 
28 249 190 
204 103 186 
42 100 47 
126 155 440 
411 449 273 
38 118 231 
266 60 210 
26 61 387 
243 31 349 
12 49 411 
456 238 446 
114 38 483 
344 155 387 
215 79 166 
12 15 4 
196 456 75 
179 474 226 
9 107 152 
147 195 236 
270 313 448 
156 492 229 
44 427 491 
207 383 377 
4 73 427 
438 421 232 
298 335 88 
468 425 68 
75 393 484 
298 274 178 
52 322 352 
490 103 203 
9 450 488 
349 205 322 
322 71 183 
64 11 488 
109 31 213 
14 247 45 
61 452 47 
457 93 219 
75 189 183 
52 82 131 
133 248 278 
102 160 20 
420 344 197 
168 235 423 
311 404 474 
429 58 287 
371 8 302 
4 229 49 
187 286 239 
57 205 411 
320 22 81 
165 195 121 
231 482 207 
43 28 70 
159 354 387 
355 89 54 
331 165 450 
45 132 196 
170 84 315 
135 429 316 
298 339 353 
174 169 177 
60 379 210 
241 455 488 
446 368 377 
122 464 113 
433 269 270 
60 323 119 
216 67 441 
264 89 475 
287 317 180 
63 198 370 
99 496 190 
18 99 149 
251 487 181 
34 156 6 
73 421 371 
156 461 296 
369 266 101 
86 159 443 
425 464 96 
293 325 452 
58 104 68 
266 395 115 
440 268 236 
223 43 476 
88 154 15 
316 107 53 
216 285 146 
163 31 425 
328 278 127 
152 172 95 
288 358 326 
378 31 12 
380 156 272 
296 357 134 
305 302 85 
379 349 89 
36 182 325 
248 17 229 
2 179 351 
186 322 14 
275 32 93 
0 37 350 
118 224 193 
276 296 157 
483 195 467 
137 70 276 
330 205 410 
157 114 79 
306 96 259 
209 16 425 
187 122 92 
475 253 491 
424 74 375 
124 279 472 
215 376 213 
265 392 51 
397 250 233 
268 178 231 
136 264 260 
429 497 14 
277 296 98 
472 285 268 
415 379 14 
259 31 151 
8 275 257 
49 400 346 
413 198 345 
28 367 181 
264 448 127 
246 185 52 
452 48 75 
218 143 404 
305 204 147 
351 384 105 
313 425 409 
241 434 496 
219 424 190 
465 310 286 
382 270 171 
448 67 385 
328 19 456 
41 268 17 
377 71 148 
354 181 108 
345 464 171 
254 299 167 
239 28 7 
108 39 72 
168 265 21 
236 104 263 
387 373 401 
260 210 177 
128 32 349 
496 10 63 
110 281 102 
383 199 442 
200 5 375 
138 388 387 
16 395 383 
437 248 382 
426 388 20 
343 280 307 
485 245 254 
251 31 182 
263 406 133 
488 47 156 
286 350 393 
413 166 450 
164 467 172 
175 327 52 
96 10 362 
405 334 177 
173 131 398 
205 255 157 
115 131 24 
347 314 371 
391 234 240 
308 435 310 
204 387 266 
357 12 414 
12 24 412 
93 127 485 
133 53 336 
204 147 461 
446 303 289 
270 315 123 
186 74 274 
368 5 494 
452 401 490 
126 44 172 
380 406 331 
17 388 182 
450 483 116 
478 221 327 
382 140 228 
98 376 428 
361 469 304 
58 337 324 
452 283 322 
368 291 242 
71 370 436 
94 390 18 
305 374 430 
33 277 4 
376 403 142 
171 256 260 
273 51 162 
466 116 251 
380 480 298 
195 28 30 
496 236 162 
430 416 470 
230 67 478 
261 268 493 
50 403 165 
429 168 181 
199 310 432 
173 418 153 
78 137 134 
137 23 99 
325 68 351 
144 321 351 
91 346 319 
393 275 398 
111 240 384 
220 148 260 
322 83 161 
408 49 473 
441 38 119 
327 160 175 
395 297 463 
61 86 430 
82 343 402 
327 190 479 
172 206 456 
34 194 5 
133 484 163 
129 409 374 
299 383 28 
26 314 330 
77 267 498 
159 0 102 
360 133 2 
340 493 155 
445 134 282 
89 351 483 
366 416 185 
182 44 263 
235 80 75 
403 465 200 
467 41 346 
422 123 347 
482 170 62 
58 123 164 
159 336 373 
121 291 78 
431 51 490 
28 98 401 
190 92 380 
58 325 29 
481 29 179 
285 458 171 
259 207 208 
413 26 196 
77 41 426 
56 354 216 
434 106 296 
382 115 253 
241 337 246 
489 308 367 
133 81 53 
220 393 134 
214 457 498 
306 210 176 
398 8 243 
28 364 237 
449 236 140 
449 15 244 
361 199 306 
415 379 125 
178 257 163 
364 447 386 
265 368 445 
204 188 112 
327 298 174 
234 474 57 
282 103 224 
284 63 38 
24 28 211 
406 482 127 
38 249 206 
175 46 336 
313 117 271 
122 308 235 
392 202 285 
128 180 209 
214 472 436 
64 301 381 
298 318 450 
76 323 82 
35 364 146 
265 17 496 
263 471 317 
188 136 269 
298 228 171 
394 331 65 
390 306 426 
25 441 349 
246 309 233 
97 38 442 
339 440 2 
66 451 480 
291 53 338 
8 185 84 
331 392 484 
241 445 254 
357 445 463 
45 474 288 
99 407 97 
383 473 54 
495 456 4 
139 308 474 
313 491 347 
282 471 119 
263 283 232 
440 222 320 
438 389 139 
273 236 217 
71 468 288 
405 356 241 
401 190 237 
216 409 315 
487 323 52 
142 378 248 
430 193 305 
357 11 417 
291 319 58 
207 21 384 
31 127 100 
327 73 395 
437 11 433 
132 410 475 
392 400 269 
257 273 380 
227 285 138 
340 389 409 
149 270 459 
471 96 64 
459 219 418 
67 382 459 
117 241 78 
97 77 442 
355 405 471 
82 444 185 
63 318 243 
149 116 434 
77 163 441 
208 299 156 
181 128 45 
209 85 185 
165 126 14 
339 245 349 
366 253 199 
414 31 57 
170 442 115 
152 345 66 
60 254 280 
120 312 395 
415 114 233 
488 263 238 
474 440 388 
2 274 417 
77 480 483 
440 100 146 
452 310 409 
217 108 81 
74 407 145 
404 305 159 
380 207 106 
329 80 66 
77 71 23 
268 288 476 
438 480 185 
492 488 53 
302 9 277 
408 123 169 
182 294 425 
384 453 416 
122 269 75 
51 332 240 
429 432 119 
480 119 19 
420 108 86 
218 83 44 
330 285 210 
110 132 158 
190 106 357 
155 447 464 
318 10 90 
221 168 227 
135 73 150 
25 45 415 
107 207 24 
338 226 217 
138 157 192 
452 163 371 
227 430 172 
413 61 231 
456 301 9 
430 116 315 
336 449 388 
307 497 17 
175 122 457 
136 14 266 
325 348 422 
242 94 457 
278 318 323 
36 304 293 
291 159 11 
493 34 105 
486 36 346 
7 74 5 
58 296 97 
385 359 339 
187 328 128 
31 383 291 
68 281 303 
137 112 94 
405 303 322 
31 476 105 
12 66 147 
459 290 417 
286 436 55 
379 20 327 
100 84 186 
284 467 299 
204 361 87 
187 129 398 
369 237 393 
142 279 6 
376 109 329 
269 135 128 
220 325 243 
309 186 56 
66 144 17 
203 112 305 
246 278 251 
7 178 308 
412 118 31 
54 259 459 
380 285 335 
102 163 190 
254 240 33 
305 286 38 
245 453 396 
185 257 135 
452 489 328 
166 87 202 
385 356 165 
482 38 428 
27 245 159 
60 128 481 
191 489 336 
35 15 393 
58 484 386 
281 491 17 
348 385 100 
446 6 490 
192 277 156 
155 400 16 
286 7 156 
96 151 254 
151 405 164 
210 221 199 
441 274 329 
331 89 208 
333 436 26 
65 484 342 
352 490 142 
237 188 392 
280 345 459 
123 368 269 
1 152 354 
109 364 178 
1 187 468 
432 75 415 
356 110 351 
75 424 478 
61 191 170 
402 245 484 
456 119 402 
96 432 192 
82 191 4 
273 342 153 
77 243 336 
188 242 499 
69 252 421 
251 90 245 
313 405 250 
14 220 154 
233 201 277 
138 265 71 
483 271 278 
438 156 31 
161 276 304 
267 406 468 
298 494 334 
33 173 88 
120 215 321 
369 432 103 
189 22 170 
297 425 443 
466 437 381 
126 304 499 
85 464 167 
232 433 173 
155 115 424 
38 291 248 
124 0 407 
296 240 404 
199 178 459 
143 360 247 
434 375 452 
369 93 375 
12 1 44 
200 92 191 
399 457 79 
35 277 419 
116 471 490 
406 225 161 
159 315 202 
235 127 132 
212 340 484 
49 184 277 
450 337 158 
45 192 312 
318 407 60 
292 326 135 
131 484 324 
452 234 52 
276 97 445 
433 425 206 
24 320 472 
302 137 66 
357 411 447 
400 258 90 
181 80 68 
410 250 80 
468 232 173 
222 424 197 
497 469 314 
12 91 56 
90 366 197 
285 401 296 
211 130 144 
28 261 160 
60 133 475 
468 404 21 
466 443 86 
108 396 332 
459 263 359 
130 217 287 
167 385 126 
429 497 11 
427 139 97 
260 32 177 
12 309 344 
161 287 135 
466 24 415 
228 42 439 
402 284 305 
139 284 257 
155 241 199 
267 399 397 
57 380 34 
54 107 417 
442 216 232 
60 263 342 
340 238 359 
115 451 78 
405 320 358 
451 156 439 
48 236 374 
379 218 108 
293 276 133 
453 431 22 
330 253 238 
358 24 111 
267 233 194 
300 206 334 
372 144 208 
71 444 152 
13 200 86 
122 317 192 
221 93 135 
152 325 183 
60 134 61 
91 163 103 
353 452 281 
421 66 466 
440 489 463 
283 313 221 
81 165 435 
405 291 214 
264 388 194 
161 194 354 
180 209 226 
42 80 368 
25 195 99 
110 461 247 
131 140 89 
323 436 472 
421 493 467 
223 111 448 
23 122 446 
420 323 386 
269 206 399 
483 230 359 
23 228 361 
253 390 385 
439 310 493 
449 388 142 
275 152 421 
11 132 417 
256 416 218 
386 101 47 
212 245 41 
300 310 85 
2 444 395 
446 383 443 
386 478 360 
386 44 450 
61 212 135 
121 283 248 
68 108 292 
329 211 296 
184 110 243 
449 329 164 
445 127 460 
258 211 327 
370 391 98 
447 362 152 
61 191 74 
127 125 437 
161 411 337 
12 31 242 
11 278 23 
112 314 427 
294 446 204 
422 410 340 
191 391 439 
183 423 34 
338 407 415 
36 436 145 
365 243 25 
1 273 85 
66 300 82 
