1000
3
334 74 34 
313 491 211 
410 150 150 
330 175 496 
354 422 71 
161 222 261 
223 257 233 
400 148 231 
95 66 294 
186 45 102 
238 444 268 
343 180 2 
213 7 314 
265 320 348 
477 43 439 
92 274 480 
205 241 60 
387 473 120 
172 430 185 
334 233 229 
497 460 72 
491 178 329 
433 194 3 
240 296 494 
399 376 378 
400 99 71 
475 481 291 
106 425 20 
397 187 228 
362 227 402 
434 413 75 
362 166 480 
356 308 420 
162 359 125 
283 41 320 
429 140 260 
323 337 174 
449 251 222 
116 413 387 
60 499 85 
64 117 133 
246 255 60 
3 353 483 
102 314 473 
215 384 95 
314 338 499 
60 435 244 
124 116 352 
430 200 466 
238 221 356 
157 365 472 
223 449 275 
68 261 53 
495 351 437 
279 313 85 
239 132 234 
17 415 413 
163 340 409 
171 150 411 
365 30 258 
360 151 62 
89 116 5 
123 253 392 
31 128 498 
326 484 118 
354 426 371 
183 403 438 
239 317 311 
276 275 217 
295 299 303 
234 54 304 
297 143 0 
491 30 14 
487 130 360 
146 498 10 
303 468 353 
258 107 430 
286 341 485 
385 293 8 
388 397 396 
196 76 183 
341 374 242 
498 332 254 
302 171 245 
5 440 404 
160 151 163 
449 293 49 
13 251 471 
493 161 160 
61 264 370 
399 143 173 
32 144 155 
124 249 185 
44 92 386 
366 185 214 
405 359 282 
252 159 156 
455 127 419 
61 214 234 
165 419 24 
479 326 415 
481 403 73 
475 2 70 
31 19 443 
1 268 51 
308 37 82 
118 93 421 
235 354 435 
128 150 171 
387 116 487 
118 466 423 
416 390 19 
412 129 173 
292 162 188 
320 251 234 
254 133 249 
495 106 429 
426 135 167 
175 124 140 
42 480 151 
496 246 17 
290 275 479 
250 179 324 
275 433 453 
115 152 28 
207 354 152 
60 98 130 
198 452 131 
277 60 406 
459 178 6 
105 324 482 
335 135 80 
282 217 129 
267 286 263 
77 494 420 
290 388 291 
374 284 486 
391 487 461 
359 10 300 
85 140 479 
100 336 103 
243 36 144 
328 282 133 
304 290 9 
90 446 270 
70 91 403 
374 339 293 
244 349 441 
45 477 275 
405 11 343 
361 284 272 
458 187 57 
385 263 458 
193 257 325 
101 459 113 
419 487 454 
18 103 192 
362 311 467 
58 247 462 
472 42 442 
426 132 40 
27 200 377 
72 116 478 
296 287 31 
76 196 138 
315 6 450 
405 281 275 
66 345 378 
409 274 220 
330 381 251 
482 483 306 
402 26 188 
166 212 222 
346 449 445 
308 64 399 
88 169 239 
61 72 476 
480 472 280 
445 214 42 
99 212 198 
233 386 234 
142 198 496 
179 386 203 
389 129 57 
294 484 92 
255 170 458 
139 305 475 
328 108 15 
210 404 188 
402 3 396 
186 50 316 
221 70 249 
279 395 226 
238 3 106 
489 206 280 
280 88 225 
93 75 438 
359 171 110 
160 253 141 
275 10 290 
395 209 285 
190 296 84 
406 138 236 
473 384 79 
358 108 358 
42 439 414 
332 145 472 
36 52 304 
398 374 340 
318 65 301 
136 330 330 
320 134 103 
462 422 395 
420 301 148 
160 494 360 
255 113 24 
79 240 195 
228 479 408 
208 255 419 
425 86 400 
310 406 116 
106 297 155 
89 273 495 
0 343 38 
439 204 479 
471 109 75 
333 451 198 
360 70 150 
377 341 310 
374 479 338 
376 96 67 
293 248 462 
375 453 113 
259 477 386 
124 414 365 
115 285 101 
440 27 193 
33 389 422 
181 178 232 
257 250 352 
269 361 182 
428 70 316 
71 391 441 
326 419 242 
229 187 113 
303 40 227 
318 296 219 
228 227 324 
310 180 163 
384 274 14 
17 284 353 
230 318 236 
446 289 21 
167 422 463 
379 301 435 
173 118 473 
175 383 201 
421 332 370 
351 18 268 
452 349 153 
53 344 405 
108 468 186 
154 127 282 
173 2 283 
431 303 440 
313 350 118 
191 224 474 
303 131 179 
217 81 295 
234 232 117 
411 32 275 
129 120 11 
313 440 390 
374 39 255 
91 239 2 
454 243 249 
380 59 408 
19 390 192 
411 11 380 
312 476 324 
469 219 448 
418 417 171 
329 205 17 
160 104 320 
466 349 454 
187 362 193 
164 482 48 
11 314 336 
259 293 182 
469 250 469 
303 235 31 
451 49 47 
395 431 52 
82 407 127 
138 310 213 
229 369 416 
144 499 58 
491 357 300 
311 454 395 
30 220 468 
24 58 215 
261 91 160 
33 318 205 
145 209 322 
139 332 368 
147 401 496 
395 352 203 
268 306 77 
65 260 425 
373 184 96 
297 97 448 
67 36 213 
437 426 282 
464 203 365 
261 201 246 
103 332 280 
290 325 240 
204 496 80 
183 327 98 
180 63 25 
70 178 188 
335 439 310 
482 263 171 
106 486 456 
221 274 338 
331 279 188 
56 145 344 
402 192 157 
493 272 147 
294 353 340 
445 146 428 
412 334 183 
244 321 353 
43 55 167 
41 371 286 
130 82 212 
431 404 404 
105 199 73 
499 425 45 
267 240 370 
378 120 127 
112 270 14 
90 16 145 
306 65 205 
125 157 104 
324 384 31 
208 12 397 
370 349 292 
190 391 94 
54 457 29 
62 166 230 
467 302 175 
457 153 393 
218 181 467 
423 317 192 
244 103 363 
466 297 300 
363 125 458 
327 339 471 
192 432 422 
364 162 214 
262 419 434 
44 219 240 
204 51 471 
287 200 230 
87 308 241 
450 102 391 
310 110 477 
288 145 282 
474 129 152 
176 439 471 
279 356 235 
293 313 23 
101 223 323 
319 53 201 
247 198 91 
186 10 264 
487 288 228 
138 482 361 
110 461 44 
267 362 36 
19 265 163 
132 17 434 
64 266 379 
7 122 30 
100 213 334 
435 329 25 
14 2 166 
230 176 445 
190 261 1 
65 405 126 
311 259 268 
498 166 265 
91 261 154 
241 430 396 
70 24 137 
13 114 229 
377 222 342 
483 252 327 
418 201 418 
143 278 426 
54 107 475 
466 260 367 
141 280 1 
193 325 236 
226 324 106 
372 151 467 
91 320 479 
172 208 140 
360 404 146 
256 236 371 
446 279 159 
0 350 215 
141 291 47 
372 217 412 
59 459 127 
373 427 315 
95 28 157 
117 67 83 
239 293 163 
181 351 29 
93 370 252 
365 335 310 
468 280 246 
22 208 166 
44 96 257 
439 26 91 
371 81 392 
304 339 194 
185 180 391 
74 421 182 
107 364 458 
479 424 379 
175 485 388 
319 58 149 
245 178 404 
395 98 235 
445 197 92 
157 351 139 
438 93 249 
82 153 6 
61 210 4 
473 421 267 
227 142 74 
349 267 262 
287 4 188 
163 5 223 
88 210 13 
359 29 284 
196 361 262 
397 228 114 
48 438 91 
347 427 373 
143 13 496 
470 109 129 
477 384 476 
242 239 451 
79 349 29 
414 223 386 
203 62 58 
37 47 258 
400 343 172 
445 172 216 
131 78 89 
185 71 431 
155 131 282 
150 181 123 
2 287 56 
365 166 166 
209 397 276 
186 126 493 
477 113 110 
197 457 160 
112 68 290 
182 9 144 
20 228 113 
486 65 230 
33 187 155 
62 179 35 
271 51 397 
321 326 469 
159 111 203 
228 395 313 
152 295 374 
288 302 280 
333 154 132 
81 431 417 
227 269 278 
75 16 426 
22 363 7 
283 233 109 
141 115 253 
213 446 205 
325 50 360 
181 102 325 
444 208 335 
433 458 348 
268 233 168 
48 83 315 
216 460 13 
429 3 260 
439 313 371 
335 142 89 
242 398 357 
113 281 99 
122 373 43 
54 161 355 
494 151 368 
463 200 150 
232 386 496 
331 333 164 
236 297 181 
70 402 334 
219 56 255 
409 64 169 
400 85 43 
305 361 182 
89 272 193 
351 128 141 
399 87 93 
104 2 144 
225 138 232 
401 225 311 
349 168 222 
371 196 473 
200 222 352 
322 92 237 
368 349 153 
115 145 131 
203 40 68 
75 206 298 
240 135 306 
169 419 219 
377 385 53 
176 223 456 
219 291 363 
97 169 403 
166 101 493 
253 239 204 
452 296 186 
216 164 154 
111 379 46 
55 452 211 
259 80 151 
331 109 495 
330 236 490 
497 351 413 
387 488 232 
5 40 260 
397 180 262 
446 5 441 
71 425 36 
115 154 257 
458 134 278 
357 278 285 
393 380 409 
263 369 313 
138 287 235 
424 372 484 
425 89 90 
158 49 24 
447 47 281 
423 381 427 
150 317 281 
375 317 387 
437 208 125 
429 55 204 
362 57 414 
354 36 268 
170 64 163 
28 281 494 
107 379 205 
414 241 259 
210 86 301 
98 160 282 
344 396 434 
71 425 143 
182 409 391 
119 97 482 
342 264 443 
188 99 117 
84 421 235 
435 154 17 
441 51 483 
53 367 265 
379 431 274 
282 252 243 
58 253 166 
421 185 402 
334 12 282 
131 54 71 
441 1 438 
67 86 79 
191 10 475 
370 260 215 
465 30 40 
182 457 260 
335 479 371 
337 468 311 
392 374 8 
15 78 54 
436 482 241 
158 3 310 
211 52 451 
231 443 225 
34 40 346 
108 76 463 
31 14 359 
479 369 424 
236 337 304 
4 413 48 
309 69 285 
274 35 46 
471 341 466 
310 107 234 
479 6 327 
265 270 300 
350 34 81 
109 135 444 
238 233 157 
37 201 478 
84 366 400 
283 368 453 
166 376 497 
173 7 92 
378 201 101 
190 92 122 
314 278 367 
350 310 211 
101 322 400 
222 179 420 
378 462 361 
338 37 13 
213 100 383 
192 371 112 
163 447 473 
269 319 486 
409 9 213 
109 394 277 
236 470 28 
407 215 252 
387 294 220 
470 331 171 
363 67 333 
343 266 346 
20 418 173 
239 299 446 
91 233 187 
412 179 322 
117 213 381 
496 284 137 
265 18 301 
219 307 40 
188 77 366 
92 164 102 
406 67 72 
169 381 35 
309 248 185 
159 460 295 
216 280 128 
239 138 23 
205 288 156 
250 460 275 
494 332 447 
365 230 17 
21 153 405 
129 15 7 
275 92 446 
7 271 36 
101 409 465 
172 0 396 
207 147 331 
311 11 477 
361 190 195 
488 228 2 
276 369 13 
71 393 362 
389 272 332 
218 339 211 
175 489 219 
322 433 70 
264 238 160 
150 86 374 
210 498 155 
172 296 209 
103 424 87 
374 247 274 
79 161 486 
259 171 472 
152 368 382 
164 372 303 
348 418 361 
234 364 473 
82 206 478 
34 203 84 
42 156 208 
204 155 74 
420 160 23 
98 342 136 
496 119 476 
197 272 483 
222 387 270 
15 379 140 
384 93 219 
418 334 1 
260 140 69 
488 367 18 
157 253 255 
39 433 409 
70 160 72 
339 271 144 
77 121 399 
246 416 246 
149 364 460 
416 94 154 
30 162 239 
159 440 496 
388 176 280 
68 233 117 
488 262 36 
275 258 303 
106 123 116 
366 165 333 
277 302 155 
438 96 480 
481 51 479 
94 123 288 
321 394 407 
236 148 67 
169 199 241 
330 405 491 
194 216 149 
35 234 450 
322 344 473 
393 391 165 
467 252 497 
41 107 45 
401 384 442 
6 164 358 
298 498 212 
434 284 399 
393 210 452 
69 255 13 
51 217 88 
326 141 56 
170 99 123 
109 298 354 
340 142 152 
19 412 394 
439 313 248 
484 469 96 
457 347 348 
320 409 195 
457 487 339 
7 402 443 
292 206 102 
302 374 453 
420 316 22 
54 357 277 
78 487 436 
301 404 342 
293 314 211 
425 363 143 
272 146 138 
86 162 433 
211 215 490 
477 403 148 
277 453 232 
447 223 201 
44 198 270 
26 107 175 
90 171 176 
403 367 393 
76 354 253 
334 187 258 
303 406 273 
303 220 418 
440 231 43 
478 340 206 
221 306 84 
342 350 26 
277 450 392 
180 137 181 
285 243 88 
490 45 366 
259 167 15 
134 295 343 
124 208 50 
100 42 463 
465 437 316 
206 253 465 
243 307 368 
99 180 341 
92 387 465 
64 452 1 
458 423 223 
316 370 497 
300 9 164 
292 488 471 
340 256 64 
249 338 257 
52 315 477 
333 325 369 
297 73 30 
380 119 274 
178 223 55 
12 178 355 
60 95 58 
136 252 42 
359 424 134 
97 63 77 
265 146 197 
76 399 412 
320 328 228 
261 315 266 
226 75 68 
251 341 322 
397 291 320 
492 8 461 
138 18 179 
235 460 390 
204 238 256 
138 91 191 
7 285 190 
401 235 1 
298 119 7 
266 404 381 
350 193 339 
55 191 297 
50 30 376 
315 414 392 
253 352 193 
147 39 185 
306 394 499 
142 381 311 
9 181 356 
201 414 447 
83 462 101 
352 237 425 
197 328 164 
223 9 121 
403 79 435 
337 4 268 
187 378 80 
295 244 297 
462 131 59 
476 232 326 
375 330 498 
293 238 457 
367 471 178 
307 2 42 
414 194 56 
364 488 67 
151 230 382 
158 54 351 
173 429 346 
236 310 106 
271 223 425 
135 0 162 
441 97 16 
2 486 109 
72 78 109 
152 425 2 
233 325 264 
168 379 157 
247 74 384 
242 35 106 
331 193 232 
380 150 283 
324 58 123 
79 12 458 
164 470 226 
68 164 140 
431 427 425 
35 261 127 
443 114 424 
24 223 236 
423 294 273 
463 16 249 
120 40 60 
221 195 29 
96 295 13 
147 444 202 
275 9 242 
425 198 297 
252 466 496 
114 40 401 
267 240 256 
179 253 376 
358 90 32 
264 350 241 
325 116 128 
197 249 22 
182 76 344 
220 93 393 
290 20 76 
397 349 448 
168 361 212 
76 28 98 
325 194 343 
446 397 222 
404 168 358 
79 271 52 
8 321 312 
9 481 153 
336 371 418 
474 64 141 
114 62 135 
340 133 158 
218 406 311 
311 90 247 
81 142 145 
438 481 367 
289 72 225 
379 162 137 
141 99 225 
468 378 449 
450 5 272 
305 307 434 
404 49 401 
64 123 39 
36 460 94 
120 205 290 
298 292 135 
64 65 55 
372 29 96 
111 365 158 
433 416 397 
382 221 480 
300 418 403 
377 327 210 
179 100 465 
484 125 13 
23 32 354 
493 241 314 
296 4 330 
444 459 177 
210 417 461 
407 273 187 
328 297 447 
194 423 478 
410 355 477 
168 280 304 
142 95 29 
325 263 219 
398 296 290 
299 480 434 
101 308 476 
251 96 350 
489 493 94 
109 468 480 
164 204 328 
108 244 79 
9 5 468 
280 222 348 
300 210 251 
60 415 409 
323 200 354 
49 94 123 
11 353 251 
362 205 227 
370 346 217 
128 48 387 
268 331 365 
121 436 435 
210 382 118 
249 375 108 
438 175 413 
357 311 99 
133 101 342 
469 314 233 
120 453 329 
226 15 132 
50 48 182 
50 240 153 
67 184 221 
230 106 433 
119 169 288 
439 223 334 
419 472 417 
164 76 440 
134 291 499 
284 22 481 
98 106 225 
302 141 412 
145 245 118 
15 31 20 
321 234 327 
227 121 287 
241 474 422 
334 148 206 
170 432 251 
458 386 307 
177 387 290 
465 43 457 
53 418 88 
433 320 389 
480 257 134 
243 321 402 
245 318 340 
