1000
3
264 397 487 
247 260 109 
355 337 421 
307 84 71 
414 400 383 
470 486 303 
370 342 36 
134 151 194 
456 76 58 
136 338 416 
91 168 448 
274 77 153 
236 97 4 
72 336 62 
154 498 209 
77 186 32 
140 435 25 
134 427 179 
21 5 257 
265 340 74 
449 283 202 
205 285 454 
342 106 336 
243 91 120 
48 357 490 
156 450 289 
403 101 212 
260 376 290 
66 471 94 
3 458 399 
171 322 437 
151 59 290 
126 277 28 
323 133 471 
180 314 230 
32 317 258 
65 378 123 
432 402 413 
310 143 311 
290 0 5 
73 379 291 
255 364 96 
408 268 139 
442 283 30 
139 119 315 
53 233 102 
390 204 94 
34 122 285 
119 287 24 
149 414 116 
409 166 72 
44 331 479 
303 96 54 
154 252 170 
112 412 409 
181 404 9 
341 56 226 
306 276 464 
420 317 210 
242 253 80 
197 406 359 
279 474 175 
336 400 18 
216 365 57 
146 209 430 
201 453 395 
43 259 342 
169 109 68 
29 380 234 
195 375 98 
165 240 346 
139 13 295 
204 476 285 
72 433 301 
274 400 432 
91 46 1 
413 215 436 
498 485 106 
310 202 43 
222 146 268 
459 286 34 
325 294 387 
103 70 253 
350 227 233 
371 174 499 
91 30 438 
444 0 114 
276 384 222 
492 243 181 
347 366 431 
45 455 273 
299 269 287 
237 414 32 
77 97 35 
25 324 157 
299 378 87 
472 25 27 
470 140 294 
89 308 206 
239 255 325 
440 365 76 
80 189 372 
261 490 175 
408 474 19 
240 408 140 
181 247 204 
393 103 15 
378 428 266 
310 469 276 
0 96 316 
420 202 39 
422 225 132 
23 318 292 
481 187 77 
184 29 231 
52 135 220 
477 253 165 
131 178 434 
126 450 250 
462 218 297 
56 239 215 
376 9 37 
318 19 132 
109 170 298 
491 398 86 
174 196 353 
127 341 439 
91 311 196 
277 297 429 
312 202 171 
497 103 301 
315 481 485 
196 498 493 
11 3 1 
108 439 229 
353 208 82 
18 99 440 
284 100 432 
441 266 405 
338 414 469 
87 350 146 
366 455 174 
145 82 400 
53 332 350 
264 93 345 
25 397 292 
458 378 130 
124 221 296 
53 270 333 
348 493 54 
21 122 453 
462 242 295 
455 236 104 
135 451 250 
485 464 372 
465 470 477 
281 330 215 
345 374 226 
6 199 414 
184 254 354 
325 465 129 
377 371 115 
483 46 168 
159 389 80 
199 390 434 
460 381 215 
39 465 151 
499 469 200 
9 410 96 
19 35 326 
495 240 77 
122 67 427 
174 409 399 
450 390 301 
97 25 461 
115 418 250 
197 121 207 
298 424 464 
303 330 91 
343 231 470 
147 84 454 
119 362 254 
414 456 42 
357 16 419 
373 239 379 
390 245 303 
380 263 236 
48 30 132 
356 275 189 
51 200 370 
262 106 39 
383 193 91 
411 424 331 
344 79 493 
344 166 302 
148 308 439 
55 145 182 
250 196 291 
2 243 475 
438 224 332 
437 471 461 
160 367 181 
390 47 132 
478 126 491 
129 435 317 
82 320 177 
155 472 18 
233 103 256 
323 159 104 
202 236 272 
38 236 121 
105 341 260 
75 128 408 
11 142 294 
274 160 451 
478 57 303 
303 78 137 
92 331 432 
482 403 385 
424 382 151 
157 233 172 
280 57 357 
166 434 171 
227 255 228 
444 32 139 
481 118 122 
499 102 127 
458 37 285 
46 156 117 
234 344 341 
48 213 300 
181 494 99 
295 315 439 
298 18 214 
430 453 346 
485 426 56 
326 363 130 
370 385 70 
424 325 63 
91 199 63 
494 79 305 
435 370 160 
432 198 77 
454 325 268 
97 393 303 
234 24 325 
126 51 391 
37 344 300 
4 13 470 
205 317 459 
140 334 482 
46 398 2 
46 162 142 
248 419 351 
247 308 464 
124 413 100 
359 52 476 
272 436 341 
60 491 297 
293 46 317 
470 326 312 
255 300 257 
430 323 354 
164 45 321 
207 453 366 
165 347 476 
416 290 142 
189 96 488 
231 421 298 
32 430 288 
72 373 400 
471 411 223 
225 381 114 
296 308 256 
295 470 411 
34 289 33 
217 139 364 
137 445 236 
357 335 214 
163 189 117 
477 58 218 
437 444 330 
181 418 308 
26 233 50 
41 476 273 
90 54 88 
105 194 224 
343 457 284 
453 55 344 
14 174 154 
67 441 458 
288 457 229 
289 308 134 
410 469 371 
148 321 168 
339 64 41 
192 435 354 
97 282 231 
131 19 212 
24 152 18 
262 366 215 
413 259 246 
471 393 409 
319 498 74 
104 469 347 
429 23 390 
42 440 398 
396 79 379 
380 203 46 
299 57 228 
465 162 196 
148 85 272 
458 440 48 
185 206 485 
237 463 274 
443 149 362 
388 471 160 
262 411 279 
300 234 209 
55 370 160 
273 358 177 
389 130 278 
213 199 182 
493 43 200 
461 221 391 
95 426 83 
106 215 44 
291 339 268 
447 148 326 
263 27 136 
299 248 262 
495 485 471 
89 190 83 
296 43 50 
481 188 210 
331 432 198 
236 51 55 
166 55 7 
349 293 7 
142 133 162 
324 412 297 
429 351 15 
396 91 68 
362 411 306 
370 179 153 
11 348 275 
348 114 485 
251 160 261 
89 170 420 
250 265 134 
196 423 357 
185 480 303 
316 373 487 
479 417 420 
137 450 102 
283 100 163 
321 273 243 
222 216 276 
164 154 369 
32 310 106 
95 27 75 
346 97 378 
36 317 137 
499 29 369 
222 199 41 
403 115 255 
385 314 307 
250 405 51 
209 78 339 
243 196 305 
185 425 21 
63 247 2 
282 215 10 
127 403 486 
124 350 476 
183 215 86 
393 358 273 
9 219 336 
298 39 292 
449 66 205 
322 201 27 
312 469 243 
116 161 290 
32 400 402 
133 89 348 
171 303 153 
251 266 225 
297 440 416 
345 365 135 
406 486 372 
297 193 283 
209 318 250 
33 30 141 
13 178 121 
347 189 87 
450 70 146 
19 495 45 
135 150 52 
473 107 484 
400 90 327 
114 164 279 
9 475 387 
217 476 452 
154 315 216 
262 359 59 
449 454 5 
257 52 179 
231 317 334 
249 10 428 
194 105 185 
268 350 44 
208 109 14 
169 401 431 
301 143 144 
401 232 98 
69 65 429 
245 112 414 
265 93 312 
136 482 496 
17 210 401 
268 464 274 
267 473 222 
358 355 438 
458 150 117 
485 379 320 
490 381 114 
95 445 164 
393 469 308 
207 226 176 
160 237 362 
415 139 89 
70 454 308 
464 351 475 
318 334 358 
473 353 286 
356 443 434 
244 432 111 
190 184 168 
381 247 441 
321 318 303 
335 252 442 
374 416 85 
13 338 237 
474 407 166 
385 189 352 
312 486 371 
295 444 103 
290 251 19 
203 103 499 
297 437 45 
182 83 91 
449 127 228 
284 335 352 
19 120 269 
147 230 122 
371 11 411 
38 172 255 
412 306 45 
20 156 343 
431 190 393 
261 147 353 
169 39 306 
87 51 106 
427 161 430 
194 289 259 
220 206 369 
97 205 376 
438 168 222 
21 307 103 
266 396 3 
222 241 442 
289 449 208 
257 122 230 
53 62 289 
270 240 394 
249 213 398 
209 174 408 
54 423 209 
157 34 255 
74 78 313 
92 9 217 
239 480 149 
332 305 309 
126 295 463 
152 409 17 
312 216 278 
120 450 199 
442 491 191 
320 51 87 
84 413 209 
491 380 349 
234 48 432 
495 294 484 
403 345 362 
99 161 431 
159 288 186 
28 184 350 
214 96 121 
26 459 465 
126 250 287 
3 295 76 
315 454 214 
121 445 394 
416 366 70 
239 121 249 
215 465 232 
389 463 75 
474 171 495 
455 83 29 
163 253 490 
29 397 213 
31 159 354 
492 396 296 
12 455 439 
463 451 442 
340 178 13 
164 102 218 
3 404 101 
372 409 45 
232 388 402 
80 57 348 
16 286 242 
95 310 377 
305 333 2 
68 36 21 
393 155 447 
53 127 233 
163 178 324 
376 345 37 
376 202 20 
167 200 118 
273 393 281 
83 61 271 
295 499 185 
342 250 477 
165 230 173 
368 469 283 
145 19 270 
292 289 37 
90 17 192 
402 164 298 
214 416 66 
17 84 384 
149 325 192 
490 223 202 
390 496 412 
121 22 147 
95 363 475 
304 127 110 
103 101 387 
57 316 484 
27 41 399 
461 26 82 
426 117 440 
468 241 100 
292 27 193 
487 308 97 
160 59 233 
22 152 198 
326 59 188 
471 244 20 
130 150 73 
276 464 198 
415 68 141 
238 132 48 
147 247 267 
165 371 276 
9 4 40 
493 246 300 
253 94 168 
447 495 76 
167 343 93 
382 322 120 
0 393 241 
18 17 34 
300 204 205 
178 273 29 
115 4 439 
428 370 292 
115 480 31 
148 247 97 
445 251 270 
369 0 109 
150 315 475 
296 274 417 
456 138 108 
406 271 198 
394 370 110 
146 194 307 
36 164 88 
198 412 295 
417 299 317 
280 297 411 
89 50 445 
154 314 11 
180 300 329 
498 485 97 
470 105 126 
137 305 89 
175 208 476 
205 52 163 
281 228 217 
480 112 191 
454 412 198 
227 72 229 
1 68 431 
372 312 318 
497 321 113 
417 128 14 
98 188 364 
7 202 160 
344 255 418 
404 475 252 
105 41 43 
117 320 378 
226 249 50 
129 185 192 
416 253 310 
474 453 77 
329 4 290 
196 247 300 
293 388 92 
217 71 492 
491 367 280 
324 388 81 
23 284 7 
240 99 377 
423 405 123 
429 467 496 
53 6 328 
292 149 337 
203 114 473 
457 419 397 
76 215 166 
209 14 119 
431 429 203 
348 327 431 
360 284 320 
18 287 208 
311 395 177 
455 42 349 
183 243 376 
43 411 224 
114 433 425 
396 82 494 
22 495 325 
324 248 324 
90 203 192 
367 266 208 
333 287 405 
43 262 32 
371 116 88 
53 38 138 
250 311 44 
458 326 10 
481 246 209 
222 369 315 
458 318 300 
10 431 385 
270 7 425 
41 294 232 
256 33 326 
280 344 44 
130 227 478 
320 222 139 
6 382 334 
241 390 331 
369 6 244 
331 54 458 
262 162 320 
310 275 492 
303 74 225 
407 56 481 
42 216 166 
474 416 123 
100 313 419 
132 161 23 
121 26 194 
452 460 111 
50 117 120 
499 131 473 
79 226 29 
421 299 61 
69 469 456 
205 212 379 
428 14 86 
351 427 123 
190 92 31 
164 8 69 
61 374 230 
496 142 258 
232 137 441 
292 442 241 
466 63 57 
418 392 118 
199 226 32 
83 199 138 
8 460 425 
164 219 107 
110 286 266 
63 61 128 
311 217 98 
434 369 346 
148 106 317 
481 271 260 
348 473 295 
451 75 473 
152 21 116 
392 95 288 
366 122 333 
3 336 327 
59 228 483 
456 386 15 
315 323 154 
265 40 4 
91 380 334 
276 304 422 
234 401 216 
22 88 296 
414 50 351 
434 208 423 
436 146 92 
143 75 473 
140 317 138 
200 409 216 
152 275 203 
261 3 304 
298 435 263 
194 369 365 
392 103 176 
199 378 133 
489 179 204 
176 157 319 
14 462 468 
107 412 205 
331 92 144 
343 313 412 
411 412 118 
122 397 420 
256 191 264 
416 152 19 
20 234 437 
158 177 337 
28 82 60 
486 489 454 
443 450 461 
245 57 174 
73 277 114 
6 27 280 
105 111 168 
399 12 182 
434 307 264 
489 475 457 
63 116 203 
138 446 170 
140 181 48 
459 12 48 
226 138 101 
330 404 188 
384 347 10 
336 359 6 
424 130 70 
433 371 106 
93 131 458 
118 193 286 
476 293 156 
153 136 135 
295 343 399 
142 47 426 
397 367 235 
272 189 274 
474 128 475 
76 397 362 
400 118 420 
33 177 439 
38 422 297 
267 26 433 
149 368 126 
223 325 463 
419 3 333 
99 172 63 
13 177 436 
160 419 167 
277 459 84 
160 315 2 
122 323 486 
377 41 480 
250 182 212 
312 125 177 
171 100 195 
254 191 123 
241 485 198 
37 194 106 
134 389 224 
430 221 85 
356 219 16 
497 22 149 
172 245 475 
75 337 275 
140 247 158 
397 141 210 
373 345 39 
88 253 47 
360 492 362 
260 221 49 
182 59 200 
223 418 198 
60 5 111 
224 54 257 
184 283 216 
343 317 78 
285 375 341 
467 459 185 
93 358 165 
215 233 481 
244 226 256 
128 110 375 
318 170 10 
369 270 40 
307 427 180 
126 331 259 
76 491 280 
43 333 202 
396 157 391 
134 18 161 
148 292 133 
311 49 76 
28 278 346 
445 39 325 
252 166 374 
350 399 209 
39 57 64 
85 466 447 
267 189 42 
254 54 312 
467 286 395 
16 140 278 
385 285 371 
365 167 7 
483 157 133 
160 106 442 
292 176 371 
95 384 275 
239 146 244 
454 321 242 
30 335 376 
49 318 414 
258 457 323 
17 494 40 
157 495 222 
9 181 121 
399 206 330 
127 235 35 
225 270 322 
305 428 459 
445 67 40 
415 488 255 
25 90 201 
406 47 419 
198 406 32 
366 344 173 
178 1 439 
118 154 469 
455 236 270 
245 268 347 
367 349 154 
95 152 120 
463 103 496 
428 231 443 
82 307 115 
92 232 168 
370 461 321 
20 64 323 
181 472 428 
417 259 368 
233 257 109 
344 185 144 
60 467 119 
170 379 12 
183 151 123 
350 300 493 
161 421 430 
37 276 447 
382 241 309 
374 272 424 
445 99 332 
406 50 263 
348 204 270 
451 414 100 
37 313 77 
2 159 183 
134 93 459 
92 490 445 
266 301 287 
151 499 275 
269 268 195 
394 162 84 
22 320 229 
5 498 344 
496 260 492 
48 345 315 
77 266 241 
241 149 495 
485 357 252 
475 361 230 
39 473 214 
441 402 446 
250 435 316 
369 231 401 
195 466 163 
426 498 81 
172 104 357 
300 104 133 
469 276 447 
237 9 75 
264 189 293 
70 283 322 
221 158 229 
116 358 99 
431 235 465 
370 316 467 
77 476 176 
36 400 435 
428 380 309 
331 344 394 
493 111 290 
257 233 188 
204 229 284 
327 439 415 
346 122 331 
438 453 463 
474 18 495 
97 99 319 
289 253 265 
231 103 350 
369 262 441 
47 77 153 
190 0 381 
221 280 387 
140 415 161 
333 148 476 
454 286 195 
49 69 411 
160 297 136 
330 146 357 
265 295 328 
2 476 69 
205 14 358 
433 495 366 
264 36 323 
492 36 365 
259 32 76 
225 208 265 
347 343 51 
338 270 216 
448 51 376 
320 135 178 
343 247 3 
219 416 310 
384 320 285 
158 169 411 
373 414 303 
470 104 238 
33 376 349 
181 380 413 
447 217 331 
121 440 39 
305 271 145 
84 119 245 
35 474 170 
307 34 123 
453 380 357 
292 416 410 
409 65 225 
322 79 273 
360 28 221 
76 486 81 
9 480 258 
399 211 332 
217 47 124 
426 156 359 
184 253 64 
22 208 391 
414 463 88 
484 121 470 
21 482 297 
486 215 462 
258 198 35 
61 314 47 
464 372 84 
414 244 258 
414 68 265 
443 394 162 
446 166 253 
179 68 181 
181 489 275 
397 165 471 
406 157 495 
78 366 196 
397 184 328 
