1000
3
145 57 127 
188 225 40 
476 352 47 
387 9 187 
271 485 283 
452 463 438 
486 377 5 
3 179 322 
403 147 228 
164 300 360 
393 268 373 
354 345 30 
241 416 476 
186 467 260 
444 394 363 
59 36 8 
156 110 140 
0 309 377 
297 349 174 
76 404 336 
302 449 374 
105 399 435 
480 14 350 
129 432 20 
238 246 416 
432 108 129 
410 36 225 
277 441 158 
100 359 364 
338 54 305 
49 257 76 
423 338 56 
44 153 380 
176 457 251 
228 108 377 
30 339 478 
180 104 212 
23 55 367 
82 485 375 
391 117 118 
69 285 91 
363 187 297 
120 464 97 
332 73 56 
485 279 175 
402 40 275 
268 462 471 
474 436 169 
47 108 329 
323 153 491 
115 39 209 
369 292 470 
338 387 25 
338 92 440 
376 95 158 
396 350 51 
379 227 138 
197 264 322 
63 112 291 
68 288 322 
259 414 96 
329 292 117 
213 443 258 
110 317 398 
130 228 471 
355 469 94 
76 194 102 
344 12 136 
243 364 344 
29 328 298 
262 449 384 
1 161 151 
188 497 335 
204 222 209 
15 475 479 
245 156 253 
413 494 418 
456 121 191 
335 385 329 
289 53 71 
25 187 214 
332 352 54 
229 174 390 
360 241 418 
482 144 372 
85 179 75 
90 353 415 
407 432 177 
51 48 348 
213 461 183 
59 103 484 
211 2 78 
464 215 86 
477 210 275 
467 162 427 
203 320 297 
413 374 29 
427 130 45 
165 284 450 
235 432 253 
451 288 449 
136 416 246 
34 477 151 
348 245 493 
348 22 241 
78 220 15 
154 87 495 
210 158 232 
474 84 270 
369 104 363 
297 43 340 
188 424 64 
401 447 496 
156 250 235 
277 321 24 
205 351 360 
98 247 23 
414 467 122 
491 194 476 
57 271 238 
359 433 441 
333 467 9 
48 347 26 
263 386 347 
436 146 147 
22 346 176 
462 174 404 
447 59 11 
7 211 402 
170 223 471 
480 212 49 
373 67 309 
309 473 153 
198 236 330 
82 54 185 
36 195 396 
206 110 184 
10 486 332 
165 73 257 
389 490 353 
376 90 476 
85 303 331 
291 89 305 
152 86 252 
232 296 78 
249 490 438 
96 442 80 
212 379 58 
73 193 6 
425 462 344 
242 265 458 
351 87 193 
233 430 150 
43 120 224 
72 310 112 
85 421 419 
6 282 291 
84 315 330 
282 92 416 
330 37 382 
127 483 396 
448 289 85 
287 355 119 
352 498 125 
4 243 286 
4 277 124 
495 106 198 
58 72 3 
161 160 121 
210 472 343 
388 89 470 
239 304 320 
142 176 418 
92 429 135 
69 141 260 
448 45 181 
331 478 461 
197 117 106 
454 63 112 
457 468 174 
272 281 245 
53 412 204 
96 459 460 
136 64 387 
259 123 250 
65 225 183 
153 125 482 
147 289 84 
291 336 98 
51 409 58 
24 219 464 
75 240 303 
465 310 374 
383 288 2 
491 397 237 
58 245 52 
370 69 361 
85 242 343 
425 244 173 
150 160 331 
445 315 431 
308 377 221 
174 150 392 
65 392 406 
353 149 313 
94 495 270 
346 345 148 
477 490 193 
235 213 111 
11 122 479 
63 473 374 
304 379 223 
102 44 107 
463 371 16 
92 306 136 
189 2 465 
272 437 29 
374 53 467 
216 488 248 
430 253 262 
283 120 480 
474 141 317 
491 415 160 
203 179 157 
381 216 309 
457 223 231 
476 390 274 
413 366 362 
100 156 314 
131 283 282 
314 29 291 
43 231 100 
353 405 483 
164 70 398 
353 381 449 
341 439 70 
189 218 457 
166 359 238 
78 261 6 
358 73 181 
326 313 323 
4 7 350 
411 15 220 
5 279 262 
320 353 278 
495 109 31 
27 357 343 
226 369 132 
44 78 380 
347 486 131 
253 455 87 
431 26 495 
185 200 181 
430 189 297 
187 420 427 
405 385 314 
75 146 451 
109 331 359 
118 374 429 
123 120 247 
301 159 233 
300 324 415 
153 235 196 
386 317 242 
408 201 480 
376 354 109 
255 466 28 
1 61 24 
489 434 394 
225 490 82 
434 283 34 
296 338 449 
138 338 322 
46 433 327 
294 51 164 
72 236 217 
470 177 52 
160 468 261 
180 317 244 
466 113 23 
243 483 262 
182 449 428 
312 141 449 
384 63 197 
263 467 321 
295 371 368 
241 499 306 
6 96 8 
79 458 320 
436 488 59 
436 232 180 
266 200 460 
251 310 118 
85 193 321 
71 429 471 
94 218 389 
267 119 494 
142 263 87 
394 169 297 
19 177 45 
434 225 267 
183 21 282 
417 29 103 
431 133 57 
42 153 242 
108 287 41 
428 315 465 
321 331 410 
115 384 458 
348 18 38 
15 11 441 
421 226 197 
182 493 383 
265 54 62 
33 24 416 
143 133 99 
22 235 380 
465 121 284 
196 375 413 
313 398 108 
230 377 242 
428 33 366 
324 145 78 
365 192 64 
295 235 293 
390 294 428 
338 95 73 
168 145 204 
391 90 78 
465 286 207 
124 338 156 
77 283 375 
35 469 390 
452 127 266 
335 450 490 
186 54 412 
434 464 323 
470 139 364 
428 260 71 
377 59 440 
133 325 41 
145 362 358 
177 68 99 
88 103 57 
487 26 48 
116 164 95 
411 346 87 
191 499 218 
469 412 21 
252 113 279 
109 305 375 
295 256 86 
366 455 327 
251 295 461 
41 297 152 
259 196 68 
44 295 182 
451 456 496 
402 125 154 
459 216 492 
233 264 355 
54 190 361 
218 140 242 
113 296 472 
194 499 13 
395 36 294 
253 379 227 
253 428 303 
86 248 288 
141 358 218 
0 421 43 
66 301 304 
369 208 375 
408 292 113 
217 159 221 
67 122 484 
248 47 333 
205 240 490 
204 479 58 
311 305 61 
98 467 266 
371 162 347 
103 347 89 
35 54 109 
381 192 175 
469 402 168 
214 179 120 
382 67 130 
371 472 292 
215 170 205 
401 308 305 
328 133 353 
432 248 157 
255 409 62 
332 248 85 
421 351 340 
65 18 298 
185 120 406 
158 339 361 
93 277 402 
363 173 49 
316 331 200 
138 140 27 
277 8 97 
402 342 9 
341 252 163 
379 325 292 
29 9 306 
472 177 373 
478 301 13 
411 189 437 
305 408 255 
257 192 353 
163 85 42 
231 255 491 
442 220 47 
34 173 229 
272 293 325 
236 281 8 
189 133 96 
140 194 305 
415 120 227 
102 335 379 
474 166 151 
396 162 325 
418 124 86 
66 422 215 
112 380 429 
308 467 95 
290 23 335 
391 286 209 
106 423 413 
399 224 491 
167 184 92 
268 435 129 
22 416 355 
10 75 319 
427 327 127 
392 313 136 
318 378 318 
275 442 220 
398 301 316 
47 198 148 
151 203 331 
140 30 84 
348 344 258 
144 172 332 
159 258 294 
302 4 17 
234 297 455 
220 389 70 
188 282 102 
302 345 35 
415 490 422 
310 343 43 
342 201 345 
89 494 255 
15 291 236 
124 58 263 
381 180 1 
480 385 78 
274 206 91 
363 228 311 
319 324 115 
184 175 413 
466 198 438 
168 403 216 
350 406 334 
306 106 289 
100 60 96 
483 371 192 
196 51 406 
349 12 330 
17 485 184 
53 107 108 
75 274 190 
193 33 221 
162 92 49 
310 247 453 
195 28 403 
379 386 476 
374 334 424 
16 76 416 
454 155 358 
419 7 95 
139 172 54 
163 194 359 
256 319 25 
443 60 18 
76 269 261 
30 360 13 
466 422 159 
101 293 69 
80 487 167 
427 218 322 
305 398 482 
213 307 279 
278 292 257 
151 64 268 
75 386 131 
173 235 319 
258 94 31 
53 39 458 
472 461 152 
178 345 304 
240 320 149 
194 316 467 
260 166 170 
185 50 21 
28 446 22 
210 406 134 
50 210 202 
238 260 273 
104 163 72 
109 241 497 
77 228 106 
244 495 466 
14 402 279 
193 130 181 
183 220 209 
126 324 174 
431 171 332 
184 327 309 
58 343 164 
443 182 93 
130 452 3 
218 110 259 
55 226 76 
454 137 106 
154 44 286 
65 414 333 
342 302 333 
268 3 196 
302 91 449 
457 281 227 
421 376 53 
51 159 166 
234 228 482 
16 1 7 
206 179 270 
55 337 8 
75 81 152 
315 251 238 
3 91 490 
24 156 253 
433 225 65 
407 246 89 
332 444 57 
96 39 42 
18 481 265 
371 306 493 
415 188 57 
399 62 303 
475 416 418 
9 496 108 
341 190 343 
177 342 162 
398 204 215 
428 311 290 
346 8 26 
163 123 414 
342 427 29 
454 356 151 
320 404 12 
367 450 210 
499 462 202 
468 154 434 
0 456 332 
42 252 42 
39 266 407 
140 245 299 
236 400 23 
88 345 450 
223 377 353 
345 350 234 
14 225 304 
112 168 139 
248 172 456 
90 101 497 
247 91 395 
281 267 316 
121 31 28 
65 15 476 
193 299 275 
121 146 378 
336 193 91 
19 163 220 
282 123 392 
76 453 76 
197 483 260 
238 42 266 
41 276 371 
29 195 169 
183 184 4 
454 23 202 
75 404 212 
89 211 107 
199 144 30 
29 37 413 
44 401 431 
149 170 479 
232 209 373 
86 78 335 
20 1 443 
76 435 7 
4 402 340 
13 353 393 
432 258 88 
306 358 8 
101 323 155 
358 83 95 
362 466 361 
455 380 200 
340 310 344 
252 184 242 
133 165 253 
236 24 375 
463 330 261 
4 211 279 
195 303 183 
55 164 74 
310 429 448 
323 381 360 
165 370 209 
462 303 185 
388 372 218 
121 159 71 
273 113 202 
175 311 401 
320 371 165 
392 31 412 
202 499 284 
167 204 462 
44 107 212 
170 346 351 
257 214 452 
486 226 42 
438 260 109 
246 222 93 
201 488 138 
142 276 110 
241 243 174 
495 332 137 
137 244 262 
288 18 426 
242 125 378 
415 57 139 
210 34 97 
316 41 241 
271 70 3 
442 166 224 
291 466 293 
103 359 242 
15 411 28 
375 187 87 
133 278 134 
16 57 322 
397 439 245 
275 228 417 
160 315 149 
5 213 482 
451 104 499 
50 379 53 
225 137 496 
296 397 381 
167 25 303 
367 18 488 
103 92 250 
235 355 405 
472 240 120 
401 472 123 
136 85 214 
328 368 340 
326 368 124 
108 56 322 
240 233 458 
30 124 385 
353 176 108 
54 62 114 
288 53 124 
489 455 32 
196 375 295 
283 290 11 
62 426 352 
200 197 23 
102 55 305 
255 480 437 
218 332 391 
298 307 179 
470 76 5 
107 213 284 
286 167 97 
302 478 267 
428 308 121 
398 205 358 
419 69 359 
381 375 472 
217 338 71 
79 117 384 
114 131 343 
314 129 279 
459 456 328 
137 12 310 
202 250 403 
165 428 115 
155 161 190 
319 314 406 
39 130 13 
301 410 11 
367 44 139 
50 452 72 
205 468 313 
259 355 348 
31 250 173 
460 340 308 
472 149 419 
177 178 80 
252 235 393 
395 217 439 
432 120 136 
104 187 356 
468 353 211 
251 236 164 
485 92 459 
231 141 208 
203 118 449 
401 221 499 
464 265 377 
112 485 30 
459 404 95 
249 177 465 
146 326 237 
117 497 39 
179 242 427 
7 372 44 
446 223 174 
467 474 25 
453 83 159 
102 428 77 
30 470 396 
415 169 279 
61 3 179 
318 333 324 
358 457 235 
83 289 122 
347 222 138 
17 436 243 
101 167 255 
220 107 215 
149 254 221 
94 232 384 
213 141 476 
422 100 146 
234 411 443 
425 83 433 
451 482 178 
8 123 481 
11 274 92 
22 359 206 
153 251 229 
151 414 151 
0 16 240 
72 84 10 
463 57 271 
410 246 387 
436 269 340 
242 474 366 
104 444 67 
288 20 354 
2 361 468 
175 55 331 
209 66 66 
2 257 308 
10 491 253 
119 420 371 
342 318 301 
371 494 282 
204 441 314 
454 233 253 
361 379 42 
154 228 142 
297 452 186 
364 160 230 
24 257 205 
132 141 496 
300 417 140 
194 391 99 
499 414 38 
164 380 154 
125 272 6 
473 152 233 
329 469 36 
280 420 215 
176 165 213 
22 131 7 
189 88 121 
29 481 445 
89 177 279 
50 174 112 
198 257 278 
195 385 81 
416 153 64 
368 142 117 
436 101 131 
274 317 291 
264 190 63 
324 426 53 
334 489 324 
141 24 43 
446 8 276 
367 53 36 
404 297 499 
478 372 366 
79 253 270 
109 66 222 
163 450 285 
431 200 147 
399 213 38 
339 91 387 
284 19 108 
272 435 251 
441 173 24 
471 19 408 
165 460 118 
185 118 31 
295 72 235 
273 477 52 
244 361 212 
351 274 322 
235 382 184 
76 158 217 
441 466 235 
88 224 50 
202 484 228 
302 440 161 
243 156 392 
257 46 369 
213 122 166 
226 189 122 
389 163 140 
220 448 97 
98 158 281 
280 414 38 
474 226 230 
134 76 155 
316 277 195 
114 32 240 
198 405 497 
301 168 410 
198 263 318 
298 65 111 
128 58 418 
340 432 484 
227 31 36 
159 173 481 
61 296 55 
225 352 407 
422 261 286 
118 56 325 
460 341 323 
388 444 342 
394 241 3 
459 220 90 
116 231 361 
223 19 294 
21 145 415 
125 212 273 
283 242 136 
425 103 460 
122 150 479 
99 412 317 
480 92 380 
376 147 409 
123 456 104 
384 197 258 
79 329 132 
415 355 93 
380 249 415 
15 429 107 
439 490 281 
176 240 397 
497 69 492 
324 263 97 
46 406 190 
147 144 9 
334 156 196 
98 300 150 
68 213 130 
368 330 178 
168 171 16 
241 334 115 
253 114 202 
72 219 237 
14 300 336 
208 227 414 
304 19 37 
180 477 24 
443 22 410 
401 331 196 
422 267 139 
338 233 29 
263 455 240 
274 411 139 
246 88 14 
209 151 74 
45 186 485 
417 173 440 
163 487 132 
468 42 196 
379 227 264 
466 9 435 
399 201 32 
271 274 301 
128 361 3 
465 18 496 
185 96 88 
106 238 441 
479 98 122 
307 458 235 
363 263 5 
179 112 72 
286 23 392 
18 188 213 
495 195 210 
106 60 67 
131 389 271 
170 119 302 
460 104 283 
392 342 280 
255 404 241 
490 333 362 
165 456 213 
273 455 228 
336 51 223 
488 267 419 
132 111 236 
20 57 232 
100 323 242 
237 32 220 
414 151 234 
482 152 272 
328 469 125 
466 380 18 
204 366 211 
18 433 381 
0 331 12 
145 138 296 
415 11 406 
208 3 326 
134 395 16 
134 482 289 
93 142 138 
220 294 382 
450 237 232 
105 410 266 
182 9 73 
99 327 340 
288 311 401 
169 457 266 
266 408 419 
150 322 7 
233 306 15 
412 70 255 
204 364 107 
290 374 381 
72 147 394 
316 379 406 
293 49 391 
179 182 432 
265 188 368 
10 348 171 
88 61 190 
125 90 13 
428 370 213 
104 87 126 
262 13 290 
433 449 394 
124 177 410 
75 298 362 
463 395 18 
19 127 286 
191 27 296 
32 481 48 
182 446 462 
385 116 7 
458 120 208 
310 344 448 
42 55 105 
263 463 472 
318 470 156 
206 196 334 
178 49 20 
341 68 228 
298 354 408 
387 97 80 
108 331 44 
469 261 108 
217 28 419 
427 395 240 
391 493 167 
