1000
3
167 105 112 
426 268 441 
359 96 387 
371 231 333 
167 212 123 
19 158 115 
4 94 247 
84 384 268 
323 411 17 
113 316 238 
32 67 385 
84 466 249 
222 87 219 
359 8 490 
66 184 429 
352 373 296 
353 143 449 
101 497 229 
436 208 250 
360 7 256 
93 274 411 
428 279 246 
419 207 60 
102 95 398 
9 290 369 
357 291 169 
69 234 262 
23 437 7 
145 483 246 
310 450 302 
457 12 442 
469 418 200 
315 153 458 
71 150 309 
229 137 2 
146 206 61 
231 79 140 
117 84 178 
275 429 274 
7 212 239 
161 109 298 
489 337 463 
81 88 467 
302 73 408 
428 176 480 
460 39 140 
61 448 47 
246 340 398 
143 73 368 
267 285 338 
77 459 330 
236 415 463 
484 97 220 
151 219 408 
332 71 413 
363 115 316 
325 393 70 
310 436 14 
207 168 399 
52 7 153 
50 491 324 
48 357 23 
448 286 288 
65 259 109 
73 468 333 
293 39 311 
24 229 495 
361 183 203 
494 32 371 
40 113 250 
53 494 497 
150 207 208 
443 204 384 
78 224 497 
58 283 387 
322 229 344 
128 194 14 
186 45 87 
19 227 220 
354 382 165 
244 296 105 
216 369 3 
141 147 91 
381 416 247 
411 419 437 
232 292 453 
394 305 393 
442 352 47 
144 28 100 
213 216 354 
203 275 412 
342 324 333 
451 330 13 
212 405 50 
379 477 48 
37 496 125 
297 294 412 
172 9 154 
320 441 259 
83 378 147 
468 403 13 
271 242 419 
130 43 191 
480 233 295 
6 261 254 
247 256 306 
259 9 384 
61 346 1 
170 490 429 
251 74 425 
390 119 241 
213 42 104 
117 184 218 
88 417 391 
76 185 180 
164 100 323 
171 115 242 
368 475 37 
385 484 142 
498 431 113 
465 34 411 
131 350 249 
381 231 117 
133 232 178 
212 29 458 
393 305 187 
258 179 4 
262 142 231 
201 3 184 
40 250 374 
458 208 153 
418 379 481 
393 497 205 
359 70 205 
69 291 182 
341 399 172 
261 360 483 
196 193 249 
113 302 283 
258 160 327 
397 15 42 
391 245 152 
11 226 44 
259 424 97 
433 269 97 
0 281 479 
371 173 94 
69 88 30 
176 454 468 
199 220 476 
148 184 89 
183 378 235 
477 141 73 
267 444 498 
413 176 25 
233 79 105 
130 307 302 
72 406 398 
276 9 302 
239 203 484 
196 167 253 
54 268 436 
360 463 346 
68 149 126 
225 470 52 
388 170 184 
275 190 392 
409 75 358 
164 69 336 
209 383 175 
91 177 335 
127 62 106 
267 161 147 
275 267 402 
482 252 383 
191 237 378 
376 271 471 
458 45 202 
112 378 93 
340 119 406 
298 198 122 
5 170 33 
220 9 370 
410 231 180 
296 387 333 
492 201 405 
248 145 252 
201 248 27 
247 469 21 
385 104 427 
82 96 68 
97 54 372 
424 217 291 
73 189 311 
112 326 173 
403 377 16 
0 132 333 
477 445 132 
493 144 363 
21 272 26 
133 87 205 
299 178 474 
393 183 397 
115 386 91 
99 421 226 
115 167 461 
143 111 252 
457 56 319 
300 285 267 
476 345 488 
226 89 76 
396 139 190 
493 235 361 
385 165 114 
401 187 397 
450 302 141 
409 105 230 
132 21 415 
65 67 387 
91 345 365 
392 298 163 
419 445 366 
272 295 72 
7 420 95 
141 447 349 
325 107 436 
242 400 159 
413 215 481 
419 10 12 
95 368 420 
464 309 34 
421 347 343 
197 144 169 
80 185 178 
340 455 280 
369 2 276 
9 486 143 
303 229 487 
301 484 125 
182 5 253 
446 289 151 
253 445 202 
42 346 299 
51 390 299 
326 428 47 
8 23 442 
187 190 134 
412 357 310 
484 55 489 
438 480 51 
452 253 342 
198 260 161 
430 334 376 
123 28 311 
370 82 361 
373 271 180 
120 299 137 
322 56 202 
168 78 35 
175 250 224 
252 317 493 
378 338 6 
27 353 436 
84 490 122 
370 155 442 
282 294 94 
106 231 381 
7 43 71 
13 413 369 
430 182 69 
425 280 365 
381 324 276 
293 373 145 
297 85 468 
142 24 439 
384 357 123 
143 89 74 
489 433 180 
426 275 482 
159 206 15 
234 78 458 
379 394 81 
53 272 328 
53 209 257 
139 6 309 
296 343 241 
416 97 98 
360 266 19 
33 115 393 
356 470 382 
472 264 182 
205 280 1 
44 139 208 
77 492 188 
268 469 83 
202 276 99 
284 43 22 
208 364 174 
373 45 187 
151 305 143 
367 301 20 
445 258 107 
255 22 279 
326 74 356 
46 467 58 
117 49 292 
213 60 348 
438 272 276 
153 291 85 
101 49 189 
165 320 459 
348 416 19 
31 439 292 
209 83 190 
417 188 5 
485 190 264 
33 401 333 
47 418 102 
153 180 313 
339 9 38 
399 441 286 
7 359 235 
417 289 455 
259 15 404 
284 104 362 
257 282 463 
213 308 278 
447 397 277 
3 270 18 
18 43 202 
189 409 7 
371 235 144 
191 166 452 
247 244 1 
139 77 449 
474 189 308 
172 265 142 
403 97 92 
51 286 213 
466 2 253 
245 245 369 
408 187 446 
317 19 202 
313 11 178 
394 33 316 
154 347 58 
243 400 31 
123 457 6 
42 283 141 
72 2 400 
234 464 285 
399 109 335 
182 262 371 
472 177 197 
332 250 399 
345 92 133 
386 418 6 
322 467 480 
163 242 293 
341 381 349 
497 370 342 
56 215 255 
372 121 429 
425 422 186 
161 33 113 
402 57 135 
360 439 154 
60 84 97 
256 316 368 
85 117 52 
265 89 95 
289 176 61 
57 151 428 
378 418 465 
90 307 203 
429 324 446 
63 7 499 
185 106 467 
367 465 275 
57 335 208 
12 305 219 
399 243 156 
207 144 473 
163 240 406 
283 406 34 
105 166 197 
320 294 290 
158 50 433 
131 372 329 
199 471 309 
445 363 116 
9 257 143 
353 260 89 
459 460 297 
340 78 464 
370 238 194 
189 421 124 
455 268 312 
268 140 485 
317 280 278 
73 224 182 
221 494 31 
378 94 237 
425 315 306 
2 246 152 
422 375 115 
11 420 11 
437 118 157 
111 173 286 
2 48 359 
442 423 320 
212 28 180 
61 463 405 
363 116 130 
224 251 15 
391 428 45 
346 498 29 
140 429 14 
421 239 7 
492 23 162 
432 63 217 
189 411 451 
190 455 359 
145 80 70 
281 144 148 
161 55 139 
377 407 496 
290 95 230 
135 202 56 
173 134 230 
429 498 336 
428 59 85 
129 317 422 
121 138 69 
490 164 292 
155 476 144 
185 94 345 
61 442 172 
38 122 396 
187 257 352 
434 422 412 
1 145 318 
19 142 483 
408 484 392 
423 156 407 
49 53 230 
144 235 54 
356 13 18 
54 143 249 
24 30 156 
379 151 462 
178 61 478 
271 117 424 
284 375 174 
465 58 201 
352 350 272 
69 482 435 
428 314 389 
417 30 82 
293 117 332 
395 353 182 
114 487 363 
88 79 126 
33 376 59 
40 271 465 
244 294 87 
21 225 23 
483 490 377 
360 225 1 
274 213 208 
289 206 352 
287 314 118 
319 236 224 
314 417 151 
254 169 355 
241 447 403 
240 120 403 
460 243 220 
340 319 122 
293 150 317 
336 372 218 
153 332 188 
194 394 260 
427 189 204 
406 442 25 
243 22 121 
63 97 216 
395 88 258 
138 230 6 
279 258 468 
134 48 462 
115 15 111 
113 334 180 
239 89 485 
408 181 131 
361 495 351 
175 494 294 
383 118 272 
124 255 15 
473 252 151 
261 9 6 
366 403 390 
277 346 165 
136 255 192 
359 345 1 
21 269 146 
239 268 153 
362 4 497 
490 427 471 
489 170 496 
360 300 23 
74 90 96 
167 268 291 
8 61 370 
263 233 361 
376 319 108 
383 24 129 
495 105 202 
312 210 7 
281 149 403 
28 176 93 
493 191 351 
439 161 459 
451 270 439 
437 436 464 
155 395 150 
111 154 179 
0 397 243 
302 446 87 
368 343 129 
382 454 119 
469 365 464 
254 474 275 
277 286 96 
466 436 85 
106 186 266 
381 287 284 
435 387 144 
139 353 36 
57 252 182 
308 322 82 
488 193 310 
496 232 412 
272 144 373 
80 371 70 
383 492 396 
97 192 104 
322 187 186 
8 314 211 
292 139 24 
420 391 322 
450 497 73 
494 344 35 
369 65 438 
120 300 481 
455 330 180 
343 243 166 
391 299 351 
395 129 37 
316 101 28 
8 182 170 
225 107 340 
271 287 20 
59 410 138 
109 175 413 
146 170 249 
267 31 450 
486 407 347 
134 52 17 
370 140 60 
213 338 382 
33 27 330 
345 49 188 
489 129 322 
396 149 179 
71 413 24 
418 0 401 
340 477 156 
153 123 34 
11 300 127 
475 97 219 
189 201 478 
26 323 425 
151 33 204 
240 402 469 
140 113 58 
214 274 246 
289 319 114 
39 392 128 
255 281 309 
109 338 191 
408 359 357 
181 40 164 
328 263 372 
260 82 498 
70 419 156 
0 188 462 
326 148 64 
18 127 414 
275 116 52 
81 297 55 
176 0 227 
237 359 227 
361 160 445 
443 423 306 
303 425 99 
339 369 19 
146 127 247 
150 49 433 
434 452 30 
366 85 194 
72 351 281 
418 447 193 
339 134 338 
491 434 33 
68 151 42 
407 193 207 
159 93 278 
304 430 375 
111 40 150 
218 330 268 
183 174 314 
353 297 456 
285 467 251 
2 282 477 
31 476 215 
316 363 143 
52 259 494 
181 366 340 
369 460 467 
241 328 239 
41 423 317 
43 390 344 
192 168 260 
368 62 292 
466 213 460 
365 360 111 
494 430 279 
410 250 164 
465 245 95 
131 380 125 
256 257 169 
0 287 408 
405 48 6 
268 240 358 
85 419 294 
335 97 232 
79 85 145 
287 367 245 
55 442 411 
410 373 262 
107 67 339 
402 213 253 
414 258 67 
382 15 372 
57 94 438 
107 298 36 
421 312 373 
463 53 130 
283 376 405 
427 236 83 
274 105 224 
300 271 431 
129 455 209 
24 255 102 
395 54 371 
48 97 280 
41 468 10 
351 332 127 
268 163 284 
425 359 306 
77 487 59 
462 458 219 
37 16 301 
427 20 406 
154 263 413 
64 479 433 
152 63 363 
434 38 3 
386 455 473 
407 162 91 
67 256 436 
44 179 343 
18 214 328 
312 374 87 
396 60 175 
246 179 139 
347 431 478 
207 146 139 
10 97 366 
337 245 445 
237 268 403 
405 203 201 
290 363 144 
81 326 181 
38 149 421 
158 76 442 
99 247 209 
215 84 240 
24 314 147 
140 337 407 
283 161 80 
164 348 321 
169 162 353 
407 176 477 
382 161 35 
87 382 461 
87 43 158 
140 324 158 
412 395 346 
440 107 18 
153 303 443 
492 131 276 
387 84 450 
411 108 1 
401 82 99 
233 16 51 
447 57 424 
459 164 385 
300 418 182 
383 471 68 
467 65 339 
235 98 312 
48 292 30 
177 262 244 
121 99 195 
203 451 72 
489 492 80 
56 480 123 
441 56 345 
137 45 140 
180 127 179 
110 436 433 
388 12 237 
211 162 41 
245 209 194 
165 168 164 
360 220 74 
141 114 184 
223 386 401 
451 408 1 
449 230 425 
124 190 393 
423 367 39 
177 183 357 
175 312 144 
34 39 241 
130 466 27 
23 60 472 
61 188 77 
434 172 274 
267 420 190 
34 209 388 
346 210 4 
180 250 468 
457 143 368 
298 293 259 
19 141 333 
377 445 30 
65 220 172 
368 141 315 
50 143 348 
160 493 207 
53 206 186 
288 23 296 
74 422 464 
225 123 270 
390 488 258 
132 275 408 
76 157 175 
468 259 20 
112 334 487 
396 390 59 
166 405 381 
3 397 128 
204 46 177 
475 224 114 
59 14 50 
213 124 211 
58 316 81 
451 213 94 
243 33 338 
482 34 151 
249 140 44 
337 196 414 
149 426 244 
372 146 121 
352 127 319 
224 425 75 
211 296 254 
188 372 338 
451 361 219 
438 206 324 
361 302 297 
338 195 338 
127 140 480 
166 449 341 
406 2 5 
307 121 221 
259 228 300 
273 489 297 
340 216 293 
229 403 168 
297 340 406 
453 190 11 
376 460 18 
13 131 0 
325 333 456 
269 335 463 
35 12 281 
21 241 213 
389 354 235 
318 207 18 
392 490 50 
129 243 262 
165 490 302 
195 444 340 
411 331 203 
452 413 118 
317 30 207 
171 345 462 
341 425 206 
420 356 440 
430 135 409 
351 90 39 
442 259 328 
311 97 360 
498 389 426 
448 23 9 
60 274 72 
421 375 4 
85 292 169 
0 305 270 
434 169 100 
402 499 350 
137 283 76 
129 333 305 
338 58 423 
282 485 267 
253 126 257 
172 316 475 
92 244 420 
309 192 390 
22 213 207 
398 247 494 
337 400 258 
89 409 372 
155 346 401 
213 465 408 
415 400 365 
142 473 448 
360 157 358 
346 146 102 
302 259 77 
12 1 71 
90 335 3 
387 363 396 
313 216 234 
381 164 273 
158 1 110 
58 340 73 
59 386 281 
206 133 324 
111 328 440 
384 341 224 
17 476 489 
17 42 422 
229 69 248 
268 150 250 
225 391 446 
397 81 318 
97 63 96 
115 450 331 
324 412 59 
129 10 236 
267 473 348 
69 8 388 
94 117 451 
319 353 269 
84 145 444 
218 334 279 
0 276 287 
472 203 94 
273 208 97 
475 99 242 
78 483 43 
341 56 433 
496 300 181 
433 23 147 
106 379 70 
166 280 235 
102 84 230 
64 460 425 
344 335 44 
20 175 225 
469 52 75 
397 76 375 
18 385 55 
265 93 129 
122 176 382 
270 246 93 
445 80 282 
31 272 406 
159 492 8 
395 107 399 
93 494 155 
53 26 235 
315 413 265 
65 499 12 
178 293 107 
27 48 197 
479 34 140 
383 85 1 
179 181 25 
22 194 337 
135 222 153 
469 204 123 
389 356 175 
260 183 357 
135 115 211 
270 487 63 
298 286 45 
473 420 387 
480 317 177 
178 180 475 
203 101 76 
249 225 167 
208 265 215 
373 453 131 
135 205 331 
11 32 35 
74 345 266 
31 192 342 
390 317 442 
96 195 21 
382 235 46 
7 482 451 
262 148 212 
350 373 332 
381 174 256 
220 231 196 
218 396 99 
48 5 333 
249 253 377 
59 484 318 
313 62 398 
338 11 92 
248 113 252 
244 410 412 
86 99 483 
87 404 259 
432 67 112 
437 467 33 
463 431 154 
494 489 68 
470 462 23 
356 0 233 
91 411 67 
210 376 179 
112 37 399 
249 406 483 
117 366 12 
18 191 327 
318 344 484 
371 113 390 
283 281 60 
460 29 420 
336 82 61 
380 326 191 
219 368 432 
319 347 15 
223 128 221 
424 85 206 
286 328 431 
96 132 35 
1 479 294 
231 329 325 
95 142 6 
234 94 48 
446 111 380 
56 216 441 
294 411 205 
474 254 215 
289 271 253 
235 239 445 
403 136 42 
154 310 411 
278 425 376 
438 186 158 
445 382 255 
171 86 223 
395 451 201 
191 289 388 
449 457 10 
406 389 21 
474 148 373 
202 352 115 
304 60 366 
103 118 84 
253 96 491 
