1000
3
495 423 150 
412 164 466 
4 236 30 
444 236 231 
378 212 232 
412 421 315 
300 411 122 
338 233 281 
13 420 321 
311 466 145 
125 330 304 
448 155 140 
277 199 119 
20 350 380 
42 168 35 
42 35 128 
98 434 422 
152 446 244 
174 470 36 
94 227 158 
161 251 485 
167 26 458 
0 262 9 
366 185 55 
65 182 241 
236 81 298 
497 407 478 
356 131 101 
316 78 497 
200 91 221 
423 221 447 
334 370 458 
17 330 333 
59 497 15 
412 349 130 
107 137 101 
341 81 107 
279 466 146 
148 82 363 
19 403 303 
495 436 435 
343 224 238 
201 263 450 
294 85 155 
129 434 194 
423 153 21 
417 412 353 
387 259 6 
425 155 48 
192 201 192 
469 4 15 
87 65 242 
425 107 388 
154 189 48 
200 120 273 
38 338 91 
235 494 130 
47 146 399 
243 414 352 
127 493 175 
184 409 384 
189 352 159 
21 302 128 
204 29 451 
424 496 436 
341 81 485 
20 478 15 
378 199 410 
252 239 345 
174 70 315 
192 414 446 
86 54 287 
217 287 85 
0 333 123 
243 146 10 
356 3 52 
453 105 364 
101 438 399 
413 128 331 
121 279 46 
367 109 344 
126 273 470 
129 439 210 
67 179 156 
402 126 206 
64 196 150 
82 381 280 
270 35 454 
463 363 64 
242 2 270 
8 153 288 
111 74 74 
146 338 456 
439 464 67 
79 441 262 
197 50 227 
332 453 416 
30 56 230 
159 398 459 
393 228 396 
359 185 428 
141 252 289 
6 3 197 
186 383 388 
154 92 103 
247 413 282 
143 480 466 
66 206 244 
55 315 210 
194 77 137 
156 188 353 
72 488 345 
15 221 492 
317 454 354 
182 239 429 
97 409 127 
70 59 217 
448 32 175 
44 85 331 
143 31 460 
421 220 88 
253 215 213 
178 49 238 
121 19 383 
157 350 258 
270 132 282 
117 17 143 
229 117 133 
177 414 425 
337 390 459 
450 366 144 
301 326 249 
235 177 468 
277 429 492 
327 157 229 
345 257 243 
423 428 137 
108 458 424 
118 192 6 
59 159 447 
369 42 95 
70 277 292 
404 400 343 
336 493 389 
235 31 58 
360 248 224 
133 292 491 
278 171 301 
360 480 52 
182 405 196 
271 432 208 
259 166 362 
12 14 347 
431 336 345 
133 472 224 
144 290 451 
289 155 217 
411 475 204 
383 339 465 
484 59 345 
210 55 336 
159 467 105 
336 288 142 
322 114 394 
258 330 276 
208 13 29 
339 67 307 
362 413 39 
224 123 170 
231 489 242 
235 195 419 
467 88 169 
330 317 399 
278 262 472 
126 360 289 
61 446 100 
177 458 187 
164 140 124 
385 19 409 
41 420 20 
420 104 372 
482 239 309 
167 153 269 
215 41 423 
285 48 39 
449 165 123 
360 200 160 
361 196 453 
110 274 10 
113 382 156 
177 471 338 
274 131 148 
95 331 43 
360 340 11 
217 138 66 
443 188 258 
122 439 68 
349 79 56 
338 363 294 
124 286 112 
188 227 256 
103 355 334 
211 475 433 
159 314 453 
471 52 207 
229 490 435 
342 87 280 
11 180 385 
353 38 451 
177 188 186 
15 67 406 
115 302 421 
259 418 11 
373 301 177 
200 409 161 
235 48 199 
0 327 65 
475 270 253 
35 9 495 
271 289 311 
32 268 264 
180 117 427 
258 249 185 
140 69 305 
42 95 355 
404 416 444 
130 356 276 
280 0 463 
86 138 293 
93 280 308 
320 11 354 
29 213 334 
196 439 374 
94 291 310 
57 290 192 
103 209 349 
10 363 219 
108 227 312 
452 234 354 
458 274 85 
408 48 226 
234 298 450 
254 405 63 
35 211 452 
99 32 1 
282 240 320 
54 12 180 
75 393 14 
32 82 497 
21 484 425 
135 33 476 
423 465 263 
340 315 335 
13 79 48 
364 344 147 
232 254 384 
69 242 343 
138 34 166 
410 272 319 
54 334 95 
106 98 222 
294 156 278 
221 491 175 
144 285 46 
187 229 263 
438 61 324 
257 300 27 
438 388 151 
160 70 137 
157 465 329 
320 169 109 
38 453 302 
298 376 360 
1 201 12 
82 479 208 
178 433 461 
234 177 325 
497 291 343 
373 266 90 
188 314 49 
194 270 55 
178 285 9 
71 290 156 
141 439 111 
16 265 332 
62 229 292 
305 201 226 
383 142 321 
424 345 97 
223 256 375 
166 416 153 
489 222 347 
66 91 188 
11 266 45 
229 5 373 
241 462 258 
91 278 124 
128 113 2 
444 43 163 
25 425 428 
374 457 115 
434 234 182 
266 299 228 
343 244 255 
207 209 144 
344 93 232 
124 239 25 
80 154 79 
419 117 423 
399 283 237 
425 282 452 
320 95 307 
165 322 95 
27 71 83 
395 235 7 
408 93 111 
14 324 42 
101 479 74 
87 244 48 
69 48 473 
433 392 380 
303 57 477 
85 279 107 
144 232 259 
179 153 434 
148 499 406 
472 23 493 
127 489 221 
62 433 346 
375 427 54 
453 157 216 
383 347 335 
471 116 377 
346 408 400 
54 14 155 
478 340 116 
446 63 24 
340 118 403 
355 481 409 
92 147 399 
82 288 232 
311 388 56 
413 357 244 
4 367 308 
123 203 101 
468 477 385 
344 209 237 
196 78 237 
357 462 334 
254 320 407 
48 493 99 
94 312 167 
434 45 340 
82 478 295 
291 225 252 
188 196 62 
339 120 240 
277 50 360 
257 470 94 
420 473 492 
24 394 7 
125 324 262 
473 301 385 
73 9 198 
487 31 214 
158 311 455 
32 8 455 
89 403 38 
72 219 234 
416 96 271 
208 367 208 
270 329 93 
111 470 103 
165 446 285 
135 343 112 
445 422 309 
105 144 4 
301 307 337 
154 455 105 
302 385 87 
409 413 495 
283 237 278 
433 100 437 
23 406 355 
175 199 328 
144 269 124 
445 215 314 
232 385 170 
300 196 183 
179 305 44 
338 486 343 
303 215 233 
22 3 40 
104 294 376 
275 307 423 
170 461 471 
310 210 86 
76 281 222 
23 82 106 
329 376 388 
336 405 200 
34 376 61 
154 375 432 
135 186 417 
10 451 429 
489 204 446 
449 412 347 
497 45 485 
230 130 138 
302 481 493 
288 321 87 
386 200 126 
310 139 194 
258 262 116 
466 292 81 
498 331 42 
18 380 417 
8 220 350 
390 0 274 
145 349 281 
1 449 166 
477 458 465 
97 79 438 
356 309 115 
244 81 241 
221 167 14 
95 40 165 
15 361 63 
0 409 466 
214 144 374 
393 472 434 
326 244 406 
355 332 64 
392 412 53 
313 240 7 
35 383 159 
100 75 32 
60 18 3 
153 224 345 
30 467 368 
216 193 125 
362 87 59 
14 351 321 
351 41 454 
224 238 286 
118 386 384 
279 146 259 
440 195 274 
165 228 380 
211 401 264 
287 212 483 
314 362 136 
218 207 70 
104 5 444 
483 8 490 
167 278 166 
22 90 326 
91 498 343 
42 291 229 
371 154 390 
138 292 377 
168 480 490 
156 57 433 
401 442 344 
77 93 311 
83 102 476 
358 458 270 
325 435 378 
7 170 175 
285 266 31 
165 338 98 
450 345 114 
128 380 110 
478 66 134 
40 297 93 
41 305 311 
368 280 391 
452 398 467 
328 118 364 
482 433 414 
448 272 103 
101 410 118 
255 404 398 
20 134 163 
463 366 450 
486 420 153 
33 355 372 
328 192 278 
135 242 375 
24 367 442 
447 72 120 
155 261 287 
446 443 419 
432 355 138 
265 403 269 
328 23 83 
298 239 374 
11 397 436 
385 422 76 
133 8 91 
169 380 324 
288 438 167 
338 67 10 
39 42 100 
450 91 370 
338 68 390 
183 116 155 
185 392 228 
441 12 262 
343 110 221 
456 440 290 
242 381 315 
233 496 287 
454 178 288 
242 275 43 
126 327 253 
312 78 427 
29 392 359 
101 374 342 
103 67 312 
332 164 43 
22 422 53 
7 443 313 
166 92 271 
150 111 9 
384 307 324 
349 468 225 
53 269 138 
329 483 255 
368 229 222 
172 199 162 
72 485 430 
121 153 131 
78 79 346 
360 91 10 
115 306 237 
169 383 203 
74 323 146 
59 199 29 
79 470 450 
450 449 326 
279 9 481 
229 331 287 
493 355 179 
38 483 76 
474 17 206 
313 485 289 
197 42 155 
226 499 439 
112 176 214 
296 186 485 
36 495 235 
280 85 108 
450 235 71 
161 109 434 
1 404 487 
69 98 139 
95 280 161 
306 301 382 
2 251 293 
383 340 11 
229 50 347 
489 281 36 
162 217 267 
355 153 176 
322 52 85 
391 494 372 
216 494 265 
142 252 26 
1 322 8 
454 387 253 
38 347 297 
13 313 319 
372 8 183 
278 429 2 
348 400 220 
171 317 394 
148 496 459 
400 318 257 
285 299 162 
148 289 193 
88 118 155 
362 194 466 
27 469 8 
184 361 460 
124 239 24 
354 121 328 
412 85 408 
131 57 203 
362 107 164 
121 457 282 
445 158 309 
235 227 450 
39 257 105 
4 349 337 
350 438 53 
3 68 436 
208 318 291 
347 287 138 
232 425 433 
76 181 75 
433 253 83 
23 454 355 
239 311 205 
178 411 390 
286 150 180 
122 288 222 
241 64 269 
26 264 237 
341 45 253 
29 395 235 
381 146 355 
357 448 2 
444 463 254 
334 451 408 
496 17 333 
32 375 457 
156 269 219 
145 112 326 
197 442 145 
180 352 499 
420 280 67 
30 162 290 
152 45 181 
14 352 355 
30 413 290 
148 445 102 
321 50 329 
234 46 295 
356 281 489 
456 484 407 
25 104 371 
480 263 274 
420 164 263 
299 494 213 
29 190 470 
259 483 107 
90 345 484 
378 381 226 
406 210 311 
196 33 189 
149 106 499 
74 494 330 
393 159 305 
435 16 204 
204 347 402 
58 346 279 
276 86 232 
84 487 457 
429 116 210 
498 244 74 
139 469 473 
349 288 399 
281 279 42 
460 322 179 
253 217 457 
176 374 468 
326 245 192 
257 263 199 
266 495 392 
458 471 279 
203 32 90 
257 155 207 
54 310 86 
398 81 363 
422 168 144 
8 159 161 
461 324 499 
441 309 8 
407 183 242 
419 187 19 
469 266 488 
8 298 353 
232 426 417 
307 410 179 
46 30 426 
294 349 95 
164 93 79 
437 325 419 
89 352 17 
399 94 217 
365 170 408 
218 27 193 
220 381 339 
76 167 286 
293 131 474 
161 490 256 
94 237 198 
492 193 136 
131 75 485 
440 43 203 
58 379 127 
453 128 270 
420 244 303 
4 469 355 
222 315 79 
89 428 21 
113 79 302 
26 111 371 
258 52 269 
113 52 343 
494 284 403 
271 280 434 
100 121 275 
416 87 271 
409 381 43 
199 20 386 
192 378 420 
60 76 394 
253 78 398 
118 464 201 
184 71 30 
325 143 30 
186 155 17 
468 104 46 
97 485 344 
47 142 4 
24 85 62 
8 402 429 
445 197 178 
283 322 390 
100 142 131 
36 431 3 
200 443 125 
422 443 300 
231 289 199 
79 25 441 
39 8 40 
462 135 90 
399 99 116 
183 28 165 
209 284 456 
242 278 328 
262 341 202 
435 482 116 
74 102 56 
205 127 29 
49 487 286 
214 306 278 
306 61 397 
290 423 389 
430 113 303 
435 461 443 
185 244 201 
400 319 250 
68 125 433 
476 204 307 
337 143 428 
217 414 254 
279 161 83 
168 237 366 
296 46 143 
13 365 119 
150 14 436 
249 369 435 
105 383 40 
325 473 84 
413 358 471 
300 393 295 
156 48 220 
357 219 96 
234 223 80 
346 361 84 
29 298 160 
100 258 498 
339 222 247 
215 42 228 
202 141 408 
323 19 229 
496 172 404 
233 359 340 
340 257 321 
421 355 49 
303 179 437 
274 58 463 
244 83 117 
114 162 94 
33 361 180 
287 473 325 
368 477 406 
462 69 275 
29 74 293 
223 109 423 
321 151 24 
221 101 128 
449 8 454 
464 116 370 
261 63 477 
130 227 166 
5 312 351 
493 295 31 
353 192 223 
450 215 401 
492 287 285 
452 114 135 
115 59 100 
435 248 437 
317 295 76 
191 176 221 
462 431 454 
65 206 401 
458 57 298 
359 407 312 
0 296 346 
400 361 221 
304 212 389 
300 272 376 
282 87 246 
224 319 210 
327 404 298 
344 213 19 
311 52 400 
466 313 368 
183 21 171 
343 232 21 
115 128 470 
376 122 107 
345 74 99 
456 157 57 
335 31 92 
145 115 311 
95 435 290 
15 480 79 
421 275 433 
196 252 351 
193 171 171 
355 104 388 
303 355 314 
415 408 486 
72 87 338 
391 123 402 
149 375 82 
84 129 226 
82 436 92 
116 227 409 
447 220 458 
78 287 245 
6 332 66 
457 475 386 
157 240 385 
425 143 461 
295 153 99 
216 144 318 
146 244 256 
285 184 480 
211 185 421 
189 31 419 
57 54 412 
414 53 457 
477 18 274 
214 211 80 
299 387 61 
71 302 378 
167 362 44 
174 55 442 
30 125 499 
23 481 91 
387 208 159 
67 102 32 
332 482 116 
300 226 436 
461 131 40 
362 464 492 
234 310 345 
355 268 20 
178 423 282 
493 306 416 
271 222 174 
154 14 98 
312 350 189 
470 351 309 
226 387 157 
350 249 305 
349 148 171 
58 384 490 
60 169 35 
392 336 371 
375 443 52 
14 349 196 
405 461 462 
199 362 2 
362 363 331 
209 418 70 
46 434 160 
370 421 96 
282 158 354 
18 62 232 
191 43 216 
9 155 438 
20 304 95 
335 464 199 
2 480 66 
71 310 412 
399 50 236 
242 263 148 
231 391 309 
211 386 111 
48 85 220 
98 64 9 
176 338 338 
181 399 172 
50 234 469 
88 191 65 
70 191 38 
447 421 173 
73 117 306 
367 7 158 
266 419 116 
153 75 474 
399 139 472 
72 228 154 
34 436 144 
58 476 350 
496 105 113 
94 110 20 
136 242 208 
180 202 408 
207 231 248 
159 435 146 
412 357 412 
228 225 110 
441 33 88 
3 87 396 
146 189 110 
171 72 421 
191 201 134 
314 416 383 
479 138 152 
444 443 171 
341 354 347 
269 65 375 
189 100 22 
252 440 361 
457 42 167 
318 416 34 
47 92 433 
143 261 224 
114 112 436 
414 152 67 
271 94 333 
238 79 256 
37 189 460 
244 62 232 
344 267 455 
351 140 481 
243 172 322 
384 331 385 
480 449 146 
388 311 183 
178 44 89 
369 227 58 
45 229 28 
165 424 32 
366 378 302 
292 289 0 
236 25 250 
395 21 147 
35 448 307 
381 475 355 
182 148 90 
122 116 216 
440 378 201 
380 398 383 
303 248 293 
228 19 143 
488 376 259 
147 454 177 
47 67 364 
451 134 295 
174 189 326 
175 420 177 
416 198 372 
250 371 374 
471 256 192 
277 384 71 
295 62 406 
171 241 91 
3 304 77 
11 38 195 
46 373 46 
470 146 123 
279 206 474 
120 182 158 
226 361 103 
203 460 375 
143 391 25 
101 140 498 
11 168 311 
358 463 231 
117 119 62 
372 27 62 
220 221 457 
364 153 337 
55 86 443 
499 322 360 
258 66 157 
331 318 422 
283 373 56 
311 65 185 
152 199 37 
