1000
3
293 412 97 
379 495 63 
166 201 117 
132 332 400 
284 156 270 
293 176 192 
5 226 410 
131 269 324 
238 69 41 
371 282 265 
61 418 154 
330 5 269 
464 328 106 
17 124 346 
145 363 392 
32 420 333 
141 290 24 
254 345 65 
245 201 362 
80 421 462 
225 193 475 
277 448 99 
496 0 474 
256 286 95 
313 48 261 
83 70 307 
351 36 213 
400 228 92 
212 39 497 
438 37 383 
382 284 352 
357 152 146 
28 148 362 
98 63 78 
60 12 164 
127 161 391 
396 489 354 
75 333 13 
320 248 63 
321 7 292 
241 212 130 
80 45 314 
298 419 72 
485 426 341 
213 213 486 
356 278 379 
404 9 328 
355 421 45 
308 275 253 
334 485 20 
225 158 170 
299 214 20 
134 109 318 
199 34 85 
29 363 297 
111 374 125 
210 327 255 
363 263 331 
292 362 250 
303 218 378 
208 423 469 
476 202 170 
368 2 332 
433 341 291 
446 49 38 
341 283 220 
422 257 184 
444 326 111 
497 31 383 
303 175 168 
488 40 126 
269 309 191 
339 303 140 
115 74 406 
37 217 102 
405 214 303 
406 42 192 
188 44 150 
140 11 53 
74 194 420 
264 447 315 
447 132 112 
387 274 252 
46 377 268 
382 204 188 
429 76 328 
64 489 39 
434 378 357 
231 193 125 
300 497 192 
132 63 488 
40 234 325 
217 459 369 
266 50 172 
240 375 246 
419 16 473 
83 103 441 
399 466 357 
398 84 124 
180 82 418 
331 346 135 
46 471 106 
373 332 435 
190 221 286 
211 237 172 
317 35 83 
291 116 88 
54 480 1 
447 126 182 
294 340 287 
59 437 124 
342 239 93 
258 126 165 
477 112 426 
46 138 89 
85 362 153 
257 385 287 
307 429 68 
226 423 338 
137 361 222 
373 360 427 
381 15 302 
94 18 327 
168 118 256 
205 461 403 
163 264 211 
54 405 452 
235 314 172 
260 38 62 
284 18 222 
350 249 197 
389 107 61 
414 181 309 
40 337 131 
379 182 274 
45 74 328 
482 160 326 
352 407 271 
63 343 61 
152 477 34 
300 69 475 
381 427 239 
378 307 259 
398 64 472 
457 108 177 
93 114 297 
202 34 197 
391 469 286 
279 92 205 
231 334 433 
319 479 164 
15 347 309 
312 157 120 
38 31 156 
495 320 125 
163 143 189 
423 337 163 
248 92 478 
245 430 36 
491 466 192 
161 154 347 
157 214 454 
122 307 459 
216 103 253 
382 224 22 
220 464 171 
254 16 335 
77 425 207 
40 158 382 
389 86 326 
13 51 485 
291 277 98 
258 480 236 
307 384 4 
180 257 252 
371 37 251 
190 193 469 
109 371 221 
187 297 11 
302 457 76 
300 186 101 
311 462 331 
66 47 183 
192 88 377 
243 76 286 
55 164 298 
333 69 63 
53 137 132 
403 22 255 
157 475 204 
314 93 76 
288 336 360 
249 499 38 
56 66 214 
320 362 441 
385 10 17 
211 223 240 
203 208 282 
337 252 378 
446 392 188 
80 385 120 
489 344 419 
405 267 33 
35 308 401 
151 406 203 
82 308 354 
55 132 105 
80 419 464 
128 53 46 
43 309 103 
170 168 488 
152 200 20 
380 215 116 
460 322 18 
440 414 174 
224 437 395 
331 469 251 
284 30 392 
395 376 56 
101 295 359 
16 76 373 
457 245 346 
169 430 250 
388 57 421 
273 9 159 
339 482 369 
138 216 179 
288 62 445 
449 40 350 
128 30 491 
337 413 99 
461 117 90 
30 295 143 
131 249 230 
407 180 364 
287 89 400 
204 192 490 
346 238 251 
105 455 384 
486 173 224 
220 187 416 
417 406 483 
286 203 19 
63 288 475 
40 477 340 
221 82 58 
401 244 28 
336 161 419 
199 320 440 
121 121 95 
93 474 417 
37 247 215 
228 232 200 
353 469 445 
249 53 32 
282 403 315 
124 344 140 
417 418 287 
291 251 442 
252 346 1 
101 468 136 
285 126 344 
50 247 494 
361 267 243 
255 425 85 
443 204 64 
140 58 383 
53 305 221 
146 205 413 
52 396 318 
55 498 107 
160 220 126 
234 185 234 
445 392 139 
480 497 137 
325 309 291 
474 119 419 
251 8 494 
261 98 147 
112 69 453 
12 308 376 
495 205 479 
151 103 17 
163 131 461 
82 105 169 
320 332 443 
496 479 360 
87 124 445 
63 391 200 
462 122 373 
332 75 482 
407 329 161 
389 201 431 
59 319 468 
256 123 304 
351 479 424 
10 212 200 
289 135 48 
55 77 238 
316 188 486 
179 133 166 
244 90 35 
209 285 40 
326 263 183 
49 457 194 
426 461 289 
486 27 201 
491 433 246 
127 274 157 
82 163 416 
128 322 482 
23 19 376 
357 303 128 
225 442 107 
46 42 105 
165 320 16 
250 452 274 
36 321 409 
4 258 60 
498 396 484 
149 4 214 
62 110 447 
396 50 414 
260 168 46 
194 94 46 
321 258 306 
446 235 23 
222 88 340 
104 70 12 
241 345 94 
269 264 204 
51 442 366 
440 97 283 
30 209 433 
114 284 138 
129 446 247 
337 429 250 
316 344 361 
418 373 172 
489 474 123 
263 488 252 
309 465 490 
361 102 313 
5 5 0 
479 199 225 
227 188 51 
357 52 328 
109 81 400 
224 200 113 
270 492 195 
230 108 334 
7 193 387 
59 309 47 
469 14 163 
359 66 158 
42 346 422 
73 128 237 
329 146 227 
454 245 404 
187 442 376 
421 464 387 
412 190 71 
189 407 426 
323 403 173 
350 384 299 
241 268 158 
380 275 128 
284 197 289 
179 311 258 
404 16 342 
119 282 310 
127 457 34 
287 333 454 
457 330 485 
257 188 319 
131 211 139 
385 430 157 
349 347 431 
225 49 448 
89 364 197 
88 25 478 
341 467 349 
326 136 264 
35 181 112 
32 311 62 
80 382 391 
189 327 64 
103 137 167 
280 342 448 
260 60 128 
446 260 487 
412 61 304 
148 29 351 
336 442 87 
131 284 371 
197 18 391 
151 410 259 
326 484 140 
489 18 216 
52 252 434 
139 368 288 
376 243 228 
270 471 458 
493 10 212 
21 55 78 
41 51 170 
152 70 202 
476 139 151 
380 170 40 
403 283 228 
308 116 105 
299 227 143 
118 184 115 
227 407 431 
171 474 65 
321 275 469 
373 306 289 
393 407 219 
151 418 33 
469 243 448 
140 128 440 
429 19 375 
415 64 9 
436 174 491 
110 335 461 
347 41 188 
379 33 144 
47 8 68 
405 136 133 
72 361 120 
234 6 249 
128 404 438 
72 437 171 
126 243 488 
373 448 368 
150 161 219 
443 81 444 
311 264 175 
494 267 189 
176 131 301 
119 32 236 
365 372 174 
260 122 164 
460 247 274 
350 464 402 
133 291 4 
94 250 257 
290 76 70 
433 494 338 
2 419 214 
407 75 395 
73 25 401 
214 427 252 
129 108 453 
52 285 136 
88 156 226 
174 49 397 
348 335 29 
197 135 32 
374 473 357 
54 170 23 
309 322 450 
126 346 122 
376 244 328 
470 264 26 
57 386 365 
30 424 349 
48 174 397 
3 276 145 
241 12 169 
299 451 184 
236 186 260 
219 176 419 
236 2 416 
440 43 457 
140 12 107 
52 78 122 
274 489 18 
492 225 151 
413 103 208 
129 351 310 
262 147 280 
276 42 70 
479 443 234 
124 279 33 
440 110 334 
247 271 342 
342 235 297 
188 58 211 
99 449 387 
322 401 188 
126 109 468 
412 271 236 
322 172 130 
299 82 1 
425 21 49 
371 458 46 
17 227 367 
205 272 452 
350 208 373 
422 130 4 
3 491 176 
462 271 359 
171 380 345 
259 278 94 
270 269 262 
165 482 343 
103 406 209 
256 229 420 
404 217 227 
262 5 489 
307 328 47 
256 493 249 
85 147 154 
135 242 421 
419 193 140 
464 54 165 
434 26 50 
486 126 45 
298 7 187 
458 72 158 
440 397 12 
165 440 303 
79 259 279 
254 43 333 
386 174 480 
215 166 13 
342 249 189 
296 70 231 
106 406 279 
424 196 191 
443 300 399 
333 103 149 
303 95 296 
364 217 90 
166 294 420 
340 122 429 
353 141 401 
178 252 110 
265 168 471 
322 417 358 
172 280 473 
131 336 450 
214 103 359 
339 116 307 
491 292 143 
322 128 225 
57 450 317 
468 475 374 
390 307 309 
122 31 394 
235 329 270 
301 429 220 
412 72 227 
295 24 30 
448 317 497 
239 230 457 
39 256 64 
75 142 318 
492 382 491 
324 178 384 
384 447 117 
421 243 235 
168 54 423 
2 477 497 
459 21 92 
217 107 337 
248 327 68 
162 28 384 
408 390 88 
155 0 375 
25 391 128 
194 123 486 
473 325 258 
1 57 110 
133 13 111 
222 168 31 
241 192 472 
292 288 414 
41 420 251 
178 43 459 
200 382 494 
338 73 430 
477 240 167 
136 63 371 
37 142 41 
219 132 172 
43 181 218 
149 349 280 
494 224 358 
87 391 4 
6 324 488 
328 337 82 
420 413 51 
351 18 202 
166 41 317 
391 391 367 
27 119 474 
168 476 460 
385 119 342 
84 16 234 
247 49 127 
248 83 398 
5 459 297 
429 430 379 
209 269 367 
310 396 33 
433 105 79 
248 188 271 
357 68 404 
377 193 26 
227 285 469 
200 452 101 
194 103 63 
92 436 160 
449 341 117 
212 148 283 
393 151 281 
317 401 142 
35 491 418 
239 72 30 
262 111 358 
283 47 151 
48 225 304 
3 406 382 
32 266 484 
271 248 124 
407 343 193 
455 302 159 
224 217 184 
151 364 35 
454 230 186 
450 10 168 
50 448 207 
254 117 434 
119 108 39 
189 363 338 
65 360 489 
172 433 287 
349 379 313 
74 142 369 
29 53 379 
34 96 348 
62 409 91 
368 481 18 
294 257 378 
142 84 39 
210 142 498 
452 109 482 
339 332 288 
1 451 371 
455 441 166 
96 446 96 
108 236 375 
238 408 167 
83 351 414 
258 491 406 
26 241 433 
375 111 40 
236 366 488 
169 256 493 
366 478 84 
260 367 106 
219 53 211 
318 369 370 
338 172 231 
412 346 4 
337 485 51 
351 385 246 
388 169 170 
99 172 264 
122 99 287 
87 176 161 
176 401 78 
497 472 306 
236 146 453 
404 403 144 
101 228 149 
261 429 309 
368 261 66 
102 462 314 
127 247 21 
135 61 8 
296 449 416 
194 71 101 
464 236 51 
245 177 16 
490 297 187 
492 134 378 
25 446 412 
201 225 39 
93 419 133 
211 437 394 
373 87 116 
68 337 85 
294 39 226 
41 463 416 
277 37 304 
238 337 343 
293 479 287 
407 444 139 
127 224 155 
497 121 424 
338 122 282 
439 448 5 
26 30 88 
397 59 92 
167 298 39 
430 177 334 
398 257 282 
293 347 84 
288 457 394 
46 67 401 
45 257 76 
148 376 253 
203 13 198 
88 260 445 
373 18 276 
148 402 86 
242 463 251 
495 208 424 
37 261 452 
497 90 268 
154 470 68 
392 48 100 
344 471 434 
39 499 384 
273 420 447 
397 270 10 
133 96 321 
44 423 328 
385 399 457 
478 441 345 
142 310 124 
0 313 231 
432 251 173 
299 96 123 
487 458 21 
455 434 103 
285 26 230 
273 116 409 
194 312 214 
370 347 250 
117 143 30 
421 480 432 
269 447 82 
419 420 125 
322 83 63 
34 96 301 
105 239 336 
19 235 469 
462 86 197 
227 130 218 
326 102 278 
33 399 136 
303 342 381 
327 489 242 
440 207 172 
228 155 159 
460 485 73 
338 83 347 
437 167 307 
175 299 230 
107 66 328 
122 183 93 
288 223 72 
153 71 69 
401 54 149 
363 81 285 
287 431 362 
189 108 359 
88 74 448 
265 227 176 
41 152 249 
295 451 310 
148 497 346 
138 433 450 
456 55 426 
493 416 188 
270 303 39 
384 91 143 
29 94 85 
89 400 177 
214 77 150 
273 286 261 
161 413 97 
167 196 242 
463 8 360 
286 377 97 
184 131 51 
257 19 322 
46 141 289 
23 219 4 
321 376 97 
190 462 298 
40 475 52 
204 267 446 
362 286 209 
336 91 350 
396 300 470 
474 355 36 
411 147 375 
326 91 75 
293 86 91 
13 26 431 
218 189 111 
234 369 187 
424 461 217 
366 137 230 
189 430 89 
452 293 391 
439 39 182 
194 186 1 
488 485 480 
44 22 122 
7 312 169 
269 441 1 
332 98 298 
226 357 443 
264 21 81 
28 191 295 
333 222 87 
192 74 18 
139 352 479 
265 344 157 
405 401 287 
377 212 111 
468 0 269 
485 56 360 
0 416 118 
121 101 454 
202 260 319 
81 322 179 
393 320 243 
254 124 327 
468 374 446 
83 494 54 
310 25 232 
361 60 247 
458 111 300 
85 366 239 
223 133 250 
418 491 474 
213 349 297 
387 232 331 
308 196 365 
362 271 124 
80 284 484 
14 331 169 
329 477 96 
34 453 202 
469 334 465 
233 267 415 
203 140 408 
374 24 273 
120 251 182 
43 263 178 
458 491 214 
81 252 466 
143 267 356 
131 270 343 
234 316 458 
323 389 417 
414 394 441 
427 354 445 
119 284 362 
229 242 17 
45 53 245 
466 330 62 
405 497 120 
468 32 445 
397 189 267 
262 446 354 
88 2 37 
410 81 380 
380 166 198 
209 398 71 
401 316 16 
208 117 239 
22 15 388 
56 15 323 
391 478 495 
136 160 168 
93 14 310 
252 234 433 
266 238 181 
334 369 208 
16 360 431 
342 260 450 
462 323 105 
81 100 182 
92 334 119 
312 322 68 
115 147 322 
300 171 375 
92 438 424 
137 171 117 
384 345 328 
132 198 70 
28 316 208 
426 411 422 
462 380 95 
33 58 257 
117 153 45 
181 387 495 
367 399 219 
185 8 350 
472 214 147 
175 35 275 
93 353 21 
481 391 319 
148 211 144 
404 51 57 
478 242 460 
339 52 388 
325 348 246 
267 419 498 
113 75 128 
474 306 272 
392 277 273 
113 10 342 
235 360 264 
401 233 496 
369 441 492 
134 335 478 
31 436 183 
30 160 388 
265 113 323 
127 108 248 
256 322 58 
426 168 300 
429 423 220 
95 304 418 
474 287 233 
346 300 203 
303 130 335 
299 471 189 
361 330 331 
86 251 459 
76 221 267 
405 467 98 
298 30 228 
415 125 280 
26 336 278 
210 30 112 
10 183 230 
15 447 307 
482 231 472 
357 167 473 
429 412 164 
72 69 383 
367 89 137 
301 387 118 
284 153 20 
73 354 320 
137 150 2 
239 338 273 
260 20 439 
186 379 409 
404 70 211 
279 399 426 
183 126 272 
112 16 147 
195 329 495 
368 225 371 
441 65 85 
352 12 70 
190 41 16 
416 427 166 
408 69 194 
313 480 136 
78 98 190 
11 207 349 
344 259 140 
240 372 271 
5 36 423 
193 179 448 
111 302 258 
221 486 401 
434 260 452 
442 125 202 
237 205 424 
149 492 254 
297 401 143 
290 350 414 
345 460 169 
482 401 233 
199 111 149 
349 138 278 
188 170 467 
359 88 164 
14 477 492 
340 62 490 
382 191 109 
436 289 278 
164 184 179 
315 351 128 
434 111 257 
491 105 52 
23 224 314 
