1000
3
234 407 187 
461 187 35 
63 256 285 
406 459 141 
181 357 163 
406 466 18 
277 371 486 
86 161 95 
421 461 331 
444 273 292 
348 95 239 
140 327 275 
294 484 337 
368 218 289 
303 333 242 
40 16 411 
343 414 320 
93 66 463 
73 268 301 
468 148 285 
467 30 182 
442 377 177 
361 94 8 
75 291 444 
145 130 119 
271 477 60 
40 69 35 
8 314 329 
412 412 346 
232 29 107 
202 164 104 
477 416 492 
297 102 389 
188 15 30 
461 33 424 
248 261 420 
57 22 424 
192 231 122 
492 499 380 
227 251 439 
435 345 446 
213 51 480 
152 458 446 
80 379 102 
1 59 184 
78 89 196 
278 163 50 
163 194 105 
447 77 302 
359 286 6 
89 215 256 
499 438 130 
210 207 189 
202 65 366 
482 388 132 
496 451 63 
156 169 395 
299 476 413 
314 451 487 
448 140 312 
167 87 58 
22 491 465 
163 337 228 
286 332 186 
26 297 424 
358 23 175 
119 240 142 
296 86 231 
91 498 407 
266 106 352 
434 75 9 
192 325 423 
254 186 165 
183 118 201 
267 66 192 
413 247 43 
31 191 159 
194 459 368 
296 76 79 
68 321 342 
148 344 260 
260 414 184 
143 494 362 
290 12 64 
410 384 98 
164 148 1 
412 117 450 
191 264 64 
235 6 97 
74 213 133 
121 428 15 
49 70 178 
225 430 223 
412 2 203 
284 284 142 
379 492 194 
410 38 48 
130 361 453 
104 234 361 
153 228 240 
272 320 290 
443 157 30 
192 31 274 
460 254 456 
143 478 445 
251 61 70 
321 383 169 
491 421 306 
109 236 110 
33 206 230 
231 212 135 
432 88 179 
462 209 405 
257 209 121 
291 418 89 
209 478 388 
311 57 326 
428 6 260 
252 415 461 
428 139 64 
313 188 217 
384 80 195 
324 53 204 
166 327 273 
379 17 458 
146 251 116 
205 144 452 
189 146 239 
465 355 301 
431 441 468 
453 31 416 
336 29 301 
267 379 257 
248 40 358 
424 187 2 
115 208 273 
330 38 232 
475 196 388 
469 54 97 
329 443 432 
29 6 468 
306 80 122 
433 430 94 
86 180 116 
89 345 341 
62 104 21 
184 58 414 
80 273 312 
331 491 288 
412 335 133 
24 388 345 
481 343 230 
24 277 467 
189 178 351 
332 469 61 
130 150 56 
416 382 406 
178 78 153 
482 305 66 
174 86 34 
15 248 195 
487 74 17 
466 62 354 
421 348 148 
140 498 141 
108 65 493 
171 23 210 
442 59 423 
111 6 240 
4 300 298 
228 455 432 
153 383 395 
315 202 346 
166 183 84 
0 12 307 
22 392 224 
401 155 312 
352 46 45 
339 143 349 
374 399 66 
336 341 481 
339 459 366 
250 406 415 
252 138 143 
170 327 447 
53 139 37 
477 317 368 
192 69 322 
485 283 221 
205 3 358 
395 307 300 
236 334 178 
431 167 10 
285 160 211 
26 43 84 
36 57 223 
48 22 370 
191 331 43 
270 395 141 
132 121 442 
382 162 164 
306 252 424 
205 465 6 
465 416 32 
305 127 407 
185 497 67 
314 485 366 
193 45 315 
478 49 107 
265 392 344 
439 468 489 
225 458 332 
322 227 341 
271 285 363 
140 110 379 
24 16 394 
33 463 294 
360 42 346 
402 112 4 
357 467 405 
309 179 236 
77 74 311 
93 109 215 
214 412 188 
399 290 222 
33 200 34 
398 60 327 
225 112 448 
130 445 136 
118 178 136 
408 167 412 
133 200 433 
351 377 136 
201 416 286 
338 268 126 
30 14 459 
442 289 280 
205 316 140 
170 53 332 
150 331 162 
495 269 424 
370 301 210 
246 354 416 
119 9 296 
36 225 375 
196 67 110 
392 321 111 
325 403 164 
291 337 443 
455 359 421 
488 19 492 
449 421 68 
252 42 298 
370 2 280 
58 197 427 
1 124 87 
138 38 20 
35 337 338 
122 146 45 
379 86 169 
291 138 274 
37 21 11 
13 475 285 
462 368 116 
365 400 364 
330 489 213 
489 134 90 
156 474 348 
259 193 337 
97 22 491 
460 96 44 
333 306 385 
422 316 85 
284 309 344 
149 393 405 
120 484 337 
130 104 428 
23 488 333 
65 242 93 
208 253 332 
113 381 169 
84 342 326 
411 265 158 
203 33 346 
327 185 17 
11 85 276 
288 194 387 
408 495 352 
411 475 435 
295 284 328 
237 331 499 
136 1 156 
414 401 217 
111 202 477 
373 147 223 
337 455 116 
382 403 413 
235 434 363 
126 312 320 
238 194 256 
234 273 385 
319 4 164 
348 418 6 
459 21 151 
177 482 257 
421 17 161 
259 92 11 
274 359 70 
465 367 456 
76 203 289 
376 336 481 
72 278 123 
383 262 322 
212 200 226 
146 191 12 
225 77 29 
289 319 146 
477 465 304 
234 464 251 
443 97 250 
215 381 487 
469 388 335 
384 491 73 
485 259 71 
263 187 249 
21 91 446 
476 347 279 
360 323 345 
160 382 205 
385 480 491 
30 180 218 
221 188 65 
43 303 209 
40 334 335 
103 67 135 
126 5 100 
117 10 488 
463 452 257 
318 15 392 
31 246 337 
372 266 418 
430 209 10 
351 441 66 
133 364 340 
241 445 142 
487 217 128 
314 349 424 
169 131 432 
291 284 476 
139 312 476 
344 223 420 
434 42 238 
235 275 0 
321 117 63 
342 105 427 
149 215 381 
487 99 93 
283 101 446 
47 227 300 
139 448 422 
361 61 190 
289 258 498 
133 34 170 
353 43 372 
337 163 281 
363 484 339 
480 367 375 
456 397 154 
319 170 330 
280 199 264 
319 319 310 
105 98 497 
368 306 495 
361 15 448 
215 195 464 
119 104 60 
39 494 495 
78 140 220 
411 270 16 
348 253 203 
64 417 112 
2 320 24 
242 191 293 
434 177 104 
105 463 338 
323 40 53 
60 330 313 
127 313 50 
193 85 286 
227 432 193 
244 7 163 
68 136 120 
459 183 171 
29 449 402 
74 181 145 
26 319 41 
248 263 116 
272 493 425 
390 298 305 
185 86 138 
461 116 491 
338 497 327 
413 432 438 
213 13 153 
452 306 179 
302 307 434 
377 120 284 
463 393 251 
93 369 406 
255 441 46 
232 46 237 
154 66 498 
364 120 454 
54 146 159 
280 348 422 
134 19 19 
206 175 53 
95 220 0 
10 265 270 
102 205 185 
166 186 159 
248 205 490 
265 471 454 
65 141 358 
63 497 428 
118 475 54 
151 154 427 
244 160 89 
132 341 156 
20 435 165 
87 348 305 
435 368 262 
420 409 172 
203 458 189 
130 333 473 
182 13 355 
284 238 61 
425 90 465 
348 11 133 
72 181 124 
126 93 276 
108 28 423 
38 486 475 
162 291 221 
40 284 313 
282 335 203 
251 230 416 
398 112 191 
410 180 66 
301 426 240 
476 3 304 
415 240 492 
285 120 89 
460 14 358 
401 20 56 
281 83 337 
141 439 81 
233 151 118 
217 141 304 
174 58 110 
98 273 490 
83 181 35 
38 177 79 
8 254 370 
16 209 20 
33 163 238 
163 422 153 
303 229 314 
485 138 218 
161 336 113 
176 220 143 
394 121 415 
420 492 116 
443 478 158 
148 210 230 
297 454 411 
471 306 298 
270 25 298 
209 442 238 
342 103 53 
153 249 236 
441 325 145 
281 55 158 
314 176 294 
67 357 448 
371 407 173 
0 452 58 
257 359 388 
21 417 151 
412 223 403 
303 56 176 
53 261 370 
458 273 209 
24 2 62 
4 141 440 
83 269 449 
357 199 86 
74 259 291 
495 488 471 
231 153 10 
458 107 106 
387 420 282 
141 254 3 
322 257 157 
1 296 218 
82 183 159 
300 489 390 
176 464 294 
170 211 161 
459 45 341 
460 38 281 
67 29 237 
19 332 339 
323 161 184 
246 6 147 
495 419 307 
351 449 100 
174 122 331 
238 12 139 
219 45 444 
487 222 116 
441 427 352 
267 282 79 
245 74 135 
371 347 383 
408 291 87 
211 164 472 
145 133 460 
302 376 88 
32 351 422 
320 227 482 
411 193 294 
100 440 52 
190 444 296 
483 431 245 
183 72 82 
339 357 42 
319 54 438 
116 28 210 
324 54 45 
420 280 377 
76 190 459 
3 443 292 
308 181 158 
91 343 323 
207 419 244 
82 176 276 
89 440 39 
277 142 24 
97 198 295 
88 53 64 
249 357 316 
91 355 270 
450 275 245 
58 333 276 
118 448 287 
357 118 192 
286 409 442 
84 195 285 
432 45 175 
153 156 129 
302 38 321 
363 490 52 
31 398 252 
66 385 205 
323 355 162 
23 30 280 
405 259 349 
280 177 72 
300 439 152 
284 318 400 
64 451 312 
354 209 43 
290 242 390 
346 125 319 
482 92 36 
283 107 116 
333 114 417 
18 284 318 
145 459 381 
150 38 337 
323 227 446 
264 253 8 
423 490 373 
25 292 400 
389 164 242 
331 457 417 
168 375 244 
113 390 230 
67 298 391 
108 156 213 
446 394 429 
237 71 118 
123 188 56 
243 198 88 
42 338 151 
388 347 429 
161 400 393 
239 151 212 
492 286 462 
289 110 61 
355 171 0 
129 456 407 
466 331 235 
142 140 95 
441 168 276 
22 212 231 
351 474 101 
446 267 326 
381 167 47 
158 366 471 
183 204 479 
329 356 254 
360 332 276 
184 37 139 
227 277 154 
208 129 302 
380 125 304 
223 499 164 
218 107 300 
378 316 383 
478 119 342 
318 56 36 
386 324 498 
349 413 201 
49 122 437 
337 182 246 
86 459 391 
447 44 415 
257 33 277 
317 186 193 
377 368 179 
78 134 387 
290 101 403 
495 385 106 
292 314 142 
107 283 140 
416 247 142 
21 221 12 
181 495 298 
407 497 178 
464 457 239 
125 471 340 
263 151 104 
234 377 340 
257 374 181 
291 118 90 
255 165 180 
326 94 404 
337 323 398 
262 411 227 
73 288 305 
424 327 11 
152 372 374 
58 484 405 
53 262 275 
447 317 100 
235 379 486 
285 139 145 
309 176 268 
382 327 372 
214 160 374 
260 379 332 
451 466 433 
443 211 140 
448 213 35 
66 118 158 
280 164 302 
198 81 227 
388 405 400 
197 258 40 
11 474 305 
159 471 6 
28 72 184 
92 383 45 
277 289 436 
118 379 291 
42 238 101 
317 290 216 
222 424 219 
485 454 346 
111 157 28 
43 160 176 
169 414 153 
40 27 0 
45 425 20 
12 70 100 
162 329 419 
449 20 197 
289 380 435 
47 364 386 
0 109 158 
66 161 96 
137 311 407 
288 262 425 
50 219 355 
348 257 387 
168 264 198 
421 330 448 
290 406 257 
198 490 76 
80 460 233 
4 452 129 
30 120 302 
63 402 176 
370 165 191 
91 33 334 
140 192 407 
280 444 78 
158 138 51 
118 83 66 
413 260 282 
123 330 321 
213 20 107 
307 454 16 
50 446 187 
318 52 396 
495 70 288 
429 67 74 
289 149 367 
36 274 142 
146 336 462 
198 42 98 
319 454 129 
422 296 174 
162 276 122 
470 383 182 
63 464 370 
193 42 0 
380 493 283 
381 302 394 
132 178 16 
136 199 374 
285 422 202 
288 60 119 
421 128 320 
241 394 55 
207 371 494 
210 293 146 
265 442 321 
73 268 258 
146 71 116 
406 263 487 
42 313 433 
494 310 387 
57 399 145 
370 46 376 
47 7 330 
68 39 391 
457 319 214 
135 336 290 
174 21 167 
316 491 334 
264 259 285 
330 20 263 
229 79 381 
306 62 295 
4 20 349 
264 482 118 
193 189 233 
202 364 115 
23 257 483 
457 85 257 
404 474 267 
138 395 410 
430 457 96 
0 332 449 
380 323 28 
250 371 431 
277 283 251 
312 105 67 
248 406 54 
200 301 83 
1 337 72 
390 184 15 
159 176 177 
483 82 30 
374 134 349 
343 112 262 
173 32 464 
468 3 314 
29 483 121 
212 183 93 
358 334 150 
373 418 53 
318 54 439 
45 399 286 
383 133 94 
215 462 466 
147 491 188 
191 443 294 
292 458 137 
86 100 424 
16 63 97 
167 388 201 
11 389 2 
171 350 360 
488 18 388 
201 122 15 
183 309 290 
310 16 320 
85 428 333 
217 186 192 
113 344 403 
194 409 56 
336 36 415 
12 428 387 
351 469 102 
278 237 449 
8 170 152 
27 63 146 
308 7 368 
34 236 37 
347 424 207 
66 137 426 
360 148 9 
95 321 160 
480 464 232 
433 495 3 
373 355 216 
220 313 285 
344 217 437 
208 378 420 
88 442 21 
275 470 472 
5 379 81 
412 203 110 
449 35 170 
292 32 263 
378 477 45 
105 4 206 
422 70 436 
273 174 363 
320 358 193 
183 122 420 
419 196 158 
242 439 71 
366 104 188 
10 425 162 
159 111 419 
47 316 92 
422 366 388 
294 324 482 
176 0 245 
289 319 488 
280 488 126 
295 495 322 
64 242 95 
234 246 117 
314 310 225 
26 411 262 
415 160 476 
382 469 446 
311 306 34 
410 283 420 
58 14 339 
379 446 246 
145 402 83 
379 77 164 
374 448 85 
224 386 8 
213 62 334 
5 324 385 
478 25 449 
115 297 370 
296 394 382 
340 345 369 
59 431 368 
340 72 485 
496 321 253 
67 50 473 
70 188 389 
74 23 15 
250 307 488 
67 150 345 
97 81 189 
153 331 262 
144 137 166 
319 375 499 
239 393 216 
486 298 314 
376 23 321 
14 99 451 
105 134 144 
388 221 177 
327 25 76 
353 142 232 
469 185 283 
115 311 181 
280 372 387 
198 278 54 
425 305 408 
248 251 482 
204 177 446 
498 16 392 
474 330 419 
295 225 111 
435 180 400 
308 286 317 
341 39 49 
93 82 401 
285 395 260 
471 210 291 
36 209 399 
175 126 299 
443 408 108 
279 210 323 
470 47 111 
23 440 472 
410 333 109 
76 239 292 
295 333 29 
210 312 150 
454 120 260 
327 380 2 
162 124 157 
375 473 7 
180 472 215 
385 83 59 
237 128 278 
260 102 387 
494 295 494 
70 435 74 
240 60 400 
71 191 275 
244 261 466 
379 298 288 
155 451 182 
143 493 245 
315 486 123 
193 78 349 
409 482 5 
300 271 465 
274 37 105 
243 331 264 
425 121 98 
90 473 66 
113 133 496 
198 355 179 
168 431 207 
218 246 358 
231 121 189 
167 114 306 
206 365 202 
228 462 217 
344 27 258 
17 226 286 
191 119 23 
45 166 192 
240 449 495 
355 447 366 
286 283 411 
280 143 412 
403 273 383 
454 124 138 
309 155 35 
453 259 0 
148 164 234 
32 40 241 
208 454 199 
85 87 88 
322 238 396 
213 161 13 
415 167 269 
286 67 429 
114 357 258 
445 132 73 
234 110 49 
470 303 138 
440 195 429 
231 302 451 
323 52 409 
235 446 63 
122 61 232 
405 487 231 
456 202 286 
86 170 43 
378 55 48 
466 136 397 
336 409 143 
13 407 148 
124 270 132 
33 496 103 
333 81 295 
372 278 414 
343 250 195 
31 100 36 
456 273 382 
463 482 200 
185 333 281 
61 456 29 
361 136 230 
223 217 288 
346 172 274 
72 161 153 
62 66 295 
402 496 483 
78 389 209 
174 492 57 
234 309 201 
