1000
3
45 245 14 
349 228 359 
457 57 123 
345 204 40 
485 259 390 
72 351 343 
423 222 367 
198 232 419 
96 169 34 
444 429 103 
420 113 214 
313 423 230 
486 472 304 
390 419 351 
249 25 145 
212 50 418 
354 101 152 
18 378 40 
25 171 87 
342 174 197 
80 9 409 
134 164 203 
401 95 474 
31 112 310 
192 351 441 
343 257 57 
373 183 211 
72 176 208 
365 218 157 
8 402 247 
366 160 249 
325 321 394 
386 375 365 
2 206 317 
21 34 450 
22 328 85 
147 421 405 
2 94 358 
285 134 81 
185 164 299 
396 76 313 
5 19 402 
6 260 15 
177 348 348 
151 369 147 
221 76 99 
430 431 138 
216 331 328 
91 100 471 
73 205 316 
125 16 233 
15 484 357 
214 221 454 
184 253 48 
148 454 171 
132 25 64 
456 304 372 
168 199 359 
378 8 130 
130 200 166 
454 7 373 
262 336 250 
156 466 27 
436 106 91 
294 197 7 
350 9 380 
492 302 128 
395 388 242 
296 433 371 
52 495 327 
213 275 95 
150 344 290 
87 198 486 
13 221 229 
465 341 192 
296 452 262 
34 391 11 
364 210 261 
68 20 177 
494 378 20 
70 112 111 
286 100 21 
85 199 448 
447 121 319 
217 148 468 
405 77 465 
111 284 453 
465 123 174 
252 194 447 
386 345 390 
446 469 267 
322 409 233 
354 437 409 
238 488 25 
209 270 362 
195 71 452 
110 459 53 
110 274 152 
248 491 275 
233 173 16 
132 94 436 
423 33 274 
110 410 108 
265 439 266 
147 127 386 
200 120 416 
457 69 291 
408 440 246 
2 194 405 
67 15 256 
450 478 118 
289 348 397 
138 431 321 
472 475 226 
29 24 413 
171 272 311 
392 38 7 
229 404 10 
422 226 113 
434 143 131 
160 185 458 
108 168 211 
41 371 404 
332 75 350 
130 323 140 
175 82 119 
335 369 177 
94 161 391 
9 61 314 
421 413 188 
438 243 62 
337 202 266 
94 25 192 
426 112 272 
289 430 313 
232 419 452 
110 412 60 
160 92 450 
190 16 177 
203 296 346 
444 201 429 
126 9 56 
276 460 27 
318 401 30 
35 80 352 
379 169 117 
76 54 49 
337 354 18 
340 340 35 
288 482 103 
32 167 114 
220 114 169 
49 109 290 
110 251 246 
239 322 303 
312 478 428 
437 142 0 
78 315 448 
240 93 298 
131 84 117 
467 252 302 
335 170 69 
146 455 261 
341 423 476 
227 409 43 
275 469 251 
437 295 246 
172 203 291 
115 363 496 
379 33 244 
164 454 19 
403 430 134 
92 117 104 
260 83 288 
103 22 146 
4 145 476 
285 183 164 
451 495 18 
264 178 395 
379 422 351 
253 422 240 
221 135 355 
445 471 453 
166 410 434 
133 178 378 
353 236 22 
52 402 118 
114 303 76 
101 173 192 
35 121 463 
56 264 430 
185 468 210 
492 146 258 
260 120 78 
332 238 189 
471 237 471 
358 227 217 
220 54 237 
251 490 70 
179 54 185 
427 1 143 
428 410 305 
47 402 332 
198 261 340 
486 17 72 
379 157 226 
198 485 235 
364 104 155 
72 207 194 
265 441 102 
491 8 367 
163 260 386 
394 407 490 
349 36 96 
202 215 150 
73 232 43 
162 492 279 
3 240 11 
436 162 263 
90 142 392 
99 430 351 
422 182 458 
266 262 104 
218 37 78 
152 396 477 
405 312 224 
348 422 168 
245 135 198 
404 155 210 
54 129 268 
426 241 470 
425 93 428 
140 386 13 
72 423 78 
283 358 292 
298 90 482 
177 217 409 
309 211 89 
394 116 40 
361 478 26 
148 2 433 
199 234 213 
431 420 473 
419 377 400 
476 136 457 
184 216 393 
198 462 268 
125 323 203 
431 155 148 
178 327 323 
43 155 101 
176 302 494 
54 105 270 
458 341 348 
306 77 470 
390 314 388 
111 463 447 
269 258 494 
414 165 100 
25 133 405 
473 451 226 
17 496 134 
202 54 138 
273 269 37 
408 50 60 
157 230 390 
164 452 267 
306 183 39 
242 406 49 
215 210 325 
442 419 139 
484 354 406 
61 131 202 
304 475 258 
18 190 369 
229 156 459 
459 72 84 
249 142 494 
313 364 196 
425 373 180 
0 132 346 
370 468 103 
65 221 436 
416 75 218 
232 23 138 
332 466 113 
37 467 377 
194 461 154 
426 105 209 
80 325 325 
206 56 400 
269 264 88 
108 110 216 
324 21 405 
268 449 129 
144 320 128 
333 185 135 
265 385 330 
5 161 305 
313 476 219 
384 144 399 
36 460 170 
106 75 320 
460 250 300 
44 430 344 
153 51 194 
73 65 136 
19 234 357 
414 335 113 
222 352 343 
80 374 250 
409 101 272 
38 301 471 
497 72 17 
173 376 413 
194 161 218 
258 107 213 
492 409 49 
462 435 252 
338 341 366 
144 443 171 
95 314 305 
495 103 340 
431 212 184 
150 398 454 
380 251 395 
419 12 280 
66 147 309 
405 44 475 
420 0 414 
472 408 379 
49 199 299 
124 498 43 
170 255 164 
187 187 77 
286 452 334 
424 307 376 
32 200 428 
224 82 20 
163 234 466 
350 499 262 
361 238 161 
286 354 149 
126 82 432 
251 275 378 
57 198 269 
293 311 74 
75 405 160 
27 294 168 
358 370 268 
117 78 404 
269 109 25 
348 90 19 
285 488 365 
459 129 408 
6 99 328 
143 459 238 
389 471 430 
375 33 323 
437 318 499 
135 465 134 
40 417 53 
263 35 323 
109 183 138 
358 325 136 
355 114 115 
260 91 47 
41 46 176 
457 298 129 
16 31 429 
367 317 15 
111 412 268 
62 246 213 
187 426 486 
84 286 374 
188 410 8 
61 283 148 
281 139 178 
171 15 209 
349 427 335 
492 308 103 
237 158 438 
135 111 337 
372 294 218 
84 32 128 
186 109 45 
388 12 328 
125 332 452 
394 218 270 
279 63 480 
205 15 173 
448 37 299 
235 393 172 
87 142 387 
99 324 259 
245 245 364 
37 297 271 
64 141 315 
146 471 13 
74 386 220 
219 35 219 
285 319 140 
302 438 104 
314 33 261 
187 444 244 
356 41 103 
145 278 225 
146 179 215 
302 203 167 
98 151 397 
284 485 445 
469 178 75 
393 456 430 
71 147 399 
196 202 279 
434 137 242 
260 407 495 
134 342 114 
480 246 249 
106 140 173 
437 23 432 
378 248 392 
312 239 363 
313 140 193 
22 465 323 
204 47 437 
105 472 370 
180 163 142 
314 424 297 
152 244 444 
408 16 333 
120 165 228 
326 154 67 
23 486 454 
329 285 83 
463 76 64 
21 82 228 
427 148 204 
246 76 317 
485 75 478 
228 132 451 
307 178 457 
152 258 222 
468 134 301 
449 159 340 
434 491 223 
118 375 281 
416 180 422 
374 21 446 
366 142 76 
301 188 69 
388 165 438 
45 409 1 
273 279 73 
125 352 145 
0 71 357 
74 159 98 
295 334 119 
415 318 56 
76 245 107 
417 37 140 
141 263 486 
266 105 160 
348 111 437 
214 227 460 
67 5 490 
280 305 312 
96 438 162 
172 319 21 
242 166 9 
270 278 339 
276 484 73 
278 471 11 
204 43 31 
263 309 184 
0 116 156 
373 312 439 
55 377 262 
104 386 419 
249 328 284 
191 156 421 
209 407 386 
412 422 218 
134 411 431 
457 345 209 
442 175 289 
179 98 442 
446 457 430 
237 413 62 
305 176 60 
166 56 17 
188 122 35 
46 434 369 
37 19 185 
61 334 486 
114 240 175 
340 486 155 
324 463 249 
214 167 279 
56 334 150 
347 108 23 
279 471 14 
29 239 242 
176 339 416 
57 390 3 
365 226 78 
281 344 335 
470 151 484 
377 292 290 
314 37 212 
239 320 383 
177 337 212 
476 318 350 
471 446 148 
349 263 399 
262 324 32 
31 150 380 
431 140 155 
295 301 475 
383 244 61 
98 477 117 
393 456 60 
2 440 209 
416 230 474 
128 347 476 
417 415 253 
257 107 90 
477 188 377 
403 199 91 
91 130 438 
497 171 97 
123 213 168 
235 464 266 
275 283 140 
4 332 344 
472 64 7 
431 11 184 
287 313 263 
398 261 467 
483 151 42 
92 274 260 
474 159 297 
121 100 251 
390 419 328 
80 93 392 
145 426 315 
260 428 436 
91 459 238 
391 249 498 
108 390 343 
16 1 120 
474 162 267 
269 464 107 
91 280 388 
278 111 401 
344 42 277 
59 305 453 
253 350 470 
108 29 105 
1 447 273 
435 470 164 
214 279 102 
479 449 181 
389 130 80 
427 124 394 
81 274 173 
158 311 43 
361 487 389 
226 68 149 
480 430 166 
378 474 445 
429 393 436 
155 454 411 
68 232 61 
37 223 460 
338 413 26 
483 368 92 
489 440 35 
17 449 110 
277 253 80 
178 77 251 
23 309 132 
142 423 108 
63 353 449 
166 231 323 
320 53 496 
28 45 284 
224 21 314 
213 427 56 
405 358 0 
76 103 274 
372 329 129 
448 467 207 
23 281 164 
233 204 378 
113 209 303 
380 240 3 
23 464 390 
415 474 83 
238 396 396 
0 291 163 
427 138 481 
393 231 336 
258 12 380 
294 290 29 
328 366 57 
468 256 13 
497 293 99 
445 118 416 
286 448 187 
276 346 103 
200 140 6 
0 103 490 
10 166 80 
398 38 204 
323 343 442 
349 241 349 
86 79 315 
323 410 241 
452 407 468 
112 219 45 
452 83 432 
233 289 459 
459 185 94 
22 426 171 
10 294 217 
484 353 450 
181 175 63 
214 163 224 
255 394 344 
268 17 209 
276 134 110 
219 62 193 
241 180 3 
494 66 120 
4 397 2 
25 79 27 
26 91 271 
445 411 175 
168 178 331 
166 277 148 
373 426 272 
49 47 132 
244 88 225 
293 186 77 
174 191 182 
319 499 71 
422 305 260 
342 417 221 
140 357 102 
194 369 174 
192 409 444 
80 218 223 
191 243 88 
286 424 113 
280 5 176 
81 308 77 
149 23 189 
66 332 313 
164 247 71 
161 473 339 
306 378 361 
341 350 361 
346 323 263 
190 295 331 
272 481 122 
491 133 153 
229 391 116 
314 276 205 
402 214 136 
377 476 466 
102 167 357 
483 452 2 
100 301 393 
187 175 258 
441 203 283 
268 199 190 
319 150 394 
185 93 119 
35 227 325 
274 33 172 
247 212 396 
103 383 330 
472 370 316 
263 186 196 
230 443 269 
487 383 439 
367 319 90 
18 39 404 
198 175 495 
128 325 445 
358 405 316 
332 40 498 
436 394 418 
232 11 287 
137 229 21 
173 292 442 
247 449 2 
346 377 23 
363 7 320 
484 283 451 
387 323 72 
287 135 377 
248 109 3 
202 174 325 
410 58 19 
84 271 136 
247 224 430 
290 189 235 
141 46 408 
377 436 273 
175 177 247 
496 139 410 
393 223 458 
276 456 230 
60 311 91 
171 331 478 
433 0 59 
9 110 467 
287 81 9 
411 488 64 
496 235 15 
170 456 491 
371 146 472 
303 173 111 
324 45 336 
376 23 414 
377 154 174 
241 63 377 
126 79 148 
244 342 346 
352 95 133 
149 128 161 
250 42 76 
167 481 357 
302 185 175 
13 1 286 
99 52 433 
114 379 362 
422 432 62 
375 397 170 
187 23 192 
127 60 460 
177 315 230 
320 369 186 
248 140 95 
226 268 320 
88 331 445 
140 144 31 
224 281 119 
295 2 374 
61 145 345 
134 79 94 
431 295 18 
344 48 172 
127 293 90 
372 374 224 
24 11 269 
22 207 123 
433 20 80 
248 439 180 
61 256 176 
270 196 455 
351 418 316 
438 128 19 
371 183 378 
190 469 254 
171 185 370 
215 308 431 
303 312 368 
318 87 32 
266 93 97 
210 390 48 
263 369 210 
174 33 190 
190 201 392 
142 94 48 
99 129 192 
46 387 466 
253 35 399 
19 170 33 
202 398 283 
253 393 303 
484 392 450 
458 5 57 
320 494 260 
93 294 479 
274 171 282 
253 59 50 
386 117 195 
132 293 349 
133 241 468 
432 236 212 
469 224 185 
250 126 285 
239 337 200 
195 330 165 
10 303 467 
87 384 471 
63 110 48 
304 67 148 
395 198 199 
213 266 231 
291 371 277 
24 273 293 
211 249 482 
338 216 244 
229 55 43 
478 398 197 
411 30 53 
398 84 499 
41 282 448 
320 84 137 
228 431 205 
52 257 103 
405 342 372 
491 360 242 
58 317 160 
147 102 332 
472 35 57 
31 79 177 
255 453 40 
6 339 202 
146 471 129 
447 313 185 
189 234 484 
477 225 99 
82 99 265 
271 43 278 
298 300 456 
299 112 49 
227 200 468 
360 374 264 
278 193 379 
281 62 397 
249 317 110 
65 218 201 
236 241 212 
255 216 190 
31 52 44 
276 0 208 
286 280 260 
399 436 474 
109 200 492 
103 95 19 
62 96 447 
459 206 498 
443 351 230 
377 321 124 
57 144 27 
349 240 279 
65 386 393 
177 191 345 
303 105 402 
110 185 407 
452 47 38 
239 380 158 
186 219 264 
331 5 359 
435 229 399 
343 439 292 
265 220 31 
269 7 307 
371 247 87 
343 273 459 
388 58 412 
471 97 292 
116 291 386 
0 88 112 
305 259 404 
342 462 231 
27 298 267 
13 70 361 
275 447 356 
233 399 142 
333 470 459 
415 470 351 
8 425 326 
47 146 172 
479 415 185 
325 133 496 
290 327 244 
454 363 452 
430 427 457 
136 442 206 
461 372 316 
247 117 71 
466 109 190 
259 160 371 
55 307 482 
132 254 240 
382 397 162 
427 353 461 
97 58 202 
269 0 247 
474 27 318 
194 200 394 
130 465 177 
351 468 99 
152 153 183 
26 275 246 
388 178 306 
499 232 395 
210 403 220 
43 151 357 
22 439 119 
191 185 260 
290 35 98 
317 126 165 
297 79 59 
383 451 308 
269 202 489 
229 246 24 
335 1 64 
304 360 159 
97 238 66 
128 177 76 
442 226 445 
426 85 168 
89 109 34 
256 249 184 
295 341 485 
99 264 279 
490 374 307 
454 309 179 
438 306 455 
336 248 67 
97 420 274 
283 207 320 
35 437 206 
325 102 50 
437 481 188 
410 17 155 
31 86 230 
5 12 496 
176 153 358 
408 203 300 
52 359 281 
431 97 169 
130 215 92 
73 398 213 
498 240 485 
88 276 23 
31 284 18 
387 14 203 
410 330 418 
309 483 345 
199 228 102 
200 495 390 
22 283 51 
69 316 239 
332 266 418 
116 259 226 
337 98 494 
338 270 482 
313 45 321 
253 277 348 
2 301 288 
158 290 55 
263 409 186 
488 138 185 
247 35 344 
64 313 357 
335 220 125 
357 291 42 
367 303 312 
172 246 484 
56 90 242 
131 166 52 
416 203 327 
192 92 322 
294 119 197 
258 319 87 
199 350 175 
25 338 308 
484 300 240 
470 495 226 
343 340 111 
338 40 333 
172 332 352 
373 385 118 
209 471 261 
268 466 431 
204 278 173 
225 486 221 
210 414 236 
428 133 419 
158 245 229 
311 462 277 
283 85 332 
241 70 96 
192 104 472 
444 29 446 
27 491 359 
186 363 460 
471 296 283 
363 91 145 
51 18 481 
208 264 488 
166 171 360 
