1000
3
398 375 371 
408 338 409 
401 203 280 
34 308 444 
397 391 45 
86 33 447 
152 66 105 
214 183 128 
183 262 304 
282 410 115 
344 474 469 
479 393 111 
435 149 268 
231 93 395 
85 12 357 
488 348 36 
56 184 476 
384 235 151 
411 396 425 
404 282 66 
388 102 451 
329 247 170 
309 461 21 
332 243 173 
422 441 470 
203 31 286 
172 398 438 
86 102 110 
419 74 130 
170 17 325 
194 298 462 
344 42 219 
311 232 140 
408 380 315 
495 314 337 
310 401 94 
454 400 467 
236 89 181 
199 476 437 
106 296 228 
326 456 119 
12 352 324 
413 357 173 
137 62 46 
92 78 28 
10 104 251 
40 472 391 
323 319 269 
208 105 245 
463 83 139 
341 186 448 
261 221 487 
181 439 52 
326 346 33 
85 426 384 
308 374 417 
62 89 311 
414 393 347 
378 198 183 
178 256 74 
75 103 385 
354 347 68 
45 232 270 
416 91 417 
12 272 484 
65 209 165 
401 154 211 
2 153 366 
218 343 354 
123 2 324 
235 61 22 
7 160 30 
327 89 430 
34 399 375 
361 9 293 
234 188 434 
107 418 153 
291 296 3 
254 438 400 
187 264 331 
205 271 158 
196 135 37 
306 168 252 
379 356 441 
255 130 176 
411 92 99 
195 61 165 
442 362 78 
31 337 287 
305 375 116 
288 204 224 
39 318 156 
195 417 83 
454 135 488 
132 441 115 
382 83 487 
21 303 425 
82 452 206 
195 192 114 
34 475 8 
36 205 386 
76 448 448 
350 288 158 
430 470 348 
399 43 398 
407 206 262 
473 452 332 
222 400 401 
452 230 10 
336 92 380 
407 90 387 
80 310 108 
24 26 270 
232 215 293 
373 416 400 
232 8 310 
137 196 335 
51 129 352 
183 43 472 
305 5 92 
129 29 234 
163 488 58 
336 132 351 
233 11 52 
167 70 98 
404 158 19 
201 350 380 
196 6 197 
53 34 211 
19 445 304 
386 478 281 
259 80 203 
238 69 151 
151 91 494 
389 57 318 
491 126 249 
13 49 42 
431 411 59 
100 8 130 
430 218 298 
422 154 255 
227 220 297 
114 495 378 
57 445 450 
140 171 238 
350 240 67 
174 403 141 
340 201 178 
53 288 410 
92 306 89 
236 266 92 
383 37 307 
210 430 291 
46 287 61 
0 281 136 
21 189 387 
136 164 340 
326 87 173 
149 150 331 
120 424 283 
228 167 284 
353 47 297 
224 245 440 
236 59 300 
430 126 162 
140 369 292 
227 413 498 
234 349 449 
153 264 443 
359 264 495 
366 131 268 
29 190 367 
275 69 296 
78 105 342 
439 469 43 
491 341 235 
153 485 482 
435 160 182 
465 453 425 
129 290 226 
101 108 395 
433 266 305 
203 154 255 
421 117 283 
237 255 359 
162 261 169 
42 485 294 
370 425 9 
360 56 167 
422 238 480 
231 242 10 
467 201 273 
135 444 494 
208 168 209 
411 385 100 
433 366 94 
402 431 338 
160 131 116 
253 192 338 
235 97 16 
372 274 217 
19 22 437 
231 114 333 
311 323 124 
21 241 65 
415 422 171 
152 77 215 
54 155 266 
280 172 337 
94 407 91 
498 243 307 
437 100 397 
403 266 168 
430 486 420 
319 471 131 
271 201 472 
195 365 193 
204 3 269 
313 299 293 
308 150 129 
47 313 301 
342 200 490 
21 85 282 
177 69 487 
89 81 121 
455 410 466 
325 339 368 
355 202 306 
276 305 134 
213 307 74 
407 97 110 
477 284 82 
366 106 499 
118 298 426 
315 102 470 
372 418 186 
342 332 163 
461 288 248 
11 203 387 
209 89 442 
424 144 240 
52 31 42 
437 427 132 
355 243 332 
197 127 240 
455 137 179 
421 67 134 
493 161 330 
58 14 211 
135 431 2 
118 451 294 
400 294 336 
427 301 449 
341 256 103 
84 380 427 
441 29 297 
434 208 122 
99 58 214 
356 273 92 
404 2 75 
173 444 100 
484 196 84 
384 416 346 
193 196 423 
409 472 2 
237 198 51 
82 77 86 
417 82 37 
396 315 400 
396 109 54 
372 390 21 
58 381 425 
286 358 287 
449 35 427 
67 259 267 
220 74 367 
444 466 495 
491 83 160 
17 345 286 
155 277 289 
2 64 246 
16 450 160 
59 145 260 
469 406 5 
67 22 311 
187 135 145 
340 26 46 
341 276 155 
335 123 397 
415 297 434 
15 229 89 
494 424 186 
257 440 335 
422 359 56 
401 314 222 
399 455 47 
55 73 22 
463 43 70 
209 465 489 
305 465 284 
456 25 70 
199 388 100 
473 127 426 
95 250 266 
401 469 345 
224 411 333 
118 237 221 
446 354 277 
176 425 249 
464 425 137 
46 243 36 
288 186 309 
418 190 357 
59 8 271 
50 65 312 
411 209 417 
195 237 360 
179 368 402 
48 452 17 
151 202 402 
220 217 290 
116 117 322 
131 477 79 
405 349 162 
288 68 104 
493 415 177 
306 59 469 
379 328 186 
356 471 131 
217 109 439 
34 404 36 
312 112 135 
142 448 408 
200 215 135 
400 137 142 
177 68 72 
274 133 227 
449 78 222 
372 306 145 
99 79 371 
109 238 199 
437 379 430 
37 277 200 
305 291 14 
42 497 186 
199 385 155 
173 52 269 
290 329 292 
154 338 178 
375 67 121 
257 294 304 
480 239 468 
67 127 476 
29 259 70 
290 275 116 
259 260 204 
430 465 457 
214 196 372 
363 86 213 
308 452 57 
123 445 412 
402 152 472 
403 84 2 
207 86 139 
274 14 42 
118 426 25 
225 264 112 
160 403 161 
364 351 117 
77 110 360 
432 475 128 
30 16 212 
155 98 487 
210 167 421 
62 444 494 
458 279 72 
207 152 78 
344 181 443 
250 252 99 
171 479 324 
178 89 155 
94 53 438 
126 295 77 
463 331 214 
34 471 272 
323 487 437 
305 69 382 
346 162 383 
363 147 496 
18 275 168 
235 240 332 
363 389 42 
292 232 381 
323 368 415 
363 192 376 
132 329 88 
180 96 284 
369 101 184 
290 478 150 
167 315 424 
187 490 318 
80 305 384 
182 330 132 
120 322 228 
341 477 479 
159 195 408 
384 276 106 
203 420 143 
24 163 441 
419 291 496 
476 206 431 
141 306 476 
53 145 418 
352 10 318 
288 283 319 
254 174 236 
237 347 366 
465 305 92 
429 249 409 
461 459 32 
110 306 231 
207 211 377 
178 200 139 
172 393 106 
452 134 360 
315 112 1 
70 351 317 
177 310 317 
416 422 387 
141 217 264 
329 148 91 
408 140 445 
32 298 239 
377 184 61 
46 129 412 
460 305 473 
429 171 425 
176 415 71 
408 396 40 
423 349 496 
45 66 466 
156 85 190 
375 222 24 
424 480 334 
12 123 271 
97 196 168 
271 235 166 
103 457 415 
55 171 357 
24 100 447 
497 141 332 
245 422 391 
229 133 420 
67 253 243 
102 199 83 
11 114 1 
234 102 63 
327 430 266 
348 251 185 
250 236 151 
293 164 365 
250 406 483 
162 9 334 
209 27 72 
210 263 67 
377 292 33 
413 447 121 
138 176 116 
342 383 395 
333 50 16 
374 172 111 
3 287 61 
243 126 398 
294 250 157 
180 256 491 
220 318 470 
259 243 486 
109 77 64 
178 231 213 
499 311 325 
468 421 242 
96 174 354 
417 315 415 
224 292 355 
82 498 426 
281 108 143 
129 256 226 
288 74 260 
75 8 462 
439 172 97 
66 347 497 
9 244 129 
321 61 492 
120 107 139 
395 143 41 
455 347 293 
185 238 16 
379 83 14 
81 31 317 
354 340 24 
91 306 321 
258 200 357 
389 497 365 
351 448 195 
21 278 212 
326 9 341 
57 252 327 
6 491 57 
366 133 427 
316 301 150 
139 498 70 
342 115 316 
97 127 388 
179 269 93 
29 73 247 
224 333 372 
107 239 34 
412 297 308 
307 408 201 
214 468 221 
78 96 255 
273 244 352 
294 3 40 
236 254 48 
211 422 19 
134 420 207 
486 190 358 
94 84 476 
294 282 16 
387 386 457 
432 367 192 
285 76 226 
165 148 173 
235 98 5 
174 147 436 
235 386 322 
48 346 437 
443 251 301 
492 487 452 
41 108 51 
473 61 459 
162 171 167 
27 404 471 
375 255 242 
217 268 421 
148 211 71 
477 457 227 
369 41 143 
218 261 198 
270 187 46 
213 215 176 
26 472 49 
155 423 96 
388 28 437 
250 370 363 
15 149 431 
278 251 462 
206 370 311 
467 143 343 
433 262 449 
249 419 187 
211 129 194 
285 70 449 
150 205 293 
465 101 372 
221 115 36 
233 249 42 
458 432 303 
175 94 33 
50 285 242 
344 111 359 
338 409 171 
396 10 52 
243 247 22 
89 223 381 
252 339 149 
1 13 278 
365 6 373 
138 438 264 
61 67 80 
412 39 451 
497 370 209 
67 112 146 
392 463 173 
11 148 409 
422 329 281 
221 150 385 
352 127 167 
23 252 449 
88 460 28 
123 1 170 
381 277 148 
157 38 90 
156 343 480 
256 159 68 
361 259 262 
145 481 83 
470 199 407 
497 276 209 
54 345 72 
215 163 376 
50 41 492 
357 257 212 
59 141 302 
19 149 144 
51 382 11 
387 100 436 
315 313 475 
268 464 2 
398 111 223 
115 99 409 
190 71 346 
306 95 22 
311 407 322 
245 467 173 
404 267 435 
69 372 444 
355 275 304 
403 74 30 
61 421 112 
159 16 461 
174 178 425 
350 373 392 
250 326 105 
438 242 65 
145 142 208 
269 480 6 
22 22 52 
306 471 425 
491 267 49 
27 255 394 
369 495 7 
414 284 189 
368 316 390 
311 250 461 
454 333 483 
94 142 154 
226 219 231 
265 454 36 
461 398 26 
462 3 431 
33 199 481 
199 202 202 
419 51 474 
218 359 294 
91 169 272 
82 261 48 
18 426 300 
282 357 67 
197 306 385 
4 138 463 
37 390 60 
352 385 172 
165 17 382 
56 139 41 
468 103 116 
72 215 356 
211 117 446 
269 496 134 
270 77 165 
256 264 38 
256 43 450 
259 415 229 
60 482 354 
235 269 81 
243 162 242 
474 356 360 
478 393 26 
232 389 178 
84 443 285 
269 418 97 
402 119 408 
252 377 426 
203 288 110 
380 302 216 
372 149 23 
344 176 259 
25 144 331 
239 5 426 
485 355 29 
473 301 402 
365 182 429 
88 78 328 
132 488 210 
327 137 4 
33 124 92 
460 2 53 
59 474 433 
428 297 118 
449 359 330 
214 179 320 
112 189 429 
303 304 246 
497 277 446 
400 471 358 
238 476 150 
28 447 379 
148 407 322 
31 465 489 
268 141 133 
251 425 364 
281 453 37 
385 223 415 
285 335 495 
389 55 22 
478 143 144 
129 255 306 
70 37 425 
122 86 401 
164 45 108 
376 140 209 
326 442 404 
286 452 242 
101 391 73 
40 38 311 
279 195 316 
476 116 496 
306 268 337 
103 402 356 
362 262 136 
310 333 303 
113 258 320 
354 88 453 
200 21 337 
271 315 37 
39 235 294 
355 220 53 
25 435 352 
313 165 128 
90 327 303 
216 151 439 
467 428 313 
261 344 405 
13 401 195 
250 414 262 
143 394 241 
46 160 181 
366 124 393 
35 445 397 
184 189 118 
495 332 56 
34 284 50 
184 318 103 
181 215 379 
354 272 135 
293 409 394 
63 222 326 
281 173 286 
439 224 127 
144 304 455 
216 428 389 
190 159 289 
365 62 337 
391 264 347 
168 469 380 
11 246 205 
303 192 199 
436 205 325 
279 421 474 
495 301 394 
14 335 32 
482 149 121 
247 60 402 
387 190 429 
447 428 451 
112 284 368 
471 214 114 
308 24 176 
466 20 44 
38 450 29 
268 80 288 
342 455 131 
447 288 461 
334 287 361 
380 162 197 
17 294 232 
12 179 61 
196 359 71 
412 202 69 
374 48 233 
379 339 468 
379 380 242 
265 124 270 
19 237 480 
45 452 426 
320 234 437 
384 409 370 
216 252 48 
245 364 345 
97 162 159 
238 23 265 
441 252 174 
32 101 298 
100 175 75 
379 26 267 
116 329 474 
370 197 464 
159 357 375 
209 17 406 
64 345 471 
297 59 330 
87 71 450 
434 119 495 
233 95 327 
457 264 111 
216 444 397 
107 233 32 
480 395 425 
313 156 303 
299 195 234 
313 154 379 
418 8 217 
434 339 468 
420 17 408 
479 261 441 
357 208 125 
18 111 147 
268 240 236 
278 460 338 
479 331 110 
195 295 462 
43 130 317 
305 85 69 
231 115 251 
34 344 283 
347 39 22 
428 479 377 
291 483 483 
80 429 427 
452 313 496 
80 431 164 
43 474 49 
276 450 21 
28 406 62 
159 12 355 
480 114 344 
371 205 141 
304 127 251 
43 334 362 
108 287 485 
304 183 114 
225 459 13 
438 10 0 
266 119 429 
411 114 384 
101 106 359 
213 8 120 
407 121 121 
5 344 275 
270 158 76 
230 62 113 
280 206 128 
347 233 353 
72 434 329 
367 8 348 
220 442 380 
29 67 55 
279 227 483 
14 413 428 
243 136 433 
266 434 292 
0 111 68 
19 1 378 
24 41 96 
146 292 10 
414 434 359 
125 174 271 
115 340 82 
187 82 373 
358 103 110 
22 398 72 
422 297 291 
14 377 498 
171 73 278 
89 314 121 
297 275 126 
309 92 197 
87 140 70 
321 336 337 
207 42 110 
306 46 39 
378 228 279 
380 391 154 
200 62 134 
403 102 108 
314 497 254 
210 384 428 
118 258 215 
8 362 89 
321 429 155 
117 54 13 
32 393 315 
24 261 87 
108 35 421 
63 278 129 
480 272 155 
192 277 228 
264 49 355 
223 481 116 
6 425 162 
358 393 338 
278 436 86 
52 416 390 
434 309 229 
73 369 122 
84 255 149 
99 458 73 
391 48 315 
297 375 358 
163 322 10 
272 106 18 
111 109 397 
288 374 119 
213 482 447 
429 11 197 
470 150 199 
372 397 139 
363 480 329 
19 172 431 
11 141 479 
428 54 422 
481 226 1 
414 293 315 
282 362 195 
138 302 272 
386 462 470 
348 323 477 
23 250 18 
189 418 428 
71 381 74 
209 485 181 
402 420 299 
305 24 45 
120 495 392 
166 189 491 
355 479 234 
472 27 331 
433 322 372 
465 142 424 
365 44 116 
432 201 427 
183 389 90 
229 221 245 
348 337 271 
235 326 418 
379 200 157 
240 134 39 
62 287 312 
499 375 360 
121 74 392 
405 240 95 
32 65 367 
92 234 122 
482 226 172 
256 53 123 
382 247 313 
99 321 92 
71 331 224 
61 256 151 
281 263 409 
229 257 418 
178 207 346 
192 198 134 
466 182 182 
66 428 300 
44 319 242 
156 268 317 
290 123 81 
148 119 172 
217 214 261 
362 379 7 
490 232 251 
428 295 0 
216 480 10 
178 74 27 
217 58 322 
156 436 122 
323 494 81 
53 92 467 
413 5 100 
250 40 352 
274 375 138 
154 377 221 
184 488 425 
244 366 436 
229 45 63 
210 104 344 
247 47 258 
193 262 321 
448 295 129 
79 180 133 
142 283 12 
113 352 129 
474 459 437 
54 121 268 
430 315 39 
486 405 13 
166 357 259 
130 218 311 
327 381 404 
