1000
3
269 284 89 
132 292 193 
31 134 406 
378 4 465 
23 303 241 
281 452 78 
492 113 310 
112 87 338 
114 293 302 
152 23 227 
0 127 414 
442 174 202 
14 302 370 
457 183 391 
386 162 348 
410 270 356 
453 298 217 
407 249 278 
36 235 464 
45 73 443 
297 212 451 
137 348 216 
243 402 58 
93 250 13 
391 7 290 
277 328 24 
224 287 33 
414 396 165 
35 235 137 
189 239 331 
320 367 140 
223 282 291 
55 464 181 
406 424 126 
168 32 182 
479 281 378 
423 128 336 
19 365 123 
130 361 85 
456 217 306 
95 222 238 
302 164 465 
13 126 52 
115 420 40 
19 200 471 
30 471 235 
192 429 229 
6 95 164 
353 225 187 
209 215 212 
284 192 358 
496 432 434 
97 412 192 
413 51 397 
264 279 9 
151 107 288 
258 239 66 
455 494 315 
40 337 171 
484 223 116 
214 160 242 
187 59 443 
470 130 111 
428 332 342 
499 34 109 
339 45 372 
25 218 4 
167 154 378 
270 82 20 
367 286 476 
458 402 188 
19 284 116 
308 44 76 
170 106 88 
236 418 213 
154 494 409 
3 414 420 
20 349 482 
47 272 377 
444 82 437 
96 413 411 
312 91 381 
245 255 293 
155 318 406 
218 408 229 
212 496 364 
220 315 491 
466 24 1 
16 370 474 
40 447 272 
86 273 485 
175 207 336 
369 487 245 
212 479 184 
115 103 299 
209 49 349 
241 486 183 
395 9 466 
297 446 266 
249 291 66 
484 426 8 
17 78 97 
102 132 443 
312 72 190 
98 99 264 
355 197 126 
170 449 423 
211 479 275 
493 393 124 
350 142 37 
269 334 188 
103 113 429 
431 5 8 
43 162 272 
499 294 109 
460 465 212 
416 483 223 
227 23 102 
80 437 343 
477 427 95 
101 304 45 
68 463 158 
407 298 135 
145 240 181 
433 352 469 
87 360 451 
14 409 445 
53 497 128 
488 81 277 
224 207 150 
73 446 195 
35 308 401 
485 380 265 
352 358 131 
447 298 131 
440 146 287 
400 472 75 
250 482 416 
451 372 31 
118 87 132 
433 368 331 
38 338 22 
236 299 139 
328 48 295 
390 169 225 
474 38 30 
371 447 101 
286 279 159 
448 410 485 
499 115 26 
442 254 221 
328 411 489 
25 358 201 
80 439 30 
34 454 340 
208 358 98 
196 160 215 
398 230 231 
279 488 167 
154 135 492 
129 145 230 
292 427 338 
276 244 230 
416 53 327 
454 43 42 
478 18 76 
245 48 451 
130 318 462 
280 217 331 
238 36 329 
338 143 433 
103 122 88 
324 432 322 
350 413 495 
418 396 120 
458 416 310 
240 365 252 
490 370 475 
417 484 58 
113 310 420 
385 157 249 
218 110 476 
251 213 234 
429 290 9 
195 142 333 
383 54 352 
160 215 49 
479 409 367 
324 27 130 
179 17 364 
78 297 459 
321 132 263 
392 392 173 
483 182 474 
327 210 460 
361 2 213 
146 400 479 
173 118 426 
465 227 275 
111 279 48 
104 428 69 
327 291 186 
471 74 324 
495 200 170 
248 169 49 
112 411 347 
472 4 142 
250 120 176 
427 309 103 
402 246 346 
384 467 464 
18 384 213 
151 379 187 
308 118 188 
276 2 197 
38 252 273 
0 486 297 
98 104 211 
216 303 102 
326 213 68 
469 421 43 
135 84 154 
455 460 89 
89 279 245 
137 129 56 
160 311 231 
65 334 32 
264 367 470 
89 139 481 
87 246 403 
9 330 312 
231 114 354 
257 108 413 
242 95 303 
371 441 18 
292 385 446 
151 275 47 
282 119 267 
307 100 358 
252 25 211 
377 310 320 
351 22 432 
4 301 303 
483 76 185 
63 353 296 
255 436 291 
47 218 370 
279 46 138 
424 473 321 
268 381 336 
348 56 347 
441 374 230 
221 417 174 
463 121 17 
90 251 259 
88 113 340 
343 172 82 
191 38 89 
187 470 92 
247 188 82 
4 35 300 
318 81 21 
246 337 280 
349 142 182 
27 477 348 
78 261 127 
22 172 261 
60 285 97 
205 157 169 
49 390 373 
401 7 82 
420 499 268 
355 354 258 
52 83 273 
110 326 326 
226 5 293 
235 23 323 
486 183 131 
253 108 89 
345 52 488 
223 279 376 
233 442 451 
288 463 68 
376 288 149 
358 336 290 
233 498 37 
323 313 147 
207 453 111 
344 189 370 
92 120 320 
148 235 338 
69 173 54 
362 321 211 
423 464 351 
485 393 333 
215 440 53 
234 67 408 
272 200 103 
31 350 50 
2 100 414 
16 43 10 
33 204 482 
220 77 213 
485 333 352 
420 275 41 
381 428 340 
26 438 330 
190 429 308 
313 416 77 
61 5 370 
203 9 343 
88 301 335 
337 368 80 
34 90 227 
213 405 252 
332 7 388 
160 254 407 
314 483 335 
138 135 80 
397 388 94 
434 80 14 
173 331 91 
229 361 499 
229 375 45 
243 264 435 
330 499 2 
404 174 395 
202 79 263 
349 82 159 
407 252 271 
283 61 368 
358 354 14 
246 311 179 
278 489 343 
151 475 239 
416 439 157 
230 52 32 
271 450 442 
135 429 43 
167 31 163 
81 45 70 
283 388 494 
295 172 3 
156 177 475 
9 40 56 
426 250 302 
258 104 80 
112 391 99 
1 358 102 
90 462 234 
335 151 150 
444 269 352 
138 270 57 
259 309 439 
362 44 483 
358 260 444 
295 474 203 
359 146 12 
65 474 40 
5 100 236 
337 270 143 
244 341 2 
257 324 293 
20 207 344 
450 319 55 
172 128 427 
317 408 124 
72 459 300 
19 361 249 
257 36 11 
486 295 225 
13 35 424 
81 46 281 
434 285 177 
251 377 221 
16 122 488 
440 248 104 
22 496 49 
476 93 344 
387 356 227 
191 197 423 
196 469 294 
70 281 378 
345 25 91 
407 70 223 
20 434 99 
82 255 406 
169 325 498 
307 81 276 
98 476 10 
242 284 410 
70 259 215 
338 468 325 
253 324 121 
158 38 3 
81 452 480 
277 23 371 
339 227 266 
48 297 61 
362 290 40 
352 298 179 
228 9 170 
106 40 64 
120 496 294 
159 154 482 
92 484 35 
401 325 57 
25 345 406 
258 94 260 
97 34 151 
483 179 495 
483 451 271 
189 198 41 
98 34 367 
307 283 435 
143 372 161 
11 31 272 
163 488 152 
77 252 279 
307 362 328 
46 221 289 
163 122 417 
489 313 344 
250 451 454 
332 211 246 
209 36 196 
189 224 123 
99 367 219 
1 337 414 
218 60 12 
418 389 405 
186 150 323 
405 496 374 
211 492 168 
208 432 99 
465 232 250 
282 494 163 
6 241 374 
203 295 68 
123 220 224 
58 364 48 
264 71 414 
454 392 275 
411 134 11 
439 323 80 
491 479 129 
247 72 89 
376 432 255 
320 111 399 
341 293 46 
120 398 336 
73 284 293 
196 175 127 
182 480 188 
464 331 107 
88 172 36 
443 315 368 
277 105 290 
159 454 321 
100 425 140 
212 375 385 
471 284 429 
9 276 181 
492 235 72 
181 173 490 
30 354 53 
363 86 91 
2 222 371 
31 389 305 
313 295 311 
439 48 161 
93 383 472 
322 141 216 
330 48 330 
73 259 114 
132 294 160 
458 337 17 
362 236 412 
296 29 117 
21 20 69 
175 266 62 
321 56 413 
299 128 159 
325 493 149 
246 487 142 
274 478 143 
289 341 389 
133 79 48 
74 432 165 
228 168 312 
211 285 216 
83 262 431 
389 194 375 
216 182 165 
236 247 63 
359 224 155 
98 435 319 
354 245 156 
160 208 212 
421 390 478 
88 413 50 
95 35 115 
111 123 137 
228 489 288 
248 437 36 
151 468 485 
217 175 65 
452 487 233 
33 23 108 
289 11 125 
407 384 302 
173 378 391 
408 266 104 
216 86 320 
225 380 101 
221 91 153 
267 337 437 
165 432 74 
371 268 144 
73 160 484 
222 54 0 
287 276 138 
202 491 274 
172 371 425 
317 321 1 
487 60 365 
487 241 285 
47 338 343 
110 389 213 
238 208 138 
274 100 182 
369 324 282 
103 11 374 
205 81 325 
310 64 66 
19 243 394 
117 25 216 
432 323 9 
182 462 468 
173 450 19 
12 55 352 
218 118 322 
456 497 332 
301 418 105 
238 392 401 
385 481 335 
338 416 209 
476 420 8 
111 172 164 
29 113 105 
365 191 252 
303 358 6 
343 401 28 
168 225 331 
351 397 389 
75 482 154 
207 73 67 
478 248 40 
333 143 74 
370 28 461 
98 159 280 
435 315 59 
338 447 432 
186 316 435 
256 78 224 
331 445 136 
483 488 378 
164 97 124 
477 239 341 
220 121 186 
223 338 438 
258 277 41 
483 318 114 
454 418 461 
248 143 227 
133 238 379 
275 197 105 
248 187 284 
4 361 292 
110 26 355 
90 53 348 
476 278 73 
241 327 15 
376 233 279 
80 334 159 
486 132 28 
19 394 258 
88 488 413 
395 257 120 
422 183 98 
420 120 199 
82 427 102 
350 389 100 
492 303 86 
20 458 103 
168 286 2 
397 96 157 
284 146 26 
76 95 428 
72 145 23 
279 357 309 
91 470 289 
121 461 133 
46 489 232 
115 283 93 
370 423 153 
393 66 256 
448 363 213 
497 348 220 
402 24 353 
32 391 87 
36 319 65 
17 443 241 
112 71 453 
290 467 347 
360 446 255 
291 163 192 
402 3 177 
94 132 52 
244 442 234 
157 331 448 
183 208 75 
443 264 271 
212 375 196 
265 436 65 
301 71 28 
231 219 87 
392 286 10 
492 322 392 
134 442 287 
316 59 257 
14 106 19 
477 165 213 
290 303 434 
111 321 499 
312 59 99 
499 487 102 
280 145 214 
428 83 198 
375 339 375 
437 193 167 
162 318 487 
464 18 356 
252 473 410 
339 287 166 
302 224 124 
95 15 19 
6 369 210 
58 194 390 
395 280 145 
223 374 173 
113 350 89 
190 477 412 
141 449 227 
122 168 430 
423 315 360 
232 382 295 
311 75 333 
419 235 440 
364 332 300 
128 451 278 
296 83 485 
286 222 372 
0 450 84 
101 109 269 
352 155 409 
82 95 193 
185 321 250 
303 258 284 
85 175 344 
306 489 169 
238 394 140 
286 200 472 
264 131 313 
276 238 375 
444 78 207 
80 441 119 
454 464 220 
430 20 216 
107 225 348 
282 330 51 
134 483 17 
214 27 195 
165 202 187 
469 343 68 
96 352 122 
81 95 400 
448 11 482 
188 449 122 
73 436 136 
229 358 342 
182 372 487 
441 321 394 
485 226 470 
128 452 177 
359 249 14 
192 256 73 
334 199 373 
305 263 390 
338 445 210 
188 4 456 
424 210 324 
65 484 73 
188 331 330 
74 469 416 
177 78 412 
323 235 106 
295 68 71 
321 409 117 
440 221 104 
422 377 244 
215 359 117 
203 207 110 
310 474 277 
392 161 359 
459 228 148 
458 55 35 
164 62 445 
496 110 130 
295 188 434 
14 208 262 
252 252 110 
245 419 480 
161 26 463 
444 37 437 
79 462 164 
337 268 40 
498 144 101 
193 267 118 
115 218 271 
377 289 264 
388 97 498 
305 344 18 
63 82 376 
495 49 3 
314 323 239 
43 472 191 
385 488 288 
86 225 231 
241 365 243 
1 394 428 
160 237 457 
411 251 401 
13 214 113 
368 374 435 
363 95 124 
361 166 253 
451 306 31 
366 470 138 
489 203 446 
355 484 487 
467 81 436 
441 447 387 
431 230 174 
306 332 427 
493 54 441 
284 54 299 
52 225 317 
229 30 321 
467 167 221 
454 424 334 
384 336 79 
81 405 93 
49 59 242 
138 190 449 
361 367 438 
154 19 358 
180 461 220 
158 70 217 
170 415 364 
297 24 71 
498 39 42 
336 345 255 
386 224 117 
149 277 106 
386 427 267 
279 365 341 
46 445 363 
20 79 129 
341 334 280 
339 335 308 
39 343 259 
98 358 59 
221 471 488 
55 454 350 
270 487 489 
352 56 199 
358 25 364 
241 410 259 
181 293 264 
320 387 225 
443 133 109 
121 1 286 
324 357 468 
130 454 246 
463 181 223 
315 156 81 
458 332 225 
444 487 230 
121 118 418 
479 438 178 
431 85 369 
254 51 214 
26 129 132 
430 441 123 
490 208 350 
412 151 264 
194 441 33 
214 330 442 
2 185 497 
157 437 414 
474 422 40 
155 320 206 
385 129 467 
405 143 102 
461 182 45 
318 469 397 
166 404 331 
305 90 492 
413 225 309 
8 474 281 
490 471 105 
18 286 464 
473 150 463 
403 408 207 
279 133 231 
103 158 463 
121 461 77 
205 424 491 
321 315 37 
351 344 136 
286 213 335 
85 235 455 
485 98 283 
380 356 335 
121 142 10 
388 483 43 
7 363 310 
344 426 118 
96 313 314 
406 120 273 
391 5 436 
422 490 117 
336 28 126 
458 142 195 
105 494 426 
32 271 481 
62 393 285 
60 92 393 
407 6 284 
42 372 270 
492 147 363 
372 261 126 
235 91 28 
7 63 96 
295 139 317 
388 183 31 
290 101 491 
101 175 375 
75 234 338 
151 267 427 
211 82 398 
409 334 439 
451 291 320 
430 299 238 
270 4 245 
473 17 256 
36 320 207 
381 427 292 
495 367 231 
417 245 480 
289 278 21 
135 471 198 
346 247 401 
276 403 370 
409 118 258 
26 445 204 
13 178 289 
423 39 423 
297 89 498 
21 396 495 
91 265 371 
201 44 212 
285 363 198 
17 84 158 
8 312 490 
75 19 331 
102 116 12 
99 385 0 
344 308 30 
408 91 352 
378 299 408 
269 172 356 
269 478 9 
16 474 103 
191 207 381 
312 34 432 
418 449 324 
77 444 463 
338 214 128 
161 152 321 
312 110 160 
123 493 194 
381 157 399 
112 223 409 
7 2 455 
302 124 105 
56 383 413 
117 292 216 
430 137 294 
482 146 304 
446 261 318 
207 216 49 
28 479 357 
106 43 423 
422 10 307 
431 391 24 
5 12 318 
374 34 56 
153 488 381 
374 294 388 
410 203 77 
91 288 336 
264 410 243 
52 60 198 
405 370 216 
158 164 488 
199 366 10 
448 218 90 
383 492 264 
277 27 317 
483 128 284 
472 251 75 
87 440 325 
78 493 177 
327 338 212 
106 184 274 
480 307 72 
105 420 390 
137 66 138 
255 280 464 
316 307 359 
29 220 213 
176 342 239 
72 92 28 
266 266 77 
312 1 55 
337 126 189 
431 433 180 
286 113 359 
456 134 479 
113 24 110 
359 79 249 
15 300 191 
262 268 28 
479 298 22 
383 75 418 
80 100 5 
374 166 383 
179 272 98 
126 348 186 
352 89 332 
393 247 314 
91 338 71 
167 140 385 
37 383 499 
118 305 396 
472 112 440 
389 294 5 
256 357 333 
340 353 136 
236 361 26 
22 368 399 
252 251 318 
193 58 133 
184 355 326 
385 368 425 
488 45 200 
252 462 227 
94 308 353 
199 71 288 
235 452 479 
261 213 389 
338 127 148 
19 258 317 
367 77 186 
254 389 43 
470 10 137 
398 296 320 
122 342 411 
143 395 171 
330 240 215 
269 281 25 
482 237 445 
496 340 29 
434 228 150 
165 487 292 
148 49 428 
343 462 371 
331 131 267 
