1000
3
189 286 167 
333 7 212 
362 92 321 
83 87 213 
338 114 163 
35 145 485 
193 127 417 
277 160 21 
207 338 210 
53 377 124 
273 116 405 
142 359 121 
164 104 113 
150 97 259 
404 228 321 
103 175 98 
0 72 121 
299 128 126 
216 74 391 
224 384 308 
131 453 30 
229 185 426 
257 155 466 
59 130 440 
406 148 492 
426 395 248 
102 278 350 
342 70 395 
98 301 116 
361 446 142 
355 318 402 
260 209 344 
446 176 121 
382 385 250 
242 421 60 
204 451 215 
68 118 361 
79 407 92 
266 114 3 
441 424 166 
493 57 488 
45 85 81 
93 279 391 
170 191 282 
454 340 92 
427 353 262 
69 45 394 
361 132 376 
115 457 103 
72 296 235 
361 165 164 
388 337 417 
392 270 143 
472 482 26 
99 84 468 
43 245 0 
387 67 362 
31 115 92 
234 331 449 
361 207 406 
164 362 383 
230 383 74 
159 473 28 
381 286 413 
1 91 241 
443 31 60 
68 37 355 
229 83 450 
382 360 219 
174 119 344 
180 160 372 
127 453 312 
465 454 134 
17 199 347 
63 252 421 
230 317 411 
147 450 330 
326 361 338 
390 236 196 
212 245 178 
230 62 376 
112 98 30 
384 477 364 
397 54 214 
67 163 145 
202 310 445 
423 369 153 
35 54 479 
117 261 364 
145 339 81 
9 479 157 
40 97 209 
196 491 459 
400 158 448 
448 23 288 
102 41 495 
424 41 35 
61 456 220 
461 244 259 
6 365 108 
81 67 329 
9 163 200 
322 164 149 
309 294 312 
172 392 482 
305 48 108 
343 491 10 
475 413 333 
468 172 407 
341 330 405 
30 89 297 
354 221 228 
431 340 258 
27 338 369 
315 62 77 
147 269 447 
441 456 454 
166 186 206 
326 372 438 
496 203 362 
167 78 77 
100 400 265 
116 388 154 
63 271 177 
81 190 75 
26 199 451 
430 253 178 
339 362 360 
78 18 80 
59 9 72 
493 287 226 
405 347 279 
261 9 351 
81 484 397 
492 259 172 
373 1 285 
192 31 351 
284 496 493 
132 181 190 
99 468 112 
73 348 214 
139 162 427 
445 415 32 
449 434 59 
117 302 145 
368 75 426 
262 445 369 
399 229 435 
310 265 52 
77 480 461 
482 47 162 
335 350 480 
469 214 221 
14 297 122 
211 169 168 
79 313 265 
188 448 129 
139 454 343 
249 266 336 
192 149 323 
466 229 91 
26 189 113 
124 148 45 
116 257 191 
489 244 249 
289 274 130 
478 101 409 
200 104 294 
482 388 77 
330 242 477 
216 125 241 
193 377 492 
189 336 397 
104 495 416 
439 395 43 
443 46 257 
315 185 123 
264 125 118 
239 120 135 
156 115 7 
392 54 440 
425 365 443 
93 54 302 
202 496 113 
394 275 429 
285 431 94 
2 310 495 
463 428 331 
285 474 275 
176 267 445 
409 60 31 
121 101 480 
326 34 336 
490 17 64 
382 465 80 
323 333 117 
266 213 42 
221 118 392 
293 6 159 
223 416 121 
151 402 473 
425 467 98 
229 254 255 
106 168 0 
389 113 378 
105 427 5 
417 252 390 
438 18 376 
183 440 370 
295 89 349 
137 109 46 
379 154 70 
470 318 169 
167 434 339 
483 395 82 
458 69 441 
392 18 55 
146 342 279 
237 476 327 
291 391 232 
15 102 258 
238 18 464 
75 420 106 
425 216 167 
105 242 195 
427 328 263 
354 112 79 
29 245 41 
295 321 363 
21 378 62 
264 201 283 
280 272 473 
321 410 78 
463 162 15 
144 154 152 
185 290 228 
412 183 246 
244 292 426 
450 332 290 
119 237 190 
312 103 93 
473 211 451 
119 455 352 
331 114 422 
250 335 325 
80 461 478 
438 151 333 
127 100 96 
94 121 298 
208 276 298 
383 1 120 
216 134 464 
250 165 126 
234 259 249 
310 57 178 
22 420 197 
430 332 377 
368 123 143 
53 311 114 
290 264 207 
337 242 360 
37 432 300 
471 126 21 
276 102 147 
113 215 288 
437 435 8 
272 36 417 
163 358 462 
363 94 76 
251 264 374 
170 228 463 
258 85 289 
282 287 17 
21 302 232 
218 314 248 
409 179 133 
276 92 126 
391 348 231 
244 41 236 
113 258 86 
184 159 199 
392 268 191 
473 319 215 
437 250 42 
427 383 475 
330 410 435 
307 277 58 
59 138 60 
95 484 297 
490 342 284 
351 73 214 
367 287 186 
167 117 53 
425 254 379 
411 479 355 
203 48 477 
416 197 92 
322 4 140 
467 157 24 
75 396 36 
49 102 114 
329 385 337 
34 247 60 
467 364 13 
465 455 304 
223 315 48 
198 434 382 
252 277 231 
161 488 405 
196 257 318 
157 255 342 
224 263 152 
54 401 279 
170 408 110 
307 281 50 
79 294 163 
462 159 136 
140 7 406 
404 81 56 
87 457 114 
11 163 135 
60 80 45 
252 483 385 
303 260 363 
322 98 1 
218 262 130 
447 322 344 
40 47 185 
476 333 216 
259 174 60 
267 183 54 
117 312 307 
327 347 38 
17 86 435 
224 431 406 
462 279 52 
220 212 152 
88 13 223 
362 427 225 
40 33 405 
209 257 38 
427 322 444 
331 34 111 
492 363 252 
292 286 331 
393 296 291 
132 59 486 
457 306 486 
370 367 134 
299 306 59 
135 452 316 
483 79 286 
162 80 316 
291 105 136 
307 447 148 
463 253 50 
153 0 313 
198 134 389 
379 388 42 
209 275 250 
139 418 442 
220 443 449 
41 171 51 
2 331 478 
12 380 385 
498 202 449 
318 161 168 
35 74 275 
253 429 320 
416 349 457 
299 46 451 
462 318 147 
67 353 341 
420 65 128 
380 330 305 
448 454 192 
478 362 207 
178 265 58 
114 389 367 
419 370 349 
99 274 105 
448 347 433 
375 27 255 
164 70 4 
380 364 495 
219 202 144 
37 430 124 
49 282 314 
353 73 21 
95 208 333 
263 92 321 
101 343 311 
435 465 30 
152 491 417 
89 474 47 
285 12 354 
149 243 315 
13 87 43 
124 28 435 
1 364 191 
99 146 149 
423 438 489 
50 285 359 
477 77 273 
308 237 201 
444 224 167 
139 70 145 
14 387 299 
460 446 309 
317 275 274 
127 243 485 
410 3 301 
455 199 317 
233 263 185 
169 350 493 
140 87 408 
173 438 416 
156 407 468 
142 381 407 
84 129 180 
161 368 353 
80 238 330 
292 239 10 
275 108 26 
138 21 50 
464 14 149 
334 15 151 
47 3 247 
401 446 68 
295 408 380 
60 277 278 
134 79 302 
386 384 494 
44 37 29 
117 346 217 
254 453 198 
55 197 99 
397 489 492 
416 403 398 
24 388 429 
234 498 283 
61 269 217 
268 198 345 
458 319 229 
27 392 449 
143 248 278 
196 357 213 
40 162 170 
117 423 56 
73 239 310 
14 267 2 
362 428 355 
430 284 353 
437 402 330 
277 237 161 
161 246 391 
314 499 96 
40 470 161 
110 406 481 
99 217 216 
153 119 231 
89 344 196 
196 116 222 
180 53 402 
318 154 55 
428 285 103 
220 420 133 
195 245 107 
281 81 307 
49 58 12 
340 484 157 
428 63 210 
156 480 404 
175 464 245 
321 80 417 
145 89 143 
129 259 142 
435 391 276 
320 447 163 
264 214 7 
412 190 57 
98 362 56 
97 364 22 
427 322 369 
112 163 212 
39 203 167 
342 169 141 
437 181 152 
233 498 131 
187 226 21 
267 263 394 
193 365 94 
177 92 197 
138 269 299 
324 56 254 
73 123 382 
319 385 32 
347 467 232 
409 447 471 
291 356 156 
37 369 369 
35 490 89 
2 247 353 
176 4 387 
442 66 224 
119 299 44 
305 19 310 
249 118 56 
417 173 397 
352 88 356 
245 396 84 
84 261 205 
298 291 457 
333 38 487 
434 412 145 
359 356 47 
474 195 7 
376 264 1 
368 360 262 
332 21 207 
30 102 128 
470 328 5 
458 419 35 
110 215 361 
8 150 58 
273 230 378 
450 14 223 
407 281 115 
181 468 62 
184 263 392 
338 383 483 
200 75 12 
284 41 460 
191 280 118 
294 138 367 
173 97 239 
337 344 160 
332 62 216 
322 250 169 
118 8 179 
238 446 183 
350 244 454 
232 134 220 
363 161 474 
79 487 276 
164 428 63 
30 300 73 
187 332 240 
128 385 478 
366 439 467 
50 442 269 
470 309 250 
20 468 493 
28 12 177 
18 92 378 
281 171 304 
2 185 322 
412 67 145 
16 494 296 
187 326 387 
204 35 332 
308 480 432 
4 141 373 
126 496 412 
429 452 50 
149 154 172 
77 97 170 
179 116 341 
491 53 479 
263 87 246 
194 49 188 
251 18 405 
209 63 23 
389 445 336 
420 375 462 
443 63 473 
7 257 264 
72 423 288 
101 246 12 
23 104 342 
435 238 269 
116 299 329 
304 138 270 
411 83 63 
185 179 136 
227 143 124 
133 404 160 
19 222 420 
229 289 492 
115 128 231 
453 32 102 
414 119 203 
432 119 294 
111 182 130 
143 447 245 
261 434 387 
317 304 253 
25 343 113 
169 285 360 
214 222 439 
401 85 401 
404 263 166 
114 164 69 
236 464 354 
254 138 159 
305 369 332 
381 272 227 
107 478 370 
238 357 487 
172 308 362 
359 88 308 
61 35 10 
367 288 323 
186 92 424 
490 181 380 
279 37 197 
240 415 61 
141 377 196 
101 85 242 
407 191 4 
206 478 286 
124 469 420 
41 223 321 
250 497 344 
493 279 276 
192 246 226 
378 119 279 
182 62 322 
95 448 174 
408 255 65 
304 46 185 
418 59 212 
243 13 134 
402 429 236 
457 259 358 
182 363 18 
299 227 53 
231 214 406 
167 456 74 
66 352 357 
184 44 260 
305 390 93 
263 376 124 
456 338 123 
415 456 278 
388 173 219 
481 203 312 
138 407 148 
417 201 414 
170 281 223 
331 497 58 
57 194 78 
335 148 302 
49 266 41 
313 251 476 
388 25 233 
388 60 63 
248 384 318 
391 308 87 
149 258 257 
12 159 328 
345 333 99 
438 400 14 
171 247 120 
486 324 467 
442 214 276 
25 491 329 
356 286 304 
11 384 379 
353 17 445 
87 264 391 
418 427 63 
85 178 423 
399 438 117 
362 172 303 
49 84 46 
440 149 360 
22 220 407 
140 203 469 
456 351 25 
407 301 105 
196 11 63 
139 196 306 
234 471 316 
152 495 481 
168 79 229 
68 318 159 
27 334 234 
323 413 134 
306 95 185 
36 310 297 
413 468 463 
55 46 73 
391 287 279 
413 50 71 
352 17 32 
252 446 111 
495 289 178 
64 111 56 
62 261 492 
492 96 289 
189 459 417 
124 336 176 
429 52 162 
350 10 213 
45 123 414 
432 411 139 
394 145 287 
61 245 341 
448 452 167 
111 494 80 
148 351 162 
460 433 221 
116 444 306 
181 284 268 
229 219 202 
440 279 478 
67 368 112 
178 10 67 
221 18 439 
443 471 334 
335 15 59 
134 201 374 
98 367 158 
261 106 467 
28 436 134 
207 252 351 
327 447 166 
278 164 398 
454 340 106 
423 406 33 
41 108 36 
470 158 441 
98 322 107 
143 27 247 
336 263 148 
333 464 169 
296 255 131 
1 354 259 
131 105 46 
158 207 443 
391 137 315 
111 332 60 
344 164 421 
63 175 335 
213 68 69 
468 134 118 
127 429 281 
116 459 307 
301 433 15 
151 371 468 
461 327 180 
272 116 237 
419 302 175 
209 181 52 
104 464 151 
218 137 31 
119 0 375 
263 348 226 
307 147 400 
65 138 209 
467 299 467 
226 358 410 
197 428 362 
454 64 57 
464 360 294 
86 158 280 
27 379 480 
351 8 347 
208 346 170 
45 311 238 
183 453 218 
305 379 344 
338 127 456 
378 356 246 
354 142 96 
412 291 181 
409 182 8 
297 95 175 
483 246 205 
319 269 210 
298 14 81 
484 63 425 
58 71 498 
31 499 189 
326 189 195 
488 395 476 
160 26 177 
89 288 29 
333 415 490 
394 412 489 
495 89 161 
303 55 235 
62 479 299 
176 183 53 
145 268 283 
424 264 78 
451 328 254 
147 445 148 
86 418 6 
392 55 420 
180 225 405 
307 160 130 
486 188 232 
396 196 446 
80 154 297 
431 35 449 
424 205 49 
263 304 301 
245 359 187 
240 454 118 
285 496 454 
278 303 248 
238 167 215 
180 124 306 
398 426 479 
482 269 313 
291 238 477 
116 105 98 
398 461 466 
94 163 368 
288 461 252 
194 481 344 
464 131 445 
22 91 308 
382 131 252 
203 407 277 
441 276 406 
291 320 456 
51 497 0 
449 83 462 
225 70 266 
97 121 171 
81 423 433 
124 427 342 
216 414 99 
31 327 87 
16 398 247 
119 361 310 
276 24 447 
344 242 443 
421 154 102 
49 242 125 
366 389 463 
324 346 413 
462 152 144 
300 34 252 
127 350 445 
246 393 30 
139 437 78 
181 17 463 
57 173 279 
138 226 418 
426 138 373 
137 262 318 
495 391 128 
152 58 44 
100 180 200 
209 355 101 
389 69 300 
135 258 367 
489 249 395 
349 273 131 
20 352 360 
140 141 288 
499 477 307 
356 426 158 
162 404 96 
243 365 403 
475 299 81 
308 437 397 
51 117 135 
319 418 221 
28 340 389 
144 409 103 
461 180 37 
90 30 212 
152 245 413 
26 211 223 
299 121 411 
144 384 174 
469 249 122 
435 78 421 
233 167 355 
357 192 29 
362 114 447 
271 496 236 
370 370 490 
499 193 296 
291 266 441 
483 236 339 
66 45 253 
377 263 422 
452 307 364 
377 435 174 
35 4 497 
478 103 439 
317 91 29 
451 384 258 
392 32 251 
303 444 368 
94 121 96 
40 192 305 
97 258 115 
16 491 157 
151 276 300 
232 459 203 
171 358 239 
447 263 322 
422 98 13 
376 112 154 
464 432 453 
298 472 271 
90 79 373 
146 280 381 
495 274 167 
74 479 90 
204 181 289 
446 211 369 
82 476 240 
149 152 435 
45 424 176 
44 305 342 
128 387 44 
169 351 94 
88 478 66 
323 48 236 
9 225 307 
72 411 53 
288 8 156 
209 254 117 
157 152 71 
400 341 148 
418 148 70 
178 221 230 
370 380 105 
207 14 354 
137 155 398 
90 126 471 
103 93 499 
36 197 376 
299 100 428 
405 324 102 
147 435 443 
385 336 225 
350 419 443 
85 112 376 
42 186 131 
398 454 228 
96 23 340 
212 494 426 
63 121 397 
416 385 353 
179 59 45 
318 374 29 
389 216 166 
462 154 215 
364 4 74 
307 37 173 
380 460 104 
188 26 197 
132 65 248 
253 146 465 
113 76 25 
189 72 448 
241 4 126 
375 294 409 
118 458 143 
428 258 113 
255 348 81 
158 80 82 
286 120 374 
37 112 203 
115 465 59 
226 321 438 
456 278 334 
494 381 254 
380 115 496 
1 336 476 
142 111 82 
4 316 101 
390 141 94 
380 238 126 
217 157 380 
350 23 202 
144 182 208 
187 395 98 
340 262 147 
205 228 57 
399 112 311 
231 277 484 
306 165 291 
96 412 327 
300 189 73 
36 205 469 
109 86 409 
159 209 280 
341 401 93 
145 412 86 
469 234 295 
