1000
3
136 32 27 
190 349 461 
441 157 0 
29 439 184 
121 214 124 
458 306 334 
267 108 177 
226 356 51 
220 50 372 
286 399 470 
396 175 370 
155 249 355 
67 315 121 
474 69 239 
309 345 376 
80 407 140 
298 42 451 
376 324 389 
59 233 226 
22 268 202 
444 161 407 
422 358 249 
49 207 490 
369 267 42 
114 462 363 
49 428 354 
212 61 19 
375 172 213 
133 330 369 
324 462 152 
228 360 281 
46 119 215 
240 342 427 
314 318 90 
206 13 29 
308 228 445 
407 444 375 
94 107 401 
157 38 145 
216 29 264 
298 280 431 
70 465 471 
82 265 376 
214 316 258 
231 238 269 
107 44 131 
464 76 7 
307 496 147 
308 468 154 
395 279 352 
409 165 248 
222 35 426 
81 246 394 
110 198 5 
23 69 160 
34 350 183 
346 421 108 
466 300 227 
14 236 121 
468 460 476 
72 133 159 
282 207 154 
192 467 309 
363 385 84 
259 71 33 
274 250 170 
423 346 259 
304 184 11 
67 211 111 
413 118 482 
159 406 120 
352 384 300 
68 56 10 
418 393 235 
288 328 185 
96 465 38 
48 141 141 
384 275 91 
138 204 308 
31 250 265 
171 460 101 
240 262 65 
309 235 133 
484 74 1 
124 229 255 
273 462 285 
447 163 36 
256 320 185 
191 465 340 
216 147 29 
378 477 473 
439 193 339 
439 291 176 
319 367 86 
216 87 207 
458 74 493 
285 308 408 
51 348 258 
385 489 189 
400 386 3 
231 114 53 
385 338 31 
264 45 155 
238 206 427 
187 262 82 
73 417 46 
313 178 130 
298 203 409 
76 240 93 
411 327 347 
191 417 80 
76 197 337 
396 113 256 
444 97 119 
263 8 84 
253 331 240 
123 388 292 
149 397 280 
333 398 265 
149 155 120 
484 253 79 
263 116 47 
139 360 206 
327 432 311 
198 65 134 
202 406 277 
0 285 157 
172 258 290 
139 404 49 
161 335 218 
398 116 48 
208 155 344 
245 179 431 
191 116 231 
161 163 294 
6 285 201 
265 251 347 
259 342 111 
245 492 322 
479 235 234 
201 354 30 
367 215 203 
374 380 280 
350 409 94 
346 327 286 
35 392 47 
459 61 285 
203 308 199 
432 157 443 
49 16 134 
328 469 381 
270 366 12 
42 194 401 
120 208 367 
277 333 12 
76 284 415 
281 138 255 
141 443 26 
413 304 344 
57 446 51 
348 347 232 
151 268 221 
352 496 35 
112 311 339 
294 480 375 
32 138 331 
142 499 41 
215 319 166 
449 110 473 
270 169 211 
4 127 218 
100 105 35 
481 336 322 
399 224 27 
136 313 90 
381 175 334 
89 22 264 
7 303 441 
385 152 25 
489 497 209 
353 17 118 
445 66 147 
389 117 406 
350 286 29 
448 14 497 
234 423 191 
72 60 340 
19 431 28 
64 269 146 
343 102 337 
487 369 472 
396 292 292 
464 358 424 
326 408 376 
446 454 479 
213 425 155 
242 469 148 
166 395 417 
322 253 40 
350 30 34 
84 447 19 
259 192 139 
338 241 489 
231 397 404 
170 394 223 
277 273 208 
93 79 139 
0 314 68 
374 315 2 
115 130 289 
186 350 279 
416 427 106 
427 307 240 
73 396 128 
424 405 5 
15 277 19 
346 387 8 
266 433 324 
189 121 281 
31 394 497 
371 1 491 
203 388 390 
226 223 426 
423 250 189 
484 420 422 
429 285 472 
140 204 227 
274 227 149 
233 372 274 
282 20 383 
274 255 346 
47 220 353 
421 479 425 
317 496 197 
376 92 27 
74 166 322 
169 376 296 
164 438 397 
88 199 203 
261 385 199 
240 125 123 
109 440 126 
76 412 456 
90 262 391 
242 149 29 
100 420 88 
216 482 106 
407 144 234 
61 164 450 
372 10 150 
274 208 347 
444 272 47 
401 359 31 
335 300 58 
293 412 4 
484 399 319 
196 461 217 
57 92 14 
102 315 211 
240 422 392 
75 423 109 
149 283 368 
210 194 41 
122 484 267 
417 117 165 
89 361 289 
184 111 73 
225 133 249 
90 357 9 
83 264 279 
422 352 18 
126 338 233 
203 316 12 
153 395 498 
241 76 471 
58 374 344 
322 145 170 
316 373 107 
210 288 417 
59 432 326 
444 202 190 
283 182 344 
137 437 67 
482 191 57 
20 175 492 
74 34 68 
197 240 298 
260 287 128 
446 45 459 
381 285 481 
428 152 488 
85 397 321 
120 204 94 
297 140 449 
337 476 155 
34 155 300 
267 285 49 
482 7 309 
276 113 490 
54 309 280 
309 282 494 
136 394 384 
315 490 4 
63 12 469 
40 437 405 
376 173 251 
456 28 296 
52 134 200 
99 64 301 
28 60 170 
370 466 30 
43 288 363 
108 280 281 
191 201 272 
121 360 173 
286 96 93 
282 373 428 
32 479 453 
205 44 422 
262 290 445 
137 9 274 
158 136 416 
475 421 153 
111 494 455 
168 273 379 
268 390 416 
248 261 478 
40 79 85 
415 143 17 
353 273 167 
139 76 335 
211 183 392 
14 499 3 
402 181 266 
150 147 209 
210 212 415 
31 83 357 
146 400 121 
321 362 232 
476 11 156 
256 374 48 
188 499 484 
216 112 453 
435 148 322 
364 274 246 
41 15 408 
78 481 16 
91 22 191 
473 124 446 
481 90 199 
314 120 155 
164 313 35 
314 236 74 
491 205 386 
146 24 290 
345 26 147 
499 382 358 
368 145 432 
499 472 320 
96 306 132 
434 356 175 
457 5 480 
397 223 91 
11 339 376 
421 16 144 
469 464 477 
28 52 276 
469 300 390 
358 454 153 
42 354 154 
0 16 334 
79 441 467 
419 423 166 
432 22 69 
119 467 434 
174 20 301 
160 480 114 
161 36 61 
224 325 260 
365 107 412 
27 313 86 
317 324 152 
40 479 277 
220 98 300 
107 158 112 
381 167 180 
348 40 128 
0 200 161 
56 437 66 
327 342 377 
277 318 182 
486 402 214 
59 487 361 
152 206 340 
54 33 102 
134 281 477 
42 41 18 
425 143 403 
117 140 115 
409 162 108 
268 110 384 
201 404 132 
142 348 195 
76 207 138 
43 10 339 
232 292 274 
387 19 65 
33 144 161 
225 27 17 
154 39 415 
352 118 378 
417 176 240 
409 484 204 
376 224 131 
375 53 115 
155 199 425 
167 136 128 
175 248 286 
351 424 247 
94 237 224 
1 268 119 
403 232 0 
131 219 100 
462 109 419 
79 164 267 
174 119 54 
71 28 9 
417 100 478 
380 241 76 
382 199 266 
220 225 52 
370 481 424 
282 344 436 
298 206 329 
213 60 454 
423 338 92 
263 420 187 
76 297 409 
350 475 269 
388 253 142 
3 490 219 
97 214 17 
368 269 141 
309 76 150 
135 77 352 
421 87 433 
250 23 150 
233 147 403 
339 337 362 
10 231 479 
123 106 141 
317 53 152 
488 12 189 
358 307 128 
65 225 262 
347 142 112 
213 464 387 
92 46 252 
410 247 119 
3 384 268 
161 197 473 
372 171 413 
34 311 489 
92 237 438 
70 455 26 
110 384 3 
335 335 220 
113 269 342 
356 493 422 
1 474 76 
281 316 296 
339 389 145 
0 469 323 
473 395 296 
194 254 437 
139 72 226 
397 204 407 
22 188 436 
73 261 167 
473 486 312 
486 185 229 
358 111 160 
106 64 320 
312 131 170 
3 357 273 
266 408 341 
82 75 12 
62 293 287 
177 358 355 
89 137 64 
477 377 489 
424 139 374 
151 461 56 
219 384 480 
155 319 480 
127 374 154 
131 311 217 
416 274 294 
247 484 143 
193 322 139 
135 433 13 
205 322 51 
483 101 256 
190 370 140 
78 480 262 
379 395 464 
97 410 287 
435 56 241 
279 232 99 
118 251 334 
126 138 404 
77 248 194 
361 492 178 
302 13 262 
185 128 128 
112 168 430 
268 95 165 
157 206 315 
451 83 342 
111 499 373 
332 438 35 
50 261 287 
135 412 178 
117 183 273 
56 365 294 
319 17 296 
350 248 374 
142 388 284 
130 145 211 
425 408 256 
53 117 166 
403 90 272 
214 140 162 
21 61 192 
254 62 394 
480 151 300 
241 380 351 
410 334 97 
216 227 402 
247 199 395 
425 426 390 
274 373 487 
379 431 130 
231 105 299 
111 343 172 
34 82 382 
29 161 340 
32 88 375 
64 321 211 
382 226 15 
416 245 404 
434 70 407 
329 204 1 
379 162 249 
300 267 10 
49 305 148 
170 49 228 
268 498 56 
28 415 287 
362 363 168 
438 76 85 
188 338 219 
137 489 82 
220 208 196 
478 405 131 
169 60 401 
407 417 106 
118 172 18 
92 476 239 
171 80 271 
382 202 135 
185 94 407 
354 118 151 
212 257 489 
121 423 249 
184 354 49 
440 385 316 
411 208 147 
85 391 340 
8 294 290 
419 128 314 
308 407 112 
72 462 250 
482 416 151 
85 73 379 
303 484 61 
116 170 290 
228 412 464 
382 12 87 
102 260 152 
356 308 111 
175 116 394 
436 4 462 
298 275 212 
392 364 354 
146 110 460 
395 485 315 
49 467 221 
30 179 169 
212 405 472 
15 116 366 
465 177 297 
484 300 97 
81 369 474 
28 140 190 
241 316 406 
3 291 273 
88 221 330 
57 466 350 
45 348 12 
49 353 477 
416 407 38 
465 108 222 
305 222 14 
8 2 479 
197 480 391 
307 356 469 
435 183 489 
464 365 38 
434 177 5 
400 259 405 
197 242 141 
284 386 178 
452 210 182 
171 449 300 
314 73 211 
248 129 347 
283 81 260 
289 0 446 
286 224 493 
454 371 181 
466 63 296 
483 465 316 
405 121 240 
423 151 464 
393 235 75 
149 7 179 
257 488 381 
42 370 406 
218 472 484 
477 123 358 
455 414 364 
225 421 274 
17 195 231 
58 369 371 
396 114 194 
88 236 285 
113 206 129 
87 53 433 
146 359 199 
50 492 292 
184 32 134 
436 150 68 
173 205 345 
118 333 104 
167 376 448 
479 112 136 
177 182 384 
355 274 435 
311 340 195 
76 246 68 
10 201 355 
308 390 14 
275 324 136 
51 290 180 
462 216 216 
224 429 473 
103 385 146 
387 496 127 
100 168 211 
6 225 156 
171 18 129 
153 262 459 
294 14 244 
25 482 48 
494 381 127 
266 11 317 
153 323 403 
463 376 290 
426 222 259 
218 172 224 
200 440 463 
224 115 402 
304 192 79 
42 400 199 
143 472 342 
6 14 29 
146 236 5 
445 196 345 
110 348 374 
444 82 357 
452 485 9 
83 482 358 
286 90 357 
68 447 182 
368 410 282 
56 219 222 
177 482 121 
254 416 283 
42 355 105 
368 211 456 
378 138 442 
142 303 78 
415 143 291 
124 110 362 
149 176 300 
306 428 230 
99 482 75 
380 205 209 
56 294 225 
26 223 491 
134 456 171 
199 10 13 
371 301 207 
425 38 100 
5 314 437 
365 347 418 
349 208 412 
309 437 0 
142 494 347 
396 193 49 
434 369 226 
215 429 494 
336 245 215 
244 245 310 
274 474 7 
9 120 4 
461 100 164 
312 136 36 
310 494 219 
137 382 239 
418 180 382 
445 136 428 
31 434 84 
387 225 310 
134 67 365 
382 140 286 
48 287 215 
286 423 168 
265 314 302 
74 144 401 
200 262 108 
236 265 140 
15 324 303 
287 106 454 
140 372 58 
117 325 341 
348 102 496 
411 153 229 
24 104 353 
95 197 495 
466 192 95 
425 136 245 
389 318 460 
4 3 257 
298 455 73 
129 135 366 
443 225 427 
456 293 492 
402 466 220 
370 194 72 
260 334 469 
213 409 292 
408 485 425 
382 383 18 
52 460 488 
433 214 63 
280 235 123 
408 166 472 
213 5 23 
103 443 63 
411 288 286 
358 388 227 
215 428 457 
391 197 285 
215 387 417 
233 365 280 
154 263 283 
44 348 173 
223 251 223 
15 23 29 
468 156 287 
416 7 136 
180 151 393 
499 47 480 
126 15 64 
207 68 391 
287 145 26 
452 256 13 
75 104 15 
316 407 89 
295 164 409 
60 224 351 
115 296 292 
170 383 287 
311 102 487 
423 275 286 
51 117 307 
163 423 112 
452 145 60 
289 282 40 
97 264 34 
316 40 266 
461 417 103 
22 285 386 
80 11 275 
320 240 198 
164 392 231 
397 145 359 
490 72 139 
374 39 201 
161 162 38 
472 321 228 
458 169 485 
151 238 145 
178 56 277 
98 124 199 
433 436 158 
8 412 242 
302 388 478 
351 412 123 
104 242 494 
378 373 333 
443 50 310 
102 118 488 
376 381 368 
412 78 443 
183 30 191 
376 241 204 
209 57 400 
154 436 102 
99 95 246 
326 151 341 
279 354 213 
381 230 422 
223 125 114 
460 234 102 
7 223 242 
478 113 311 
26 379 460 
128 428 10 
3 373 101 
76 226 356 
318 115 46 
496 194 332 
320 214 40 
449 459 392 
77 130 316 
387 171 386 
295 177 221 
48 79 37 
379 123 303 
203 342 268 
108 296 269 
486 72 106 
219 41 197 
100 201 272 
11 138 373 
60 56 348 
196 22 2 
261 261 120 
71 227 391 
486 424 397 
193 72 48 
406 490 460 
57 497 260 
22 401 470 
218 303 346 
61 229 15 
260 165 83 
395 477 336 
63 264 59 
289 133 498 
310 239 399 
160 117 246 
491 29 291 
449 384 184 
191 395 155 
65 373 186 
49 261 144 
170 390 224 
92 370 326 
246 137 118 
130 431 186 
125 195 212 
437 53 230 
32 364 77 
87 147 273 
407 216 187 
279 133 286 
56 216 171 
403 210 43 
162 199 443 
199 63 212 
118 483 286 
318 60 66 
141 261 261 
63 350 246 
439 253 323 
165 324 304 
113 384 354 
499 336 161 
104 327 449 
161 3 262 
429 125 74 
174 430 151 
272 73 368 
439 485 28 
228 129 428 
88 421 330 
116 365 255 
30 213 367 
417 455 170 
319 486 65 
122 490 361 
159 496 382 
235 227 292 
381 433 419 
419 68 414 
67 74 241 
27 419 300 
445 431 452 
22 394 303 
227 5 487 
159 282 495 
463 153 240 
395 362 343 
402 351 92 
480 263 380 
462 305 204 
101 202 443 
476 351 284 
320 451 121 
212 56 128 
392 96 157 
121 420 80 
131 427 199 
61 70 346 
403 24 394 
358 270 134 
125 314 212 
305 347 205 
26 242 219 
83 286 295 
46 78 112 
301 95 498 
216 262 390 
239 197 124 
62 458 26 
290 185 472 
252 425 498 
2 413 303 
310 26 284 
52 400 415 
25 177 40 
100 100 90 
19 468 206 
305 106 86 
297 73 204 
432 98 238 
395 420 412 
153 3 62 
18 464 413 
407 221 5 
398 416 362 
171 2 96 
153 207 382 
479 24 161 
396 363 277 
295 259 404 
81 479 266 
456 394 156 
372 82 385 
396 318 316 
70 381 58 
321 213 369 
469 41 425 
125 468 372 
412 133 462 
417 359 159 
21 167 396 
474 176 31 
142 58 318 
49 272 458 
235 266 319 
88 116 431 
377 171 399 
475 387 295 
288 451 59 
147 298 18 
263 359 71 
41 391 220 
172 169 101 
105 261 496 
72 307 154 
215 490 323 
371 237 124 
69 222 214 
64 209 14 
415 77 373 
