1000
3
13 154 377 
8 429 254 
182 63 157 
295 262 384 
443 348 275 
15 15 160 
279 430 193 
277 339 141 
461 186 223 
158 491 240 
99 275 478 
473 202 439 
432 248 273 
396 412 158 
234 262 153 
298 200 64 
271 253 199 
289 333 441 
246 124 438 
87 33 433 
284 220 336 
431 195 89 
467 314 346 
67 99 2 
192 414 344 
374 158 234 
100 239 42 
29 334 258 
285 372 201 
165 50 208 
387 475 175 
49 416 166 
244 229 240 
125 482 28 
296 252 382 
420 54 131 
275 141 435 
181 418 207 
496 213 66 
375 93 242 
45 133 212 
496 131 343 
449 346 217 
415 386 373 
397 146 4 
307 0 181 
143 206 284 
347 19 439 
417 489 483 
42 408 246 
354 260 496 
274 485 244 
201 149 208 
205 442 178 
61 273 306 
474 143 291 
0 132 340 
217 13 486 
451 68 22 
493 409 74 
102 480 211 
334 286 335 
60 340 433 
131 382 208 
444 85 292 
81 455 100 
365 447 224 
224 63 490 
244 329 143 
254 193 365 
442 380 413 
430 122 331 
194 360 396 
167 290 455 
105 103 165 
270 427 446 
89 414 98 
213 490 487 
476 424 312 
154 250 51 
51 456 405 
448 397 267 
466 106 438 
169 270 386 
17 374 390 
2 211 132 
259 298 371 
287 229 451 
69 87 118 
456 67 125 
62 57 282 
414 242 398 
85 283 238 
276 45 358 
472 91 238 
178 477 12 
237 471 163 
352 499 389 
32 70 405 
374 185 225 
390 107 93 
308 468 167 
430 251 282 
112 248 205 
264 279 470 
244 300 391 
117 338 451 
110 415 113 
70 4 113 
449 179 215 
410 71 113 
64 8 454 
127 290 420 
314 372 259 
250 88 193 
49 375 393 
320 380 44 
340 82 247 
488 471 355 
473 129 174 
489 462 444 
294 387 163 
451 97 241 
441 421 103 
386 31 257 
311 246 34 
395 332 266 
358 17 118 
136 345 205 
333 460 172 
5 375 169 
178 215 411 
285 408 407 
170 85 319 
356 327 437 
465 378 396 
477 111 431 
395 73 9 
259 35 95 
236 435 391 
434 332 171 
137 286 233 
100 41 267 
384 470 29 
299 380 329 
125 113 348 
215 360 156 
105 214 25 
230 247 476 
380 134 492 
493 461 200 
434 372 476 
184 42 494 
16 140 323 
408 282 68 
248 489 205 
477 346 413 
87 406 50 
444 334 20 
295 438 170 
132 445 175 
408 256 13 
376 48 475 
253 350 361 
297 172 3 
24 122 263 
471 439 442 
423 112 400 
271 143 394 
3 145 419 
322 86 272 
15 262 219 
143 317 455 
392 307 414 
295 490 478 
156 10 124 
211 137 484 
4 40 420 
47 84 172 
197 436 455 
110 303 468 
251 3 2 
298 279 8 
232 420 149 
324 285 386 
45 330 278 
497 358 262 
302 119 387 
474 461 396 
435 315 242 
240 470 278 
144 425 439 
370 426 137 
454 220 215 
41 235 183 
486 34 274 
218 319 79 
446 83 438 
212 181 313 
437 486 37 
410 52 124 
389 287 446 
266 484 390 
239 421 458 
475 345 49 
138 183 177 
307 67 253 
14 253 440 
314 473 172 
148 109 60 
48 422 444 
285 436 434 
398 468 314 
308 390 29 
166 170 60 
71 231 194 
307 206 278 
326 20 396 
480 251 175 
60 58 374 
121 195 468 
269 133 463 
235 39 251 
226 364 255 
113 300 391 
475 468 344 
116 314 105 
453 278 106 
355 56 46 
292 115 297 
483 186 266 
498 292 472 
217 324 165 
492 185 405 
20 203 321 
189 52 172 
403 482 445 
47 85 198 
204 316 486 
163 36 15 
492 65 114 
160 295 264 
37 497 164 
50 63 175 
93 469 133 
18 470 310 
214 85 192 
117 380 497 
137 317 375 
159 284 68 
42 396 128 
232 443 401 
185 306 347 
24 462 71 
16 338 478 
333 309 489 
422 396 24 
118 40 2 
454 279 423 
314 203 331 
154 352 424 
410 218 26 
11 252 88 
387 298 11 
44 449 457 
248 289 182 
254 8 390 
155 339 284 
499 64 11 
319 205 89 
65 296 495 
479 202 143 
282 340 41 
137 436 467 
262 192 369 
487 445 434 
366 307 50 
131 279 272 
242 494 57 
36 475 87 
77 62 16 
243 268 256 
460 401 276 
288 146 425 
220 24 415 
312 253 413 
152 107 308 
425 263 393 
236 333 9 
324 168 34 
118 352 374 
70 176 190 
149 187 381 
316 273 203 
125 123 221 
287 249 439 
320 446 483 
375 17 331 
278 279 461 
400 433 134 
239 265 412 
54 128 3 
458 448 213 
17 483 178 
323 142 38 
99 466 323 
432 61 326 
432 485 434 
186 34 139 
169 334 499 
273 13 100 
466 324 428 
415 94 110 
106 362 314 
348 465 224 
63 78 41 
472 206 227 
453 367 62 
195 345 238 
353 382 495 
75 151 33 
76 200 96 
236 132 184 
240 287 350 
101 153 450 
47 335 324 
121 182 383 
300 4 201 
460 16 496 
46 51 73 
87 245 5 
341 106 499 
419 243 22 
0 237 243 
73 43 37 
379 415 354 
20 211 409 
353 335 286 
449 467 447 
26 300 460 
225 154 494 
454 74 403 
296 499 112 
84 351 457 
292 288 248 
277 124 279 
196 478 219 
366 476 30 
423 79 191 
31 98 432 
224 156 466 
383 2 491 
72 159 154 
43 228 71 
332 171 336 
108 173 109 
350 78 73 
361 84 355 
454 42 79 
60 311 431 
360 345 307 
136 356 460 
53 12 46 
128 252 159 
151 303 243 
189 117 413 
364 494 21 
195 410 173 
488 452 214 
319 73 45 
163 249 213 
307 434 231 
448 150 205 
321 212 413 
118 235 4 
149 213 492 
491 121 128 
284 443 231 
155 463 297 
488 344 259 
211 249 448 
274 478 13 
72 277 165 
329 172 13 
250 396 497 
8 56 84 
126 412 379 
446 413 439 
165 49 424 
87 137 466 
65 330 58 
312 422 102 
477 107 29 
398 428 44 
308 5 233 
423 385 337 
470 77 66 
321 43 258 
232 320 134 
346 349 105 
99 220 480 
46 261 168 
281 105 196 
30 382 151 
149 471 170 
493 179 332 
185 486 104 
64 161 95 
93 355 484 
10 443 485 
454 316 143 
61 398 85 
449 2 224 
50 402 204 
10 75 187 
495 214 21 
62 242 289 
376 112 300 
110 233 24 
395 485 33 
496 483 330 
149 266 328 
469 3 274 
328 433 31 
59 338 362 
255 383 460 
320 313 121 
497 426 486 
490 453 39 
164 152 205 
44 29 168 
187 215 4 
74 27 28 
18 487 386 
39 98 447 
120 65 137 
49 417 404 
156 92 84 
395 308 131 
36 458 204 
497 76 148 
119 336 142 
47 189 357 
117 37 36 
461 23 101 
152 90 470 
380 123 444 
491 354 275 
487 125 108 
262 423 112 
409 145 183 
322 54 262 
395 260 191 
255 1 450 
112 136 424 
336 284 184 
428 40 146 
41 341 69 
166 178 490 
471 314 441 
86 106 430 
406 163 342 
133 179 151 
360 83 4 
408 138 229 
450 271 396 
241 444 298 
215 367 113 
147 300 383 
253 258 114 
384 260 35 
34 490 261 
195 252 66 
96 46 482 
131 106 345 
493 281 159 
19 296 470 
82 358 321 
236 353 8 
431 203 303 
129 38 195 
475 18 279 
337 416 189 
283 291 207 
172 364 415 
10 204 27 
300 130 480 
111 372 131 
478 231 256 
92 54 11 
232 314 393 
251 402 219 
409 350 492 
340 76 245 
67 380 454 
275 231 19 
110 284 120 
363 449 406 
107 166 269 
26 455 402 
449 100 99 
4 369 353 
365 46 214 
326 384 424 
176 197 427 
93 312 345 
7 191 201 
492 292 42 
63 285 239 
449 284 44 
30 340 326 
173 385 226 
489 80 321 
63 354 139 
28 298 6 
335 146 40 
170 74 159 
128 347 323 
13 336 441 
447 60 194 
489 262 448 
337 365 298 
492 447 49 
144 406 91 
416 195 423 
328 16 203 
57 376 127 
497 186 315 
363 289 449 
452 373 236 
381 230 221 
37 226 269 
414 336 289 
169 162 289 
222 332 401 
411 365 219 
132 1 122 
97 124 175 
118 460 273 
394 148 350 
397 193 156 
285 233 191 
219 5 308 
487 4 426 
266 199 207 
417 405 334 
325 410 384 
277 208 236 
29 403 157 
394 317 126 
424 451 445 
450 27 103 
84 214 68 
499 28 158 
277 99 47 
66 445 302 
71 437 177 
459 10 67 
72 292 309 
82 345 3 
55 445 448 
350 402 278 
452 339 150 
92 436 21 
53 253 264 
27 76 418 
279 95 133 
151 267 164 
73 455 189 
465 389 307 
164 429 220 
463 453 143 
480 241 193 
46 123 75 
439 403 409 
357 304 44 
193 404 173 
333 492 150 
60 254 197 
249 396 235 
420 175 439 
53 458 28 
289 90 439 
276 407 436 
311 345 54 
235 441 394 
199 128 2 
186 220 99 
179 402 333 
93 363 225 
176 483 463 
218 326 395 
31 297 56 
148 290 451 
287 269 359 
348 140 151 
72 255 83 
200 235 333 
395 73 24 
468 304 1 
421 319 17 
364 210 235 
297 454 46 
4 369 396 
50 393 291 
429 301 267 
482 378 256 
129 26 204 
417 393 111 
480 415 327 
158 153 269 
111 100 135 
228 258 424 
255 351 78 
276 370 102 
287 496 383 
227 393 443 
289 454 387 
406 384 431 
499 423 75 
222 56 443 
187 202 238 
164 358 455 
432 211 178 
58 156 37 
143 336 464 
29 368 496 
320 435 335 
445 118 332 
387 260 45 
163 126 139 
123 470 493 
204 354 210 
379 332 153 
205 423 280 
380 58 270 
277 285 216 
308 416 259 
115 456 334 
477 396 414 
134 125 64 
378 378 179 
449 495 143 
232 61 473 
130 236 124 
334 143 15 
292 227 300 
281 272 219 
143 334 482 
488 437 333 
334 453 116 
309 25 209 
1 289 59 
455 287 148 
337 469 495 
289 106 354 
373 82 309 
454 139 385 
152 180 429 
409 357 136 
490 25 10 
448 475 262 
226 245 105 
392 203 267 
377 459 271 
137 464 21 
373 216 297 
359 396 464 
315 13 434 
164 187 479 
463 406 368 
214 284 463 
293 333 256 
82 317 388 
227 404 479 
263 282 407 
340 492 123 
36 123 120 
454 480 71 
307 32 467 
268 454 92 
1 367 159 
316 221 304 
176 63 278 
367 203 25 
370 31 110 
215 255 472 
153 189 106 
31 411 82 
254 236 202 
380 145 192 
257 469 458 
481 69 50 
107 223 177 
126 379 84 
314 50 405 
180 46 109 
303 380 297 
263 93 497 
442 228 118 
322 212 384 
462 443 4 
341 131 100 
492 317 465 
489 26 249 
176 72 255 
155 392 54 
44 244 421 
95 419 341 
31 82 403 
53 397 304 
161 329 489 
341 263 33 
135 32 35 
403 435 477 
213 92 410 
498 370 306 
405 185 125 
241 4 206 
308 243 414 
392 284 149 
130 15 454 
167 367 94 
330 76 498 
299 498 206 
328 248 317 
452 119 131 
19 16 190 
302 75 335 
17 113 491 
497 295 309 
104 270 230 
231 351 382 
68 426 497 
134 84 367 
319 71 281 
435 121 133 
229 259 120 
140 203 295 
240 399 478 
263 1 355 
77 496 302 
483 59 392 
51 78 468 
238 132 472 
102 152 403 
10 262 407 
15 234 116 
137 328 224 
346 186 71 
228 189 141 
277 97 362 
173 16 109 
411 369 151 
46 70 285 
195 213 55 
88 336 204 
151 274 170 
307 390 358 
389 31 369 
410 451 314 
69 307 496 
302 48 212 
117 394 181 
50 426 60 
244 95 30 
442 20 397 
178 431 268 
118 418 449 
445 189 251 
269 102 87 
470 350 419 
188 262 243 
116 106 473 
433 498 233 
249 383 312 
52 426 298 
11 311 168 
391 380 366 
386 147 212 
151 339 389 
158 17 18 
492 406 297 
186 337 390 
405 27 295 
217 144 403 
26 251 68 
413 5 30 
32 399 198 
308 38 444 
417 240 396 
124 100 488 
84 157 338 
178 418 440 
86 365 127 
305 79 350 
439 53 355 
92 127 484 
304 105 274 
74 163 452 
239 107 104 
391 288 243 
83 275 445 
230 98 331 
146 89 67 
226 295 234 
110 361 408 
462 100 433 
250 343 259 
342 117 34 
202 380 123 
291 3 103 
230 128 436 
26 490 5 
24 22 30 
21 256 222 
429 226 103 
267 201 403 
410 444 52 
371 376 3 
295 330 34 
23 300 84 
115 3 195 
294 220 114 
285 290 495 
286 26 159 
417 282 229 
413 246 26 
142 223 217 
158 169 438 
253 23 369 
363 261 399 
429 178 459 
460 350 146 
227 443 349 
124 243 483 
53 387 462 
245 168 359 
384 93 345 
251 397 438 
257 417 66 
94 414 216 
417 322 325 
449 371 437 
36 491 49 
237 26 285 
61 414 496 
347 371 74 
404 428 0 
233 343 118 
82 114 376 
153 106 69 
428 294 75 
353 435 197 
124 462 489 
18 82 343 
52 420 184 
465 342 384 
252 36 427 
352 347 416 
431 401 320 
76 302 476 
53 399 440 
325 255 291 
452 350 210 
219 172 278 
362 250 96 
309 196 118 
284 345 144 
68 108 379 
92 489 119 
348 294 373 
316 76 348 
12 278 460 
289 402 317 
124 3 49 
394 483 356 
342 312 36 
130 481 310 
399 281 54 
335 437 203 
236 96 14 
134 269 8 
75 390 429 
149 279 405 
372 247 91 
205 275 439 
15 70 347 
262 433 474 
496 184 273 
161 497 468 
26 337 154 
110 487 39 
0 384 94 
100 348 394 
3 299 114 
448 443 140 
33 39 0 
362 376 249 
324 134 369 
489 416 162 
294 499 14 
33 361 48 
224 180 497 
275 190 453 
35 360 108 
39 264 174 
240 443 75 
193 30 138 
67 113 5 
405 67 118 
299 254 102 
465 126 176 
88 3 213 
34 457 233 
218 413 82 
136 353 345 
241 344 391 
258 242 293 
210 80 106 
446 60 176 
395 82 184 
498 322 448 
184 57 492 
474 417 246 
172 370 21 
213 3 314 
47 460 382 
83 2 378 
333 301 415 
129 10 76 
469 177 32 
11 299 350 
265 170 29 
260 247 299 
233 346 374 
43 157 360 
328 314 37 
402 371 341 
190 74 373 
111 346 485 
342 308 52 
327 106 170 
293 150 382 
298 357 298 
180 179 428 
175 415 446 
180 458 108 
275 440 185 
4 159 239 
487 160 475 
459 316 72 
77 466 247 
177 474 245 
314 28 472 
437 10 451 
445 391 157 
34 57 380 
144 128 66 
335 42 289 
162 34 408 
160 171 4 
290 186 234 
217 420 50 
269 208 410 
252 460 171 
421 404 55 
381 16 296 
187 108 390 
239 26 255 
266 137 133 
229 157 344 
329 320 403 
37 377 234 
251 108 352 
154 49 102 
83 172 118 
8 222 367 
311 373 328 
372 127 429 
196 47 95 
98 476 141 
115 57 441 
241 95 129 
210 269 443 
311 414 338 
89 425 191 
161 274 154 
393 420 396 
441 56 27 
127 334 300 
68 362 454 
255 155 49 
38 85 324 
105 25 359 
243 12 31 
232 240 368 
263 402 372 
39 159 110 
309 210 331 
