1000
3
361 88 386 
289 379 487 
194 190 2 
210 376 413 
325 452 179 
57 66 174 
197 146 244 
292 129 48 
146 243 427 
379 27 195 
169 329 415 
417 99 385 
297 250 479 
455 480 494 
256 212 331 
111 242 260 
196 455 451 
320 80 448 
92 19 262 
100 178 489 
370 393 356 
18 495 154 
303 494 389 
149 357 21 
271 356 443 
10 377 468 
22 165 397 
189 329 446 
385 320 226 
50 57 296 
102 20 200 
22 351 293 
414 332 413 
121 176 253 
17 170 208 
475 282 387 
395 103 133 
446 96 186 
169 143 323 
218 191 217 
37 83 101 
316 155 416 
34 373 146 
310 414 437 
146 234 205 
8 270 168 
373 39 200 
100 482 498 
170 418 296 
451 110 71 
404 212 223 
30 469 440 
465 441 30 
285 459 239 
234 39 359 
372 467 49 
410 141 483 
476 370 131 
53 60 94 
479 77 35 
446 23 92 
359 193 203 
427 301 28 
298 105 203 
324 366 292 
258 191 207 
41 415 423 
304 193 237 
92 67 298 
410 37 391 
446 315 239 
481 318 46 
66 393 418 
270 445 311 
449 482 157 
224 157 147 
169 142 365 
160 249 317 
187 460 93 
262 169 335 
230 97 79 
426 184 86 
112 45 375 
409 247 67 
236 96 329 
122 30 11 
152 145 339 
474 422 43 
337 342 348 
385 471 1 
2 255 337 
326 110 109 
47 162 393 
305 95 133 
433 30 465 
20 129 430 
344 426 314 
405 123 39 
360 179 158 
101 357 461 
260 451 486 
145 491 297 
65 403 442 
405 394 164 
238 232 442 
364 372 208 
493 32 491 
18 243 19 
423 377 276 
302 85 453 
110 36 57 
451 92 51 
435 86 4 
441 119 147 
249 247 313 
178 348 180 
280 132 121 
359 478 57 
359 310 97 
219 20 127 
397 98 378 
493 123 60 
92 436 134 
245 233 82 
240 447 232 
390 363 327 
179 91 327 
320 470 23 
377 473 257 
254 442 439 
194 206 487 
69 126 176 
52 259 370 
256 171 467 
170 463 18 
134 429 190 
153 112 157 
216 39 135 
382 172 401 
146 6 129 
406 23 405 
310 414 205 
234 462 357 
188 282 91 
450 115 371 
127 257 152 
198 121 394 
0 67 184 
386 118 255 
282 97 426 
153 100 333 
272 80 321 
66 294 341 
379 134 155 
276 461 56 
245 286 163 
373 413 338 
300 211 288 
452 398 450 
173 372 321 
117 23 27 
161 411 297 
50 34 432 
253 264 150 
138 367 77 
498 320 85 
248 239 50 
13 5 56 
443 178 458 
208 412 152 
349 221 458 
292 136 280 
444 264 8 
233 11 449 
310 48 431 
249 407 98 
459 80 48 
438 464 487 
144 83 58 
364 118 170 
489 303 434 
442 327 301 
323 264 272 
227 307 70 
395 234 408 
484 448 369 
168 245 156 
409 416 292 
327 452 245 
490 33 57 
184 433 415 
337 324 216 
77 267 209 
178 127 455 
4 117 397 
248 170 391 
84 7 187 
295 327 92 
253 410 278 
264 446 238 
395 98 291 
65 207 159 
73 87 23 
185 498 377 
320 219 98 
282 176 64 
252 396 209 
279 260 248 
17 330 39 
412 227 322 
486 41 440 
198 388 145 
260 137 27 
55 218 207 
126 62 185 
141 84 433 
381 376 461 
84 333 160 
340 164 289 
294 145 145 
36 304 357 
173 353 21 
378 297 376 
335 65 92 
461 158 256 
20 140 23 
388 90 491 
483 386 366 
65 67 101 
236 492 84 
464 81 479 
368 75 56 
166 251 234 
190 66 341 
383 2 376 
328 320 352 
50 186 198 
177 99 82 
66 327 221 
112 293 186 
313 228 435 
121 70 499 
436 484 305 
385 84 292 
102 74 205 
394 320 287 
188 498 24 
438 68 306 
80 143 131 
214 309 399 
295 291 80 
143 264 337 
114 489 376 
256 337 473 
8 222 383 
7 251 218 
444 355 482 
372 148 247 
396 193 274 
241 326 480 
397 179 290 
115 222 488 
364 180 207 
385 448 51 
399 278 13 
9 46 176 
450 255 204 
386 254 421 
319 496 44 
422 262 128 
222 413 73 
86 341 71 
250 187 2 
463 281 233 
435 79 469 
389 108 312 
208 89 73 
406 469 338 
458 479 97 
407 306 398 
203 17 449 
148 49 2 
397 397 237 
233 156 25 
496 239 29 
195 247 392 
220 440 75 
313 227 113 
479 378 304 
442 413 462 
201 31 478 
183 208 145 
229 47 51 
114 258 320 
191 451 396 
32 294 151 
287 14 418 
276 160 349 
198 353 293 
187 56 303 
457 429 369 
174 482 250 
482 433 380 
183 452 43 
461 215 50 
288 4 435 
358 482 228 
55 142 205 
155 405 14 
183 91 396 
116 194 260 
278 358 232 
371 238 256 
464 460 408 
246 442 415 
275 383 317 
130 278 337 
98 159 104 
423 58 56 
289 453 497 
481 365 74 
446 349 275 
189 423 370 
496 274 201 
315 64 343 
425 247 86 
323 62 312 
351 412 322 
262 288 210 
40 63 465 
24 333 436 
266 450 48 
422 245 368 
376 414 79 
283 5 394 
280 142 190 
178 247 449 
201 184 123 
173 490 241 
55 363 435 
208 112 196 
453 496 336 
178 191 225 
360 445 372 
288 35 8 
7 353 183 
435 275 267 
98 367 137 
156 454 402 
242 178 453 
366 50 370 
407 448 459 
303 285 211 
140 443 440 
47 301 55 
137 289 80 
241 480 39 
326 315 423 
350 100 301 
379 114 182 
496 271 62 
73 227 270 
207 145 4 
292 0 190 
16 64 70 
4 59 144 
230 239 100 
286 276 301 
293 179 161 
362 427 288 
149 158 160 
436 403 129 
177 257 424 
329 468 86 
487 138 109 
122 390 302 
221 388 346 
161 243 42 
216 222 353 
405 145 140 
14 15 124 
486 460 36 
19 450 354 
291 76 366 
201 125 197 
391 288 112 
484 254 436 
73 221 465 
293 52 238 
271 240 13 
438 354 346 
129 217 478 
52 376 348 
191 16 281 
156 43 203 
120 74 258 
133 126 182 
431 441 268 
221 56 400 
4 58 435 
165 148 475 
287 391 449 
382 230 475 
466 450 252 
28 19 53 
226 121 127 
69 490 446 
346 150 47 
407 92 300 
453 163 389 
252 193 384 
385 33 380 
193 441 238 
342 73 261 
31 114 462 
133 401 202 
159 315 135 
448 214 98 
35 260 375 
245 190 13 
193 296 68 
303 54 356 
8 292 48 
191 444 158 
143 354 21 
65 246 359 
378 394 273 
286 351 203 
368 400 229 
176 155 48 
165 195 428 
25 34 280 
175 342 319 
248 99 468 
483 106 244 
191 344 444 
68 160 71 
132 440 179 
422 228 22 
354 284 242 
462 263 431 
164 330 464 
319 316 165 
9 187 335 
220 364 392 
222 480 387 
446 336 308 
485 496 371 
376 15 104 
431 398 180 
12 317 137 
381 164 48 
236 476 90 
7 475 363 
288 458 105 
15 12 55 
36 202 385 
164 242 258 
286 235 16 
484 445 107 
98 492 186 
351 426 379 
61 418 202 
271 51 217 
338 432 61 
484 155 352 
368 491 143 
428 49 201 
293 415 463 
48 428 473 
68 205 0 
272 456 427 
69 11 82 
486 437 279 
54 289 348 
238 47 230 
478 396 218 
411 362 94 
139 70 355 
415 357 294 
77 286 10 
188 317 289 
44 125 341 
400 11 170 
291 389 479 
305 488 235 
206 419 214 
263 144 228 
364 359 359 
368 394 152 
191 69 298 
7 394 232 
265 451 33 
288 234 26 
171 367 132 
316 282 184 
275 426 285 
164 95 269 
205 376 254 
488 401 223 
4 296 16 
293 403 193 
181 262 144 
22 287 70 
417 473 235 
167 110 442 
480 278 456 
268 117 216 
325 249 486 
272 242 475 
116 174 159 
171 271 398 
441 119 327 
466 94 353 
291 30 481 
98 59 6 
40 229 371 
127 224 296 
202 148 84 
237 249 257 
139 326 277 
493 440 291 
21 292 11 
62 387 299 
443 145 419 
492 246 368 
202 455 442 
166 277 183 
42 382 275 
452 316 387 
91 445 63 
208 452 233 
499 190 247 
467 310 20 
239 26 342 
314 381 496 
465 439 421 
319 367 29 
309 162 226 
162 481 159 
380 412 409 
34 474 498 
40 342 452 
246 406 179 
45 179 460 
154 145 240 
67 466 102 
32 195 61 
136 425 191 
401 85 57 
451 49 46 
79 342 102 
464 55 334 
27 111 437 
172 68 433 
366 357 388 
66 474 203 
494 231 98 
397 374 346 
16 228 210 
182 405 103 
267 48 254 
258 223 362 
479 497 336 
28 183 119 
370 45 194 
456 235 387 
218 352 488 
371 141 419 
357 191 48 
410 70 86 
492 99 265 
416 411 101 
215 471 414 
458 226 454 
38 442 325 
461 402 69 
188 142 478 
238 436 55 
238 201 207 
176 330 435 
265 464 334 
103 230 104 
139 223 356 
104 73 277 
457 355 244 
46 330 162 
270 130 447 
204 183 278 
34 69 243 
274 184 321 
17 153 487 
145 262 36 
267 265 22 
397 196 248 
398 18 456 
109 414 233 
355 223 310 
365 327 241 
216 182 467 
73 406 355 
495 198 339 
230 49 487 
476 42 227 
475 191 493 
373 140 472 
264 292 458 
496 164 205 
253 99 83 
8 141 75 
368 125 101 
427 191 384 
247 134 29 
25 165 372 
165 35 410 
487 253 414 
359 88 324 
240 116 342 
68 117 390 
92 35 207 
128 446 399 
221 243 252 
219 452 400 
367 23 268 
196 210 200 
366 186 119 
424 75 33 
432 373 313 
280 47 160 
469 177 213 
354 95 474 
298 271 319 
207 491 31 
291 168 30 
170 387 414 
243 328 469 
423 224 434 
135 327 219 
252 290 210 
280 320 306 
60 182 419 
462 51 151 
380 335 396 
151 223 128 
117 407 264 
0 107 294 
312 191 492 
165 231 244 
424 453 201 
452 295 421 
88 321 307 
284 96 133 
198 244 238 
198 434 89 
242 47 205 
209 3 409 
110 96 293 
409 287 489 
359 313 389 
23 135 130 
100 150 304 
124 298 98 
491 162 269 
3 78 178 
218 303 40 
421 126 113 
241 184 319 
463 203 178 
207 383 167 
370 449 484 
419 145 204 
311 69 61 
298 20 140 
89 466 246 
442 476 227 
423 283 418 
50 35 85 
491 3 305 
497 179 3 
104 322 315 
432 276 233 
209 210 335 
105 342 291 
47 329 129 
271 30 76 
329 238 445 
413 165 202 
11 43 216 
385 190 288 
11 44 148 
183 352 423 
71 268 84 
82 423 186 
373 388 122 
108 315 102 
310 187 127 
406 215 167 
435 46 188 
28 73 177 
116 200 227 
270 490 20 
420 349 370 
301 197 187 
395 459 100 
469 193 121 
206 124 160 
267 100 380 
359 56 355 
446 348 174 
176 440 497 
477 439 422 
164 341 433 
419 96 164 
494 395 447 
244 261 282 
204 481 259 
177 122 48 
410 486 168 
445 326 146 
145 155 391 
426 320 258 
438 326 68 
364 194 376 
185 445 223 
28 282 233 
299 128 332 
428 153 369 
269 235 171 
415 211 190 
111 370 32 
286 96 157 
449 163 301 
387 155 146 
143 33 42 
311 354 375 
37 195 65 
319 396 6 
425 36 489 
150 169 96 
370 130 191 
482 48 423 
73 311 441 
398 207 428 
108 124 341 
360 189 394 
108 409 136 
192 365 238 
240 486 486 
46 289 403 
250 307 195 
182 289 342 
255 174 309 
348 347 345 
244 387 489 
233 458 44 
405 96 147 
464 199 218 
370 253 325 
381 169 251 
315 353 484 
156 86 6 
162 441 163 
287 128 19 
443 261 373 
395 316 61 
159 18 135 
299 11 373 
122 264 175 
376 378 462 
158 58 341 
60 477 82 
437 401 358 
201 13 94 
241 480 333 
437 374 379 
46 372 100 
248 401 471 
59 352 152 
30 490 425 
335 335 224 
321 280 184 
256 469 70 
428 292 156 
272 152 10 
56 238 462 
66 205 151 
458 373 46 
278 473 436 
100 250 164 
202 17 356 
289 219 26 
164 365 112 
342 168 182 
388 379 54 
472 90 126 
9 120 50 
419 315 31 
346 295 30 
25 305 159 
388 286 375 
78 410 439 
132 10 432 
352 271 488 
95 313 147 
14 161 62 
141 463 71 
310 421 246 
381 220 60 
87 305 311 
75 420 42 
397 497 343 
116 371 363 
382 165 255 
60 463 448 
211 461 137 
462 242 347 
42 382 333 
360 39 398 
364 185 191 
276 38 301 
394 455 159 
340 405 10 
118 339 112 
247 316 59 
24 442 92 
469 324 337 
176 388 43 
200 80 47 
120 490 27 
262 318 474 
319 320 195 
117 146 220 
355 273 167 
372 137 142 
182 140 142 
169 106 220 
211 246 88 
388 87 396 
389 244 330 
269 437 260 
168 292 322 
264 213 450 
325 165 133 
319 83 447 
13 46 13 
299 338 338 
454 145 242 
280 435 371 
101 259 114 
362 37 54 
310 225 146 
472 390 135 
365 199 212 
3 216 118 
114 192 360 
94 433 231 
411 360 331 
64 225 133 
259 121 38 
243 347 439 
328 7 342 
446 220 308 
268 460 443 
215 103 98 
156 110 260 
42 341 468 
11 34 230 
387 159 191 
167 399 210 
214 349 314 
322 295 413 
66 290 352 
176 27 71 
153 11 12 
227 246 423 
498 328 90 
322 417 49 
463 66 399 
163 475 218 
94 35 214 
126 496 100 
127 479 136 
364 121 24 
166 197 282 
281 420 86 
423 31 109 
6 67 42 
324 149 262 
43 333 47 
495 292 156 
146 265 262 
439 404 243 
241 40 218 
355 472 336 
363 404 69 
368 450 9 
384 74 312 
310 392 304 
22 199 42 
203 14 380 
67 115 256 
215 436 221 
424 358 101 
372 151 320 
15 197 228 
323 287 23 
194 48 293 
98 460 322 
213 104 76 
374 490 348 
401 85 377 
240 431 396 
165 265 477 
88 97 166 
239 186 197 
457 258 2 
163 91 422 
132 466 87 
375 264 358 
201 479 235 
131 173 223 
156 151 427 
77 345 8 
348 91 131 
66 99 410 
219 387 113 
474 122 348 
178 422 286 
328 248 340 
76 401 331 
63 367 478 
492 113 85 
417 72 424 
176 21 24 
373 100 300 
383 365 121 
464 215 415 
250 404 373 
342 156 50 
93 420 249 
347 186 117 
224 35 88 
171 465 155 
123 118 346 
409 251 188 
321 499 33 
110 231 433 
178 123 67 
261 132 483 
23 65 135 
59 271 256 
61 368 459 
261 269 21 
67 449 203 
290 251 379 
465 239 310 
191 114 399 
108 93 67 
379 92 141 
283 232 207 
491 101 40 
219 328 5 
207 136 196 
288 430 140 
187 9 341 
104 72 148 
167 2 128 
226 499 454 
228 476 194 
466 314 489 
24 33 159 
71 148 373 
411 158 16 
479 288 448 
262 480 244 
389 153 459 
339 30 312 
142 114 413 
350 380 227 
380 22 492 
489 183 41 
7 111 281 
223 480 204 
128 151 217 
326 153 163 
142 126 286 
424 78 188 
210 230 153 
253 463 332 
42 289 239 
24 123 42 
197 446 59 
375 180 360 
248 57 467 
198 308 278 
163 127 119 
235 426 312 
307 284 100 
488 24 72 
71 178 420 
