1000
3
221 441 242 
236 20 258 
109 295 99 
185 402 280 
78 245 388 
114 361 447 
394 276 12 
332 264 44 
367 136 458 
33 205 480 
6 326 384 
285 460 97 
95 140 147 
366 416 382 
128 341 399 
393 366 159 
497 144 450 
262 407 76 
456 279 165 
205 359 198 
378 409 370 
493 130 484 
483 394 390 
212 310 315 
217 467 459 
231 108 287 
290 411 358 
430 296 374 
343 472 179 
94 190 295 
82 73 44 
338 126 98 
394 450 137 
498 404 457 
278 181 470 
376 439 421 
318 36 204 
9 307 353 
296 167 180 
132 72 58 
116 183 112 
459 206 160 
46 423 373 
251 132 217 
150 216 2 
90 259 153 
148 79 368 
436 194 406 
409 157 250 
374 6 208 
128 477 92 
234 141 287 
325 183 421 
489 215 263 
378 388 14 
21 15 25 
143 446 99 
318 150 162 
327 470 156 
431 46 6 
370 163 402 
336 437 23 
381 373 475 
370 120 48 
36 278 317 
10 466 232 
112 353 155 
315 382 413 
8 211 109 
153 360 65 
148 43 451 
18 71 391 
77 498 301 
14 447 206 
254 372 311 
265 192 471 
37 148 421 
367 383 193 
430 96 187 
39 152 475 
332 337 432 
494 477 164 
79 490 138 
391 215 218 
197 354 48 
193 282 435 
474 20 352 
146 404 128 
487 266 324 
116 262 449 
313 368 265 
1 394 186 
45 82 277 
312 193 278 
324 223 277 
239 149 399 
79 56 205 
177 321 177 
326 470 470 
404 82 129 
381 182 80 
76 343 399 
375 339 34 
220 213 335 
202 427 49 
139 320 89 
438 122 259 
276 108 373 
146 126 62 
206 161 150 
77 449 320 
102 216 435 
110 279 41 
18 112 162 
392 46 356 
351 400 54 
437 436 354 
378 93 431 
439 312 427 
161 46 100 
208 280 394 
399 200 436 
137 357 70 
183 481 159 
447 423 258 
52 425 53 
359 131 61 
487 478 378 
155 441 405 
38 246 365 
18 480 395 
151 11 244 
480 413 432 
321 450 60 
335 477 64 
331 242 351 
143 368 284 
386 142 342 
21 300 31 
263 172 280 
33 35 39 
34 305 329 
66 34 208 
393 93 445 
383 119 348 
8 294 36 
73 409 163 
150 444 468 
110 343 460 
58 18 39 
379 150 171 
143 304 334 
12 408 121 
401 345 155 
467 203 305 
479 442 176 
169 392 166 
375 141 267 
356 448 17 
168 207 281 
148 163 450 
267 389 316 
106 191 426 
154 182 83 
190 388 367 
416 328 200 
439 235 134 
388 110 305 
436 257 351 
470 53 346 
145 30 341 
274 269 499 
25 452 317 
355 156 493 
179 19 443 
16 432 56 
331 14 165 
194 416 187 
400 311 305 
437 124 411 
56 180 206 
27 208 40 
32 366 393 
412 108 220 
174 324 462 
370 312 42 
115 463 63 
137 358 223 
239 118 9 
377 297 104 
29 154 433 
87 51 121 
406 98 43 
413 221 439 
287 52 211 
263 329 14 
310 419 179 
365 480 25 
288 293 343 
77 92 391 
45 165 364 
324 468 91 
288 184 103 
438 258 448 
75 235 39 
401 300 39 
258 207 428 
246 281 234 
278 27 405 
477 381 431 
458 161 220 
448 175 372 
106 191 352 
367 51 162 
181 46 225 
356 20 388 
41 102 96 
223 78 89 
12 482 313 
310 327 494 
140 81 302 
330 12 417 
61 235 166 
280 19 244 
457 65 176 
367 442 40 
41 53 366 
26 39 17 
5 65 245 
233 140 389 
376 336 180 
427 113 132 
391 380 182 
344 280 22 
339 378 278 
498 55 108 
167 273 391 
380 235 246 
62 102 88 
229 144 454 
460 102 491 
364 150 288 
490 93 139 
402 201 151 
373 412 45 
316 254 308 
194 392 190 
215 481 321 
179 126 355 
316 103 399 
144 111 145 
453 35 385 
365 233 134 
435 360 333 
388 9 191 
23 84 460 
105 352 130 
151 441 251 
464 196 167 
110 113 43 
446 284 173 
118 227 164 
458 264 33 
265 101 160 
216 91 98 
173 348 131 
461 200 435 
143 125 2 
27 445 195 
461 223 362 
244 70 186 
467 8 265 
5 16 55 
104 406 254 
226 245 177 
419 211 348 
116 47 139 
402 295 422 
220 368 49 
37 111 187 
71 235 324 
9 114 34 
221 454 433 
14 221 222 
209 442 318 
318 164 305 
63 353 117 
352 267 392 
494 159 455 
434 206 174 
99 188 478 
19 277 49 
422 94 355 
98 301 265 
50 284 493 
181 404 435 
405 497 422 
0 277 74 
20 331 324 
428 371 343 
82 205 192 
110 126 288 
435 325 195 
418 286 241 
22 25 189 
241 194 101 
324 108 120 
355 404 334 
219 228 196 
19 145 12 
182 452 21 
242 493 439 
173 165 138 
161 115 460 
240 479 99 
306 290 267 
396 11 359 
205 280 8 
249 466 184 
271 83 116 
257 384 289 
344 180 284 
223 185 55 
130 66 134 
141 329 206 
204 46 296 
237 410 16 
30 441 233 
342 251 425 
388 466 23 
414 189 351 
366 497 475 
22 376 166 
209 426 460 
147 23 34 
172 282 199 
341 307 222 
234 121 492 
441 70 110 
251 36 493 
451 335 424 
48 364 71 
288 378 343 
469 269 435 
432 49 161 
161 276 146 
428 230 393 
72 453 328 
116 194 356 
35 220 274 
486 493 259 
196 214 492 
368 412 444 
472 331 5 
352 379 475 
319 308 427 
74 139 251 
144 282 362 
154 15 39 
260 65 319 
200 396 111 
159 76 114 
44 32 142 
496 359 217 
63 217 24 
425 61 0 
84 50 212 
150 404 44 
447 329 309 
300 252 353 
177 279 205 
311 291 223 
72 456 393 
314 140 99 
135 58 182 
16 185 173 
46 322 213 
293 94 408 
447 424 89 
297 142 406 
474 54 407 
28 128 192 
474 430 378 
143 14 276 
256 1 86 
243 165 304 
406 330 456 
260 35 300 
161 345 42 
10 288 330 
229 474 26 
170 156 404 
493 44 273 
63 359 370 
22 427 15 
122 434 418 
266 154 11 
122 353 74 
63 236 224 
272 368 75 
428 160 162 
55 198 438 
232 248 352 
346 490 14 
449 278 113 
359 209 375 
82 178 407 
221 346 91 
90 45 175 
24 119 342 
367 311 473 
336 289 117 
496 250 306 
424 284 162 
498 32 190 
391 41 77 
133 182 497 
432 91 251 
372 387 199 
27 448 272 
167 431 479 
18 26 468 
62 201 304 
46 74 384 
251 16 305 
212 70 465 
231 10 393 
349 445 202 
3 321 204 
216 12 394 
158 317 355 
250 237 248 
429 426 54 
82 456 365 
445 167 139 
288 232 263 
299 143 114 
293 355 391 
77 216 453 
94 403 451 
240 109 438 
247 479 124 
497 429 324 
105 467 385 
170 7 487 
111 108 250 
461 272 183 
338 175 237 
268 344 60 
180 43 92 
240 53 60 
152 290 285 
120 49 206 
481 187 497 
6 405 297 
482 51 47 
4 399 314 
43 193 213 
193 402 119 
408 384 425 
25 336 228 
176 120 95 
148 211 52 
416 420 171 
180 247 403 
270 254 284 
101 486 189 
370 133 29 
490 373 138 
131 178 215 
28 244 137 
13 406 269 
256 490 178 
289 257 338 
245 353 161 
149 211 389 
220 354 274 
169 361 78 
155 385 112 
378 198 66 
459 378 128 
27 445 388 
40 295 112 
281 446 288 
67 3 258 
49 439 437 
68 65 47 
123 494 281 
486 129 381 
236 97 316 
238 381 375 
48 100 86 
476 121 346 
448 395 305 
174 100 0 
446 129 165 
14 357 215 
143 127 72 
264 140 164 
131 185 189 
432 422 461 
266 126 184 
52 467 291 
155 165 23 
166 257 440 
211 446 320 
30 7 166 
39 297 134 
76 249 221 
415 173 114 
197 25 30 
388 368 47 
251 168 324 
421 388 131 
48 303 465 
65 446 316 
84 205 104 
116 95 298 
240 282 103 
185 8 438 
167 287 76 
79 186 164 
175 21 336 
268 92 77 
137 49 380 
110 84 137 
174 176 191 
28 260 260 
384 139 98 
388 191 17 
414 321 183 
243 41 207 
464 68 5 
192 131 358 
212 161 118 
328 429 38 
362 141 334 
189 389 122 
69 255 390 
84 405 179 
97 77 238 
304 37 405 
454 242 252 
125 214 44 
17 499 36 
9 353 305 
486 420 92 
13 180 147 
100 498 268 
377 433 259 
95 260 143 
316 197 459 
281 377 270 
267 411 6 
227 189 438 
356 4 352 
276 420 216 
385 482 18 
267 81 120 
150 89 154 
284 58 390 
418 403 111 
42 33 150 
495 160 350 
92 376 60 
434 377 28 
412 118 486 
416 110 431 
488 71 295 
183 191 419 
226 417 89 
199 440 289 
141 46 494 
40 69 203 
474 40 75 
423 356 81 
459 283 12 
311 484 46 
448 199 114 
59 179 249 
323 12 346 
272 338 469 
396 290 83 
428 93 242 
146 450 339 
21 112 270 
148 9 32 
329 380 185 
436 474 256 
365 447 392 
201 180 391 
107 127 357 
40 320 173 
69 311 46 
474 129 485 
314 459 271 
360 374 351 
157 284 118 
468 453 292 
459 335 116 
0 338 404 
284 192 113 
329 310 70 
237 365 244 
324 24 489 
339 81 45 
313 1 486 
375 466 318 
343 170 333 
305 167 186 
24 222 377 
127 108 412 
372 285 69 
497 238 462 
71 337 23 
401 235 133 
480 474 495 
24 254 356 
420 433 148 
466 81 396 
466 355 484 
270 170 76 
173 420 109 
133 259 303 
66 97 87 
204 126 462 
52 55 68 
341 4 418 
137 174 322 
416 420 341 
461 195 296 
81 186 443 
314 154 171 
145 182 426 
350 301 51 
52 476 68 
283 303 431 
489 190 166 
68 266 366 
193 391 12 
343 339 409 
109 61 81 
140 231 211 
8 126 350 
128 407 447 
245 229 489 
480 377 45 
335 249 207 
397 9 479 
385 85 180 
24 29 345 
48 90 111 
441 107 490 
464 451 370 
50 63 198 
150 73 92 
476 444 66 
384 125 363 
221 125 147 
483 213 198 
223 76 405 
339 241 356 
302 51 197 
54 421 143 
71 288 491 
161 340 460 
104 409 359 
491 170 68 
202 150 163 
438 358 59 
250 274 146 
308 325 114 
385 7 67 
420 28 307 
152 92 298 
346 193 303 
486 240 414 
366 427 307 
320 265 32 
358 125 412 
419 312 234 
68 40 278 
496 177 471 
206 95 287 
202 269 200 
344 178 324 
212 62 177 
95 472 338 
196 117 60 
104 495 60 
340 10 386 
40 241 292 
269 260 15 
2 296 223 
271 51 367 
245 337 352 
301 179 88 
253 324 129 
113 460 426 
183 350 497 
204 67 99 
67 294 235 
423 323 403 
458 22 299 
375 408 224 
157 60 359 
314 315 100 
74 65 165 
107 161 6 
6 208 431 
118 122 438 
37 131 272 
1 191 317 
140 204 477 
456 426 70 
456 220 239 
136 119 380 
184 62 473 
203 321 234 
476 154 482 
360 164 196 
342 401 399 
211 17 153 
89 489 400 
95 405 121 
381 311 267 
341 212 344 
428 206 191 
193 192 54 
69 166 374 
127 426 164 
27 240 374 
249 256 421 
227 135 278 
276 206 56 
206 142 249 
95 121 214 
301 374 335 
128 499 247 
67 27 242 
146 331 285 
268 197 6 
442 224 495 
350 449 36 
123 105 266 
51 456 75 
263 367 374 
495 306 213 
260 227 75 
30 85 6 
296 379 367 
442 489 325 
2 306 246 
75 218 266 
92 173 392 
398 96 249 
242 309 355 
57 395 287 
115 205 45 
265 159 22 
371 290 478 
488 87 87 
134 81 17 
192 225 320 
26 339 17 
225 275 85 
360 11 242 
191 475 96 
132 395 92 
388 486 373 
383 385 1 
289 53 462 
368 268 149 
148 472 143 
273 2 212 
343 169 146 
460 462 303 
330 9 22 
310 412 263 
342 8 18 
361 299 384 
465 82 473 
162 345 425 
271 238 338 
160 75 171 
118 487 367 
468 127 403 
361 178 244 
66 278 177 
140 473 460 
77 252 128 
142 341 219 
179 257 39 
236 451 308 
308 94 177 
224 55 163 
11 74 333 
487 232 115 
211 297 221 
283 223 326 
209 73 470 
9 463 7 
387 191 128 
121 178 491 
445 224 387 
242 174 2 
50 185 52 
321 25 140 
2 307 63 
344 318 176 
181 145 217 
434 39 306 
476 213 278 
93 153 221 
125 98 215 
43 465 296 
241 258 126 
253 311 96 
363 8 2 
488 391 57 
202 210 398 
492 35 161 
344 362 121 
133 412 365 
406 342 325 
310 297 13 
187 186 492 
302 216 54 
283 494 391 
45 112 164 
489 301 380 
192 495 208 
380 380 176 
417 193 291 
8 407 306 
359 171 155 
431 361 375 
442 88 420 
89 25 268 
409 183 237 
360 259 343 
243 344 111 
4 74 456 
322 337 8 
245 86 228 
346 362 359 
354 131 366 
436 77 449 
108 215 347 
109 439 326 
492 453 477 
35 67 415 
239 203 112 
88 462 367 
166 286 151 
227 228 204 
30 36 153 
213 13 206 
476 164 466 
495 84 251 
31 28 444 
1 61 113 
351 342 183 
439 243 263 
348 439 419 
316 53 46 
85 163 462 
213 190 82 
137 458 157 
481 268 460 
210 201 356 
97 419 5 
470 30 178 
116 206 128 
114 403 296 
118 364 173 
43 410 303 
149 497 258 
279 180 41 
433 331 41 
163 407 387 
174 254 125 
229 109 297 
41 215 299 
424 26 457 
100 439 181 
497 41 463 
280 353 268 
320 484 254 
43 85 491 
387 476 135 
402 73 11 
382 438 384 
440 313 434 
488 225 271 
357 311 422 
100 318 294 
277 127 360 
444 153 343 
21 386 446 
257 283 325 
425 4 219 
50 150 311 
266 211 200 
136 417 44 
118 393 48 
209 205 81 
139 139 101 
30 133 263 
408 86 335 
422 29 221 
462 291 74 
97 33 96 
191 225 313 
48 176 184 
182 18 461 
286 135 462 
184 360 87 
121 87 337 
52 210 325 
25 377 172 
40 274 411 
80 102 35 
48 177 369 
93 461 243 
307 282 174 
252 490 392 
308 82 13 
286 494 466 
345 214 165 
459 96 455 
7 163 116 
15 459 334 
228 2 164 
416 492 122 
188 145 50 
222 51 337 
282 345 137 
327 74 351 
312 199 491 
291 339 479 
329 269 169 
239 309 41 
94 329 398 
110 385 296 
17 24 286 
234 326 171 
7 181 20 
472 358 18 
149 99 70 
212 104 203 
315 273 396 
135 127 380 
206 350 328 
242 258 306 
180 119 439 
359 144 141 
25 138 461 
40 453 301 
469 182 248 
193 302 41 
244 23 133 
154 248 53 
218 330 375 
368 176 9 
169 284 447 
292 178 300 
466 14 252 
316 73 326 
176 165 220 
453 372 10 
118 39 336 
38 164 97 
31 167 140 
317 269 327 
451 209 303 
22 16 247 
187 362 380 
178 455 110 
487 31 421 
115 155 431 
345 406 385 
192 463 428 
317 367 271 
488 231 100 
7 225 448 
303 180 480 
6 267 233 
225 257 137 
478 483 427 
75 301 31 
323 477 479 
325 403 361 
145 221 271 
483 293 229 
34 21 233 
248 96 94 
204 40 385 
90 465 297 
34 58 317 
