1000
3
330 78 87 
210 98 186 
47 236 392 
55 16 120 
256 194 481 
453 169 462 
401 328 245 
67 328 201 
279 184 114 
404 264 167 
272 149 38 
315 127 325 
119 5 251 
9 374 448 
266 210 249 
451 430 64 
268 229 326 
233 25 88 
96 201 182 
87 486 311 
171 330 27 
283 44 229 
334 332 452 
145 208 6 
335 370 187 
220 343 134 
465 60 450 
259 314 435 
488 488 338 
292 437 434 
412 17 361 
306 275 477 
256 200 86 
395 45 490 
437 228 162 
359 386 15 
367 99 18 
393 337 407 
251 315 329 
443 379 117 
485 448 475 
11 155 109 
90 446 334 
71 456 417 
146 476 363 
201 360 264 
121 395 159 
330 160 279 
118 74 247 
321 400 305 
95 100 130 
494 411 62 
235 397 228 
347 121 338 
420 23 448 
307 161 255 
69 300 31 
156 341 383 
407 295 40 
315 240 268 
53 382 245 
166 332 428 
179 97 343 
172 221 123 
250 382 302 
245 338 275 
4 197 445 
116 179 426 
244 390 480 
264 497 19 
280 338 264 
494 77 410 
378 453 273 
6 42 376 
322 38 108 
119 158 467 
211 452 302 
120 275 431 
466 304 56 
75 174 94 
174 9 460 
477 434 201 
83 380 5 
470 195 71 
372 155 434 
88 36 324 
19 208 189 
374 406 167 
159 71 197 
447 1 330 
22 369 94 
398 53 94 
241 308 212 
140 340 130 
474 438 317 
91 394 98 
274 361 63 
274 4 42 
330 166 131 
216 18 231 
396 267 27 
370 287 34 
225 156 495 
221 308 371 
297 181 178 
171 214 235 
125 159 46 
120 448 371 
178 374 498 
429 169 287 
166 232 463 
274 281 16 
490 436 417 
397 331 293 
486 140 342 
21 95 80 
177 82 312 
495 451 182 
12 336 84 
131 278 121 
233 39 377 
81 84 139 
101 127 126 
68 440 255 
145 240 498 
247 311 235 
453 279 8 
270 278 262 
66 434 73 
420 87 30 
63 180 321 
329 67 323 
170 439 266 
460 417 119 
56 427 193 
3 329 317 
9 450 136 
241 134 146 
403 293 446 
397 484 205 
470 173 405 
225 147 289 
216 18 105 
492 409 466 
424 357 160 
377 16 316 
222 237 236 
475 164 206 
363 417 136 
459 152 490 
405 497 193 
293 434 409 
355 150 427 
382 349 323 
153 217 26 
197 187 265 
28 21 461 
15 419 41 
169 210 231 
141 76 388 
380 266 116 
229 396 455 
248 454 243 
352 434 231 
310 244 70 
369 316 31 
151 118 87 
300 359 75 
120 494 318 
252 215 357 
492 41 485 
252 57 229 
119 193 427 
95 25 485 
388 52 472 
352 73 215 
442 48 186 
365 424 402 
459 266 468 
434 237 230 
277 437 275 
453 97 130 
108 488 215 
289 202 84 
453 470 244 
494 52 237 
381 406 211 
328 474 202 
259 272 394 
215 114 62 
448 230 43 
25 385 228 
229 184 189 
272 254 437 
393 470 181 
273 27 129 
113 353 427 
246 56 358 
169 377 116 
289 215 46 
432 45 184 
368 248 337 
255 346 176 
11 304 199 
238 127 453 
388 82 110 
38 317 487 
110 370 248 
181 419 24 
401 391 312 
63 35 335 
328 238 46 
464 109 456 
36 64 107 
16 282 282 
321 1 22 
15 380 403 
161 378 169 
218 183 350 
162 55 144 
105 407 124 
91 14 51 
472 206 159 
293 385 441 
429 43 387 
232 198 461 
26 20 142 
496 407 418 
66 75 300 
83 98 304 
490 292 108 
368 173 469 
374 37 63 
201 325 365 
173 113 165 
167 379 279 
330 361 203 
191 380 189 
310 32 35 
410 135 420 
269 84 249 
438 238 453 
187 442 47 
470 235 455 
91 121 97 
301 478 40 
265 345 471 
79 401 98 
137 456 20 
439 166 472 
384 15 405 
283 15 145 
458 241 225 
240 40 287 
35 48 159 
289 471 116 
468 338 129 
239 363 322 
338 345 148 
297 384 387 
182 348 6 
159 24 321 
102 491 60 
143 408 173 
490 236 425 
100 327 481 
46 182 329 
400 204 169 
120 234 285 
1 314 274 
132 319 70 
69 73 412 
134 412 277 
122 97 477 
462 72 285 
376 16 110 
270 201 287 
275 215 99 
24 42 357 
78 75 5 
446 78 247 
296 280 377 
202 319 81 
255 11 255 
71 102 274 
470 124 136 
251 99 316 
65 148 444 
74 498 85 
116 482 276 
446 385 385 
363 84 310 
256 238 152 
111 151 152 
137 430 68 
386 261 50 
176 399 148 
19 45 149 
485 360 296 
17 25 221 
183 211 246 
141 11 21 
129 249 212 
150 328 256 
340 99 296 
258 286 237 
186 384 169 
170 29 57 
22 162 65 
467 91 466 
315 342 440 
391 218 50 
400 197 228 
88 457 284 
37 402 81 
497 86 136 
163 254 302 
388 58 452 
380 159 129 
410 416 249 
475 111 283 
454 90 156 
110 171 191 
247 82 253 
44 64 448 
390 458 354 
140 484 138 
211 148 471 
96 114 411 
139 468 462 
263 295 373 
268 256 235 
391 314 355 
184 285 258 
359 498 428 
90 452 267 
295 397 418 
414 231 187 
448 287 179 
263 379 426 
58 122 61 
184 301 486 
256 383 465 
213 164 338 
417 479 247 
296 441 453 
189 357 343 
11 276 166 
451 294 187 
43 334 404 
4 432 175 
99 474 377 
303 40 105 
147 231 93 
161 407 100 
233 414 170 
179 327 312 
220 119 227 
201 175 8 
148 280 120 
342 217 286 
104 255 171 
227 312 466 
435 368 223 
105 374 79 
177 90 296 
476 14 370 
167 112 461 
7 393 63 
171 16 449 
316 220 347 
117 424 19 
450 480 28 
123 451 102 
357 355 459 
372 25 284 
499 246 133 
410 323 77 
409 483 214 
363 285 232 
454 177 2 
254 304 364 
340 41 141 
32 51 354 
486 458 108 
14 338 359 
484 78 430 
60 221 291 
484 437 24 
95 181 186 
146 286 154 
416 422 450 
366 435 149 
226 227 148 
90 87 282 
123 61 373 
84 87 71 
449 59 385 
375 489 471 
7 381 3 
191 37 288 
219 56 351 
205 381 248 
126 274 350 
155 33 281 
436 476 328 
152 4 319 
268 487 217 
72 6 149 
195 3 71 
230 365 401 
41 449 377 
444 424 258 
146 296 160 
333 420 471 
206 475 344 
23 250 405 
335 198 166 
315 40 75 
494 109 94 
364 225 269 
188 107 289 
470 174 491 
228 46 497 
416 161 300 
370 98 82 
156 435 472 
28 344 425 
241 293 19 
292 300 143 
40 254 418 
1 374 101 
41 247 119 
287 483 295 
452 378 120 
238 44 378 
237 323 149 
290 303 302 
440 36 316 
458 344 348 
357 433 255 
155 297 431 
412 367 442 
295 124 279 
158 489 480 
314 289 63 
437 80 458 
251 257 320 
180 401 495 
146 191 139 
445 492 80 
261 432 217 
350 151 251 
246 271 194 
145 285 179 
487 431 340 
131 155 351 
206 359 156 
365 201 234 
81 51 136 
75 401 298 
333 494 250 
348 19 111 
390 176 194 
287 143 450 
28 258 3 
376 64 218 
199 474 94 
150 273 412 
277 150 269 
189 381 391 
20 172 350 
350 417 447 
3 278 458 
146 131 475 
131 419 473 
127 166 204 
455 217 286 
490 145 477 
481 310 205 
131 326 150 
475 486 77 
79 139 37 
6 4 343 
462 312 226 
30 39 486 
68 384 355 
341 18 291 
461 173 63 
299 59 150 
220 236 226 
195 204 320 
78 298 141 
232 178 268 
357 139 483 
468 207 218 
279 455 232 
24 400 334 
403 274 449 
19 369 408 
265 227 97 
370 331 461 
376 153 423 
165 149 338 
287 28 409 
409 170 451 
85 24 410 
195 237 471 
332 114 190 
128 338 197 
319 267 101 
36 342 260 
493 428 190 
454 427 60 
112 432 198 
373 387 483 
81 483 49 
375 392 81 
369 211 430 
114 295 63 
364 379 411 
153 157 489 
442 445 213 
27 6 430 
343 205 364 
178 191 3 
417 82 222 
9 318 423 
259 133 81 
265 78 76 
410 297 214 
431 483 74 
291 166 141 
5 431 102 
271 175 48 
374 216 313 
172 299 357 
294 103 126 
477 496 61 
265 166 16 
176 310 209 
314 374 116 
89 414 73 
238 32 176 
158 486 383 
315 49 289 
453 40 123 
321 52 395 
446 116 381 
222 411 490 
486 402 468 
371 197 440 
209 124 343 
293 134 355 
446 475 356 
394 349 43 
81 48 34 
243 404 160 
402 316 62 
69 298 166 
436 3 38 
289 95 466 
256 265 406 
67 238 430 
66 164 328 
25 246 299 
412 46 287 
145 280 266 
192 77 288 
47 488 95 
421 451 125 
225 142 102 
467 365 361 
476 211 126 
218 374 69 
57 221 358 
343 401 73 
206 232 410 
470 362 39 
299 203 86 
94 20 369 
194 402 323 
218 121 166 
450 285 281 
400 421 175 
213 12 294 
161 307 333 
499 497 213 
237 97 185 
94 149 443 
326 298 210 
226 455 310 
34 78 325 
394 251 227 
151 105 355 
267 25 171 
130 199 353 
219 344 226 
478 84 327 
337 243 226 
89 485 324 
186 254 179 
494 3 366 
305 141 288 
298 247 392 
159 182 341 
19 95 342 
33 100 82 
426 233 469 
151 480 438 
331 307 276 
56 97 347 
88 193 139 
313 86 194 
120 212 20 
174 135 51 
178 282 119 
403 414 102 
3 248 289 
276 218 113 
234 467 146 
124 317 180 
412 326 431 
494 384 492 
169 161 324 
306 179 399 
232 270 74 
59 452 25 
357 383 281 
326 381 73 
353 496 212 
154 370 341 
262 446 119 
461 495 57 
472 109 64 
395 315 414 
352 36 108 
386 215 215 
37 186 368 
288 307 79 
463 29 138 
70 42 446 
211 226 480 
117 272 176 
429 145 292 
107 495 172 
427 84 448 
36 414 397 
337 286 303 
197 429 477 
300 87 215 
327 412 148 
149 275 412 
116 422 70 
265 465 119 
488 450 207 
449 43 450 
235 50 223 
98 395 367 
434 219 492 
42 191 104 
267 201 352 
281 378 447 
425 141 82 
90 485 480 
70 91 33 
90 463 251 
236 489 208 
430 45 485 
58 422 169 
343 453 341 
272 312 37 
216 431 0 
55 398 272 
63 168 245 
101 302 200 
220 364 391 
205 464 280 
240 331 496 
258 155 276 
137 187 220 
93 436 433 
23 279 85 
38 132 52 
17 368 305 
351 34 379 
243 311 61 
325 373 444 
66 339 431 
128 185 162 
151 104 382 
129 190 103 
374 342 101 
9 136 29 
314 353 447 
137 75 398 
290 186 35 
343 465 323 
201 201 262 
68 449 322 
47 29 377 
187 119 110 
169 345 235 
248 475 453 
404 209 359 
2 347 435 
286 213 461 
18 82 103 
401 324 330 
415 83 184 
464 354 304 
379 433 276 
40 91 73 
5 60 165 
412 405 478 
485 189 419 
418 258 213 
432 207 269 
24 436 326 
187 85 454 
203 106 343 
192 459 448 
176 359 55 
52 41 160 
287 47 417 
157 237 30 
413 479 205 
314 257 188 
75 468 68 
390 445 344 
260 230 191 
371 65 284 
196 356 422 
128 189 152 
123 394 498 
32 285 27 
51 252 171 
239 113 59 
109 348 453 
470 288 429 
37 451 250 
152 103 42 
380 326 191 
467 134 75 
353 403 145 
467 200 366 
225 217 290 
122 63 259 
308 373 58 
460 195 177 
274 292 209 
100 213 275 
438 412 358 
113 204 449 
496 261 473 
86 253 98 
233 155 212 
454 154 148 
224 439 356 
16 235 412 
403 433 408 
289 455 211 
213 107 393 
312 436 118 
328 470 376 
265 270 9 
129 356 53 
445 426 318 
40 463 316 
475 140 20 
484 373 174 
483 244 86 
483 56 290 
0 83 287 
114 333 217 
355 359 368 
168 327 34 
345 96 462 
352 398 344 
55 250 122 
369 418 154 
74 479 178 
163 160 203 
39 53 103 
249 432 436 
42 297 318 
429 449 302 
153 437 461 
466 312 197 
345 309 375 
165 117 313 
236 100 135 
391 19 173 
462 89 497 
114 491 247 
172 370 28 
19 108 37 
135 445 314 
492 392 408 
174 366 151 
333 72 255 
128 221 351 
78 233 230 
125 494 6 
499 48 339 
64 169 219 
488 340 263 
97 99 5 
488 15 232 
37 193 187 
474 8 233 
449 354 491 
42 199 201 
343 235 449 
390 426 63 
193 191 123 
434 136 286 
195 53 54 
228 28 456 
239 100 469 
497 365 249 
169 300 275 
143 145 243 
493 113 257 
107 475 225 
147 28 272 
39 467 474 
87 396 398 
282 13 355 
446 389 315 
290 312 304 
483 328 369 
152 1 390 
39 352 499 
248 100 126 
46 471 489 
38 450 109 
304 447 133 
345 8 120 
315 388 310 
295 314 73 
126 222 37 
490 252 62 
164 119 345 
149 419 409 
374 251 499 
291 467 101 
61 49 294 
423 266 119 
335 405 405 
296 213 453 
205 397 190 
107 290 144 
175 261 327 
26 235 318 
139 5 365 
227 401 339 
335 150 58 
437 162 351 
29 96 320 
316 349 94 
445 344 7 
421 53 172 
36 137 193 
298 391 3 
24 68 69 
142 365 93 
356 345 479 
291 246 464 
275 274 455 
257 87 217 
201 95 120 
19 441 58 
479 419 2 
373 226 325 
92 114 470 
41 163 0 
160 35 30 
411 192 394 
203 387 405 
153 415 415 
160 384 239 
114 1 359 
374 213 308 
158 8 221 
130 101 125 
346 99 403 
179 457 332 
79 156 363 
409 326 298 
228 401 184 
178 96 475 
373 77 200 
425 272 431 
80 272 44 
326 444 278 
207 294 149 
472 325 451 
284 384 117 
352 74 320 
7 92 39 
242 238 159 
477 143 149 
258 244 431 
257 472 424 
54 293 492 
207 285 435 
212 37 384 
35 477 154 
369 34 390 
460 91 341 
475 342 452 
396 63 298 
365 294 381 
98 3 103 
456 45 87 
278 26 433 
27 296 391 
304 21 121 
259 125 345 
82 382 249 
115 497 1 
476 155 42 
105 142 445 
486 356 295 
445 110 68 
55 311 253 
344 90 81 
395 314 240 
269 100 291 
309 242 365 
78 381 372 
157 204 278 
80 107 54 
183 306 140 
62 142 386 
353 427 30 
190 8 170 
443 154 472 
233 406 97 
182 284 240 
200 198 173 
44 366 495 
414 242 58 
84 333 308 
2 228 346 
311 361 53 
117 362 79 
438 364 263 
350 458 446 
414 353 217 
309 45 405 
302 29 398 
476 2 146 
216 269 333 
91 304 479 
326 322 395 
266 294 135 
150 204 98 
342 363 369 
410 162 276 
365 124 44 
105 415 165 
190 342 179 
430 447 303 
242 489 443 
317 398 15 
457 382 409 
424 117 56 
355 355 393 
346 40 8 
83 488 56 
151 476 218 
337 274 249 
214 239 111 
15 135 40 
449 330 285 
243 473 319 
226 263 194 
338 246 252 
166 307 420 
286 411 381 
346 439 218 
13 216 276 
78 173 136 
120 33 73 
469 299 489 
344 377 389 
22 299 85 
315 432 143 
102 429 48 
57 78 335 
204 383 350 
490 157 315 
366 138 276 
440 189 53 
333 412 172 
323 292 56 
278 118 153 
399 127 493 
