1000
3
462 457 394 
261 361 172 
48 62 375 
360 25 296 
33 171 294 
143 82 365 
241 374 412 
191 244 368 
244 393 490 
30 338 103 
395 201 439 
461 119 118 
222 162 228 
416 243 260 
316 384 179 
331 25 128 
437 72 124 
123 410 24 
422 134 419 
270 47 37 
473 309 225 
396 42 167 
252 264 495 
112 372 82 
163 363 188 
91 29 452 
151 303 90 
486 381 16 
346 331 127 
206 233 399 
84 417 48 
118 419 247 
349 375 282 
293 356 10 
258 60 199 
156 30 485 
29 122 14 
415 252 276 
57 141 32 
45 178 160 
453 269 220 
114 193 302 
321 373 184 
56 113 203 
160 24 172 
175 56 240 
209 426 337 
305 8 204 
160 246 343 
34 296 241 
477 485 236 
60 431 280 
365 158 143 
202 429 431 
24 219 261 
274 452 11 
197 459 486 
38 173 354 
451 355 225 
283 416 126 
54 139 278 
8 460 147 
299 223 135 
392 413 259 
146 12 375 
317 289 213 
249 167 430 
372 349 173 
423 312 345 
235 34 316 
39 263 169 
363 375 449 
187 211 181 
259 489 18 
323 395 94 
270 179 158 
140 44 430 
331 4 280 
61 263 169 
359 468 156 
62 65 41 
200 426 341 
59 273 348 
180 131 251 
425 347 369 
7 174 346 
472 320 244 
122 417 303 
370 198 262 
403 324 455 
170 219 86 
173 297 300 
29 114 454 
460 40 201 
9 317 68 
379 299 398 
216 272 385 
259 415 9 
297 241 368 
35 133 235 
172 196 390 
139 108 117 
292 476 234 
112 260 428 
294 359 334 
271 230 258 
22 333 250 
159 187 401 
443 165 286 
334 170 163 
481 109 21 
354 484 493 
475 85 242 
29 101 165 
476 328 170 
326 67 187 
35 269 96 
122 151 256 
353 357 481 
484 448 156 
293 338 115 
499 439 406 
171 56 368 
60 90 117 
61 176 96 
437 124 349 
195 135 350 
342 242 128 
84 431 128 
191 160 459 
371 178 276 
127 307 227 
97 298 81 
152 389 119 
456 153 91 
269 459 417 
69 29 11 
448 464 403 
488 216 272 
355 447 254 
347 123 362 
161 375 279 
392 462 384 
24 141 302 
440 57 126 
101 419 200 
245 136 243 
78 250 222 
33 391 447 
305 151 377 
111 104 33 
339 139 420 
422 189 499 
384 496 299 
195 138 140 
456 337 105 
41 105 314 
44 485 219 
69 261 181 
158 41 392 
113 92 376 
155 271 7 
385 371 402 
330 79 37 
36 271 115 
450 18 73 
487 193 144 
109 442 115 
248 73 272 
101 295 248 
347 439 335 
458 217 272 
393 23 156 
323 490 462 
401 489 98 
244 156 64 
413 71 376 
140 265 247 
201 253 86 
236 338 398 
497 494 386 
441 436 136 
498 279 466 
95 452 380 
15 212 48 
451 88 95 
404 248 109 
468 287 4 
260 30 235 
485 82 175 
55 304 301 
50 244 31 
464 57 292 
164 388 335 
450 184 323 
181 252 117 
207 186 438 
337 386 21 
357 479 121 
12 88 151 
128 491 136 
58 491 454 
287 388 343 
295 195 207 
321 484 232 
53 276 173 
251 66 171 
71 314 215 
301 246 257 
79 292 45 
464 224 421 
343 345 366 
209 208 81 
325 70 167 
278 96 402 
113 331 227 
406 304 343 
17 155 373 
120 339 421 
210 444 374 
236 223 244 
104 239 373 
221 338 226 
302 208 33 
224 445 145 
227 219 130 
435 341 271 
125 272 416 
473 476 176 
24 106 362 
165 169 450 
399 190 417 
153 102 296 
224 493 88 
434 96 194 
40 201 324 
387 243 292 
131 61 32 
51 469 355 
192 14 187 
392 385 257 
424 190 26 
211 185 60 
245 167 54 
195 312 385 
75 46 109 
22 2 143 
336 282 450 
387 395 327 
353 154 121 
263 179 160 
444 180 219 
180 139 347 
340 142 172 
114 225 347 
107 428 1 
78 159 419 
323 164 45 
390 105 453 
56 417 372 
77 400 161 
40 313 343 
249 174 127 
66 274 312 
462 288 408 
145 15 370 
126 391 9 
303 93 97 
323 7 138 
33 88 151 
492 154 174 
344 257 51 
187 186 404 
149 57 291 
445 16 180 
181 246 462 
481 448 249 
484 392 253 
435 113 335 
396 427 385 
499 230 453 
227 147 128 
163 31 435 
396 286 196 
408 154 18 
317 308 470 
439 472 314 
36 264 276 
129 496 498 
264 251 50 
298 337 134 
15 28 447 
441 162 379 
349 468 238 
327 311 120 
467 246 277 
75 27 400 
347 110 477 
354 300 302 
442 113 420 
358 468 313 
278 413 306 
56 46 284 
438 178 344 
194 195 114 
417 191 447 
354 400 92 
6 236 42 
425 236 369 
343 363 424 
417 494 113 
102 301 363 
121 361 226 
439 111 446 
146 180 441 
464 123 60 
451 81 200 
145 132 273 
416 323 422 
426 288 101 
22 37 229 
410 19 436 
11 100 281 
238 381 156 
211 55 312 
430 46 81 
111 326 378 
144 314 436 
37 269 380 
280 415 136 
383 291 13 
375 78 336 
82 275 101 
246 173 369 
21 319 117 
450 113 85 
184 477 134 
128 213 118 
38 62 209 
269 143 415 
138 52 378 
285 207 50 
8 179 204 
453 425 137 
334 468 228 
198 495 346 
291 154 31 
229 23 327 
347 47 106 
142 40 310 
201 190 47 
404 413 94 
237 32 397 
417 422 240 
85 184 363 
336 351 215 
233 307 403 
128 448 213 
343 429 167 
389 232 452 
436 428 243 
170 204 79 
120 250 29 
283 88 21 
84 215 83 
399 252 228 
0 491 265 
337 234 183 
138 324 97 
415 188 77 
174 317 411 
3 140 187 
287 377 279 
422 457 140 
459 438 102 
246 34 138 
225 306 199 
214 137 480 
38 308 17 
235 178 489 
127 212 419 
189 128 178 
157 477 90 
387 402 221 
493 394 54 
489 59 369 
437 466 247 
247 304 208 
326 196 89 
218 429 234 
193 119 464 
313 282 130 
291 329 50 
440 46 139 
341 211 215 
206 239 167 
281 45 262 
351 301 207 
481 297 0 
338 137 182 
51 192 315 
340 267 396 
85 358 493 
406 66 332 
338 131 324 
89 293 20 
263 386 478 
204 428 72 
115 369 97 
381 114 48 
292 299 50 
6 487 238 
7 329 399 
389 161 111 
486 433 493 
253 71 26 
406 455 296 
107 339 324 
402 313 234 
306 10 235 
166 80 17 
485 138 388 
154 131 489 
252 411 410 
467 388 229 
239 446 255 
78 447 255 
224 398 350 
47 232 106 
263 477 437 
244 25 274 
273 227 209 
176 313 108 
257 213 314 
307 149 484 
267 392 73 
494 280 297 
39 490 355 
344 227 96 
108 75 305 
432 79 52 
257 127 191 
420 486 111 
322 448 430 
203 193 282 
59 242 410 
90 41 389 
85 56 162 
253 235 327 
222 436 256 
173 163 355 
148 253 437 
144 91 451 
165 231 31 
218 224 214 
479 464 255 
43 105 308 
489 194 480 
360 161 19 
133 242 190 
16 216 436 
490 491 176 
177 455 467 
135 439 137 
456 439 451 
273 428 183 
413 90 483 
274 477 258 
83 363 203 
292 349 424 
334 405 303 
317 332 257 
3 350 113 
48 106 241 
382 487 423 
7 183 282 
147 405 433 
291 412 431 
82 52 170 
300 178 165 
318 298 150 
318 47 341 
432 185 179 
275 135 181 
70 428 127 
250 423 379 
81 31 188 
397 372 254 
472 228 382 
483 272 21 
93 218 70 
17 151 312 
226 102 94 
233 396 218 
131 232 151 
40 262 18 
488 262 9 
468 294 423 
121 220 258 
43 106 203 
201 109 381 
287 129 217 
460 492 149 
479 177 73 
93 172 180 
242 37 325 
35 268 14 
13 333 396 
55 56 346 
284 63 26 
337 244 72 
248 20 151 
16 447 402 
347 312 308 
461 182 382 
493 467 238 
347 291 406 
419 494 135 
302 121 237 
435 487 331 
46 373 148 
354 286 359 
196 354 30 
111 253 243 
219 385 322 
4 55 409 
327 306 270 
458 299 119 
491 170 467 
18 49 55 
230 468 239 
409 279 337 
240 468 135 
29 283 489 
480 265 337 
23 160 29 
113 219 37 
385 86 407 
486 261 262 
255 381 414 
171 22 0 
347 462 14 
117 388 151 
141 459 439 
251 364 15 
473 383 128 
52 175 7 
491 236 274 
107 349 115 
425 117 85 
455 455 266 
476 265 153 
443 444 486 
49 370 197 
322 401 131 
341 403 151 
445 318 40 
498 257 359 
73 203 373 
256 222 53 
46 270 94 
327 472 243 
325 493 295 
122 67 482 
287 268 274 
49 158 43 
276 274 399 
368 97 261 
23 329 411 
266 487 68 
35 207 428 
415 489 251 
307 148 12 
424 25 141 
476 225 364 
198 405 154 
233 432 113 
340 460 50 
39 12 254 
213 55 264 
246 49 226 
195 284 140 
134 55 100 
64 258 41 
334 29 88 
280 319 467 
253 458 154 
129 239 336 
30 492 498 
380 233 445 
460 318 314 
75 231 484 
44 160 401 
307 170 470 
152 40 276 
409 468 164 
244 52 400 
421 423 481 
25 129 355 
387 259 452 
168 155 39 
46 395 367 
278 290 43 
431 355 367 
339 330 136 
30 121 210 
39 297 333 
435 296 11 
39 414 352 
465 360 313 
240 25 364 
236 304 341 
488 411 3 
2 226 91 
495 275 65 
256 51 50 
461 95 250 
307 40 394 
252 225 219 
477 479 114 
88 24 198 
118 100 423 
174 131 106 
73 290 223 
294 50 474 
131 61 24 
42 161 182 
37 204 70 
274 300 211 
47 425 349 
211 433 405 
27 38 471 
76 101 461 
440 53 300 
424 154 304 
409 404 367 
127 82 23 
238 234 372 
174 366 131 
161 351 267 
243 211 175 
426 105 390 
262 161 473 
37 294 159 
1 460 55 
146 451 207 
120 86 15 
59 39 429 
100 460 263 
122 339 293 
115 376 381 
383 452 325 
397 345 355 
287 241 81 
457 250 146 
278 428 39 
268 197 279 
314 256 409 
271 115 33 
252 436 276 
361 300 7 
451 69 285 
57 158 497 
148 210 281 
474 159 413 
187 363 248 
439 230 54 
215 444 365 
243 418 169 
344 67 76 
416 107 99 
207 375 206 
373 372 35 
1 72 167 
313 252 248 
163 58 284 
317 360 25 
406 461 201 
175 352 400 
245 175 306 
428 238 212 
210 359 45 
27 289 172 
316 405 310 
267 355 246 
428 409 139 
102 423 48 
88 256 480 
277 394 201 
384 255 67 
39 291 491 
164 124 334 
221 185 446 
475 331 91 
256 28 427 
95 379 248 
159 41 358 
93 364 198 
62 335 398 
306 386 63 
123 2 119 
343 45 131 
2 499 267 
389 474 252 
448 127 360 
445 137 103 
294 464 369 
353 397 263 
176 57 337 
307 205 483 
41 74 378 
267 201 25 
165 498 313 
242 11 41 
178 236 409 
436 116 63 
32 35 102 
108 288 148 
4 235 473 
130 259 297 
89 239 331 
325 326 131 
191 245 479 
94 443 177 
94 247 226 
0 290 216 
484 316 463 
407 410 453 
206 262 154 
146 291 223 
170 464 163 
374 408 267 
436 317 124 
352 251 223 
1 4 472 
36 26 416 
285 93 41 
458 117 371 
124 79 233 
247 140 108 
378 449 264 
185 230 330 
66 334 467 
249 187 29 
94 284 30 
221 325 157 
494 467 128 
472 59 342 
475 304 31 
357 493 142 
185 120 154 
461 355 259 
197 257 356 
197 41 243 
482 204 223 
498 6 271 
61 29 295 
225 394 316 
285 372 205 
304 2 287 
280 228 371 
300 418 490 
45 231 143 
183 464 235 
20 207 192 
166 470 297 
50 370 35 
152 115 351 
188 234 228 
300 434 285 
59 174 352 
152 382 467 
335 312 417 
200 257 58 
226 350 389 
362 217 99 
135 376 10 
305 368 462 
211 144 252 
185 139 446 
428 250 285 
41 204 428 
319 48 185 
367 122 154 
357 216 135 
108 423 338 
348 418 171 
268 485 2 
328 143 191 
380 296 215 
411 498 81 
255 200 372 
97 449 142 
345 40 303 
174 385 238 
229 487 350 
80 393 443 
175 333 349 
148 487 162 
91 47 256 
315 46 431 
52 378 449 
4 164 309 
406 270 460 
3 233 248 
279 17 199 
29 277 158 
498 81 262 
369 498 114 
309 388 427 
60 391 426 
442 128 27 
110 346 256 
412 198 485 
347 242 116 
96 195 89 
280 107 137 
139 90 249 
334 240 84 
84 76 393 
488 214 76 
462 272 193 
29 177 151 
244 486 413 
447 83 458 
243 341 347 
293 337 429 
272 48 473 
116 42 170 
465 233 431 
150 65 127 
431 164 448 
273 60 383 
356 63 458 
345 294 137 
275 175 391 
459 368 381 
302 159 316 
322 323 212 
29 57 431 
388 242 410 
414 289 248 
456 138 41 
250 217 150 
135 460 173 
7 83 250 
481 14 281 
414 275 113 
211 220 10 
468 165 343 
407 125 338 
490 351 371 
265 249 141 
155 213 41 
368 369 419 
230 370 109 
493 396 105 
448 293 254 
443 457 240 
268 57 238 
405 79 480 
432 269 55 
355 162 220 
52 221 411 
428 254 60 
218 155 208 
492 56 339 
477 410 441 
297 162 305 
331 306 103 
290 268 86 
180 404 418 
267 496 446 
294 118 410 
110 7 374 
161 228 77 
14 370 115 
62 434 316 
49 28 250 
140 425 298 
393 334 18 
217 208 304 
83 255 204 
58 465 415 
359 324 338 
314 443 281 
416 430 305 
293 112 261 
389 385 81 
227 395 318 
439 362 250 
4 456 211 
457 398 109 
269 350 325 
424 44 279 
393 399 416 
304 91 269 
245 200 452 
285 197 428 
418 187 120 
382 222 487 
72 388 263 
149 436 271 
263 246 191 
459 292 214 
339 189 245 
19 474 452 
298 223 186 
15 194 195 
81 472 53 
330 341 181 
459 213 51 
71 192 388 
137 31 65 
199 174 46 
444 163 378 
43 328 456 
0 424 291 
165 256 197 
414 474 241 
443 159 271 
388 157 302 
417 171 371 
286 422 98 
233 154 78 
268 180 60 
261 374 430 
206 460 92 
206 154 184 
461 296 389 
162 254 163 
407 161 118 
66 161 351 
337 433 247 
346 223 129 
305 416 49 
451 453 277 
163 117 460 
489 17 220 
39 43 176 
78 128 240 
159 4 210 
433 407 352 
45 387 261 
288 64 213 
108 339 82 
25 120 345 
159 305 173 
203 476 122 
12 109 477 
282 72 352 
416 178 81 
368 40 307 
259 302 227 
293 109 304 
284 451 117 
150 77 142 
265 305 94 
489 452 115 
52 166 95 
174 289 103 
198 33 431 
41 79 9 
256 314 202 
222 462 86 
92 94 300 
351 338 235 
466 437 168 
256 17 388 
156 382 403 
291 465 41 
374 39 222 
487 319 198 
277 206 135 
366 164 278 
202 172 355 
369 20 481 
247 90 37 
203 83 229 
313 115 317 
492 317 228 
235 220 417 
89 425 352 
67 191 408 
208 145 304 
453 162 339 
148 140 385 
328 406 11 
410 239 497 
175 444 281 
250 35 237 
106 153 24 
39 158 50 
1 185 95 
465 335 442 
365 44 309 
372 293 458 
431 186 467 
34 336 377 
402 269 214 
