1000
3
255 369 384 
55 55 437 
58 279 206 
268 232 290 
419 154 4 
392 340 299 
148 53 35 
306 429 61 
408 282 211 
220 52 162 
100 336 479 
371 356 312 
441 223 187 
174 43 267 
119 145 378 
296 102 461 
345 260 204 
383 187 177 
137 388 233 
244 9 471 
414 447 102 
208 313 364 
136 345 12 
231 68 267 
294 139 178 
268 424 462 
132 145 181 
330 68 291 
339 219 159 
133 454 327 
133 344 336 
406 57 122 
384 484 410 
177 393 485 
316 439 99 
444 144 9 
316 283 162 
73 96 162 
281 33 483 
70 266 153 
452 102 23 
301 299 474 
423 25 309 
465 90 370 
336 137 470 
133 499 5 
238 487 147 
243 344 456 
451 63 42 
21 206 177 
230 474 414 
219 74 477 
47 35 99 
325 159 265 
465 50 93 
340 92 430 
388 163 403 
449 497 226 
138 182 277 
431 400 359 
277 256 43 
148 449 319 
374 239 20 
110 232 43 
422 488 267 
106 280 453 
225 241 224 
334 292 69 
465 69 193 
180 190 264 
286 359 132 
12 340 154 
483 229 484 
96 253 29 
428 390 358 
24 371 215 
240 224 109 
399 243 497 
148 93 49 
418 315 474 
367 430 261 
212 387 259 
227 272 2 
59 492 336 
356 318 402 
82 128 431 
5 323 162 
25 368 127 
111 417 492 
254 371 375 
9 142 278 
331 400 68 
401 167 415 
119 330 490 
317 464 451 
40 150 376 
163 181 274 
303 342 136 
354 145 210 
458 351 68 
76 163 252 
214 234 85 
4 205 312 
342 320 118 
101 493 291 
14 327 259 
27 39 351 
315 98 486 
51 361 451 
10 435 483 
90 187 279 
286 330 498 
84 84 448 
285 374 242 
362 433 81 
42 432 371 
183 375 419 
48 317 41 
284 110 407 
65 291 197 
95 185 192 
367 70 140 
424 365 90 
329 449 490 
424 426 129 
429 257 242 
245 498 9 
52 129 310 
119 251 201 
326 24 278 
302 311 364 
219 382 356 
419 277 195 
215 79 256 
175 337 241 
339 449 109 
245 144 268 
249 223 394 
177 170 351 
128 468 346 
251 322 76 
479 281 399 
460 121 51 
386 73 485 
303 257 269 
230 235 471 
362 214 418 
317 101 11 
134 250 431 
199 77 137 
382 393 20 
72 289 337 
275 359 65 
444 314 141 
248 410 402 
303 19 89 
436 368 112 
407 135 261 
319 43 217 
115 123 453 
463 81 486 
233 422 52 
129 54 3 
23 157 440 
212 0 110 
406 29 391 
198 466 113 
160 280 473 
52 479 275 
63 174 425 
257 221 223 
306 173 412 
371 307 496 
125 294 136 
37 60 236 
362 101 262 
247 16 490 
437 25 481 
248 195 294 
344 237 141 
287 428 309 
438 189 169 
154 379 73 
187 470 323 
239 314 173 
209 471 451 
199 114 256 
191 386 241 
226 18 349 
97 88 412 
155 431 117 
168 319 96 
251 405 386 
166 241 458 
312 7 91 
441 252 356 
329 256 74 
65 117 364 
171 180 390 
300 491 424 
210 290 332 
479 52 233 
107 116 419 
360 420 149 
467 482 412 
201 412 400 
323 351 410 
347 284 147 
149 471 336 
164 434 65 
426 71 116 
52 206 130 
136 60 49 
414 460 307 
81 468 330 
469 39 70 
332 392 341 
283 422 430 
327 220 220 
483 65 139 
34 366 391 
166 363 251 
193 184 460 
279 422 229 
402 453 141 
319 27 150 
125 121 255 
492 47 56 
388 119 142 
213 118 313 
116 43 206 
108 292 342 
65 438 150 
157 426 436 
8 205 270 
19 23 278 
82 222 255 
51 411 37 
472 390 233 
192 368 266 
256 284 466 
497 253 258 
10 415 57 
266 177 117 
28 174 72 
174 27 441 
27 420 115 
163 399 259 
134 455 109 
160 153 324 
195 249 309 
221 442 178 
480 20 302 
51 24 70 
309 435 402 
33 186 489 
405 271 414 
87 214 171 
391 26 467 
386 117 344 
216 336 474 
341 394 420 
142 412 159 
306 74 441 
404 104 142 
189 398 106 
443 226 200 
0 8 406 
102 320 493 
43 91 377 
285 5 193 
298 429 171 
177 12 358 
375 466 464 
248 318 292 
29 197 141 
366 79 353 
268 489 153 
476 476 356 
140 175 366 
344 481 436 
258 473 423 
464 293 268 
123 471 157 
377 383 246 
272 276 309 
66 173 111 
214 189 115 
163 229 203 
390 324 470 
367 408 100 
73 387 445 
260 280 83 
259 298 230 
384 309 31 
89 334 111 
325 267 392 
31 225 465 
216 35 498 
213 116 412 
150 378 131 
16 346 74 
258 296 242 
492 297 363 
340 400 310 
175 445 356 
358 173 58 
364 452 197 
80 246 156 
125 487 377 
348 383 333 
457 101 390 
323 188 368 
368 159 451 
148 120 440 
179 133 466 
63 227 212 
97 111 440 
453 217 39 
220 203 213 
237 240 126 
133 63 433 
399 327 54 
154 193 61 
226 477 175 
75 272 31 
248 96 285 
142 494 56 
32 382 28 
432 292 404 
463 246 8 
495 243 442 
322 312 263 
150 43 261 
370 143 480 
378 130 418 
435 254 131 
71 446 373 
134 336 142 
79 316 42 
457 40 450 
132 260 326 
474 228 67 
477 59 492 
310 109 295 
382 253 127 
309 485 114 
350 143 296 
127 133 267 
377 256 330 
278 415 202 
21 450 196 
170 340 20 
50 197 176 
98 388 148 
209 67 14 
477 470 217 
199 168 391 
356 472 449 
304 368 273 
170 305 393 
126 489 48 
201 233 29 
362 28 240 
226 413 479 
371 364 375 
290 283 435 
105 200 156 
93 319 117 
65 9 184 
463 75 269 
46 54 297 
468 388 33 
107 409 260 
155 385 92 
276 216 44 
42 124 478 
408 121 155 
419 197 437 
392 435 328 
262 380 63 
84 96 469 
381 455 125 
5 324 79 
155 153 80 
215 492 173 
408 43 86 
367 28 479 
353 340 230 
29 381 26 
209 477 174 
312 444 498 
143 487 193 
307 14 399 
325 60 285 
214 152 464 
2 209 259 
389 449 22 
483 270 448 
64 365 284 
216 487 412 
175 122 484 
450 401 250 
192 442 171 
279 75 35 
491 81 123 
487 145 433 
299 497 257 
30 121 16 
435 445 340 
416 219 158 
497 43 332 
186 152 280 
204 370 428 
5 325 86 
107 368 403 
191 431 196 
2 470 447 
21 255 149 
114 22 340 
146 426 468 
105 484 80 
15 143 322 
265 124 39 
314 478 342 
118 381 81 
443 68 305 
343 220 184 
38 261 477 
416 119 235 
302 386 205 
68 383 267 
313 5 459 
207 122 241 
457 279 438 
30 312 54 
205 495 232 
259 101 270 
250 24 18 
405 384 100 
163 436 319 
161 371 129 
94 252 217 
252 392 134 
209 138 279 
343 70 426 
248 17 442 
487 391 56 
27 382 182 
309 377 367 
102 94 345 
30 155 461 
299 141 138 
57 420 161 
409 270 40 
243 446 3 
431 160 53 
183 80 408 
271 117 221 
333 237 198 
334 460 59 
498 254 93 
74 38 11 
344 449 169 
435 119 19 
424 319 56 
66 88 148 
433 95 384 
282 275 382 
97 453 7 
291 427 236 
318 347 44 
24 85 189 
232 53 231 
260 240 269 
303 154 156 
113 201 139 
89 98 248 
16 84 397 
390 139 421 
390 313 375 
323 284 99 
102 349 141 
321 103 163 
178 304 32 
355 330 309 
353 467 52 
483 133 3 
303 318 457 
327 313 411 
250 163 72 
247 354 96 
42 322 28 
101 465 14 
485 418 226 
121 263 185 
218 464 240 
54 422 56 
284 37 365 
315 401 388 
306 48 483 
130 424 437 
7 140 81 
59 282 87 
34 388 355 
99 1 156 
435 94 434 
405 412 216 
184 98 332 
496 188 202 
45 401 439 
383 346 43 
429 474 235 
65 282 179 
330 159 306 
322 300 356 
226 399 158 
223 197 275 
229 16 146 
256 150 87 
234 161 132 
124 234 423 
75 137 87 
171 429 141 
174 208 469 
461 312 93 
373 438 382 
474 330 336 
367 339 110 
58 107 486 
80 146 345 
161 348 62 
221 461 294 
241 422 195 
114 417 95 
184 39 338 
309 308 245 
82 121 487 
381 423 441 
13 235 161 
352 356 487 
398 320 377 
357 355 193 
211 484 446 
199 299 50 
405 29 5 
276 374 235 
253 396 258 
175 115 293 
242 386 365 
454 251 425 
366 423 18 
267 19 196 
164 97 46 
359 288 113 
407 364 337 
22 277 13 
260 72 149 
28 67 268 
151 93 309 
406 386 36 
406 50 13 
21 438 423 
47 64 199 
71 215 432 
24 453 259 
128 89 204 
451 124 428 
303 299 242 
393 207 230 
264 103 101 
473 256 496 
371 219 339 
215 67 347 
394 228 173 
357 111 25 
289 62 187 
229 20 216 
326 323 389 
37 309 388 
349 7 220 
308 444 141 
139 455 207 
238 178 377 
43 289 18 
137 168 452 
240 104 379 
89 317 28 
302 334 108 
252 381 312 
78 332 94 
33 48 1 
410 339 12 
240 20 377 
31 426 95 
61 407 161 
376 212 328 
180 150 95 
377 452 41 
63 268 47 
195 267 412 
228 330 269 
140 409 428 
143 360 203 
332 32 312 
497 272 181 
457 68 108 
17 65 5 
195 333 223 
107 15 445 
187 469 195 
387 37 258 
332 132 244 
401 480 68 
434 124 31 
232 235 303 
145 358 458 
365 306 480 
36 232 52 
423 276 175 
214 222 166 
493 358 112 
265 76 21 
419 43 468 
212 395 220 
295 111 19 
254 26 42 
75 43 178 
404 219 162 
260 147 224 
480 242 315 
61 379 288 
27 494 405 
120 377 40 
275 346 59 
164 450 167 
394 243 455 
126 152 190 
190 17 367 
44 385 410 
164 385 454 
377 454 458 
352 73 82 
492 324 108 
156 117 443 
392 30 90 
397 202 113 
290 360 117 
434 408 287 
427 486 270 
450 317 277 
462 131 312 
410 222 416 
113 440 311 
415 349 378 
413 499 73 
139 99 173 
131 44 286 
91 470 460 
357 1 452 
107 277 14 
377 180 474 
250 435 320 
307 370 91 
187 410 394 
95 38 276 
215 34 72 
68 397 69 
67 14 390 
294 154 480 
377 400 4 
149 399 395 
348 258 172 
26 316 295 
224 491 89 
262 20 198 
21 295 407 
126 384 256 
109 138 377 
227 147 379 
461 178 22 
431 210 127 
395 74 66 
10 68 41 
194 217 356 
82 282 99 
337 374 31 
380 19 494 
376 281 382 
4 272 123 
81 73 320 
443 377 53 
473 65 228 
495 432 257 
263 232 194 
228 300 311 
428 88 446 
99 296 181 
299 144 323 
379 160 452 
490 236 387 
118 423 150 
74 90 68 
469 140 5 
36 24 156 
371 271 135 
183 474 421 
446 147 281 
183 124 335 
427 61 280 
18 98 407 
280 495 29 
259 200 79 
354 249 438 
302 244 109 
51 352 401 
483 439 13 
276 449 145 
447 63 458 
87 331 416 
246 490 265 
426 125 153 
164 371 307 
144 27 84 
394 20 405 
309 328 225 
167 124 303 
473 457 13 
402 0 55 
239 355 81 
300 137 299 
209 220 156 
326 246 70 
186 319 331 
380 446 152 
295 211 380 
80 15 100 
266 266 442 
465 463 450 
152 438 163 
114 235 344 
82 135 6 
315 8 240 
19 8 262 
379 389 82 
310 319 11 
23 339 153 
261 111 164 
475 281 140 
388 96 73 
17 317 405 
347 156 358 
434 413 284 
278 276 429 
252 262 440 
262 102 466 
22 433 104 
64 243 262 
437 478 493 
157 458 140 
16 170 311 
423 426 403 
344 305 381 
138 425 13 
69 166 173 
286 245 141 
104 428 386 
75 192 147 
143 43 302 
348 317 417 
423 434 475 
328 241 454 
499 289 85 
460 311 252 
202 411 130 
312 407 487 
398 303 403 
29 111 23 
482 47 136 
96 465 70 
107 274 231 
34 256 227 
362 158 366 
475 13 414 
72 384 420 
254 166 425 
250 396 432 
395 72 109 
217 448 178 
328 186 448 
371 172 207 
253 466 337 
455 302 163 
175 263 372 
273 115 32 
442 22 19 
170 35 334 
269 146 110 
66 428 112 
6 52 303 
426 84 279 
142 36 23 
156 330 452 
154 464 101 
128 324 454 
248 412 397 
289 339 402 
341 295 367 
60 476 297 
330 379 233 
324 243 286 
112 497 388 
307 82 9 
454 264 371 
392 456 327 
172 106 129 
411 194 340 
108 405 408 
405 341 82 
440 435 239 
132 430 202 
424 432 99 
303 201 112 
276 101 372 
130 208 279 
212 33 346 
78 364 69 
12 92 123 
69 350 364 
60 197 387 
497 498 284 
375 481 91 
484 454 402 
419 95 84 
24 52 406 
242 302 408 
6 136 79 
328 198 121 
225 156 124 
197 148 299 
164 337 386 
45 342 54 
179 272 96 
64 237 212 
384 34 298 
19 177 172 
261 478 354 
297 127 206 
67 379 138 
391 115 131 
313 351 443 
410 183 70 
125 394 499 
345 482 150 
489 450 70 
467 411 96 
94 452 215 
64 404 313 
312 312 211 
162 144 228 
86 374 412 
371 258 417 
323 223 280 
423 446 409 
26 60 361 
371 394 401 
327 232 493 
451 372 404 
37 60 193 
301 422 15 
218 426 420 
1 363 475 
222 330 208 
2 148 293 
122 205 98 
130 71 332 
12 350 271 
166 294 476 
165 496 277 
490 121 430 
385 462 360 
27 255 436 
31 336 78 
471 142 432 
169 53 324 
263 84 451 
11 329 488 
212 217 214 
382 201 134 
133 324 123 
98 350 43 
378 255 461 
97 88 220 
229 42 274 
386 337 475 
213 60 262 
267 480 186 
330 165 137 
70 269 44 
311 202 71 
218 304 78 
146 188 213 
39 330 406 
211 263 266 
247 131 347 
485 397 455 
474 91 115 
220 207 35 
209 464 250 
451 172 301 
262 114 478 
300 451 281 
152 280 71 
388 200 159 
322 44 204 
52 162 244 
436 366 254 
21 57 452 
355 204 466 
374 354 30 
411 1 389 
194 137 203 
148 43 128 
318 260 476 
298 115 218 
475 429 299 
23 310 460 
22 425 221 
60 368 10 
96 20 173 
40 340 248 
52 480 195 
487 137 109 
237 163 129 
1 326 355 
11 428 217 
439 464 261 
371 273 215 
233 90 56 
307 111 445 
105 439 474 
233 131 245 
166 88 276 
470 13 314 
158 358 355 
310 188 79 
30 169 108 
37 348 234 
79 317 71 
228 353 218 
415 389 495 
90 158 356 
472 174 392 
19 471 222 
290 347 71 
432 42 252 
84 231 334 
492 146 180 
470 57 1 
180 195 80 
116 345 185 
74 232 432 
473 481 156 
104 85 122 
213 126 355 
291 300 20 
192 404 445 
336 222 188 
189 361 284 
442 444 81 
478 265 164 
48 237 338 
357 72 440 
1 306 494 
322 335 150 
401 424 34 
152 10 292 
354 169 208 
404 281 451 
265 468 163 
136 51 290 
272 453 314 
69 346 393 
194 201 123 
410 281 403 
452 498 218 
297 109 232 
1 392 230 
133 113 30 
429 358 424 
206 174 125 
106 201 356 
116 419 334 
162 31 231 
34 495 220 
345 307 30 
485 419 86 
315 238 322 
368 75 393 
366 402 367 
