1000
3
320 420 238 
31 224 470 
79 476 87 
307 447 2 
17 328 409 
217 19 474 
460 88 341 
60 141 82 
264 376 317 
458 423 307 
2 449 372 
64 295 248 
309 361 198 
319 234 265 
325 148 426 
312 117 29 
473 355 463 
254 209 327 
294 71 109 
66 286 402 
380 247 155 
1 66 472 
369 31 353 
141 416 422 
135 259 461 
264 412 203 
360 482 256 
214 70 136 
130 62 242 
278 488 23 
127 40 86 
75 417 40 
375 163 37 
5 488 264 
324 461 300 
483 481 284 
477 317 434 
233 124 279 
276 73 19 
494 219 227 
121 302 449 
59 247 89 
265 432 151 
467 227 444 
493 389 251 
494 269 335 
135 119 374 
280 352 46 
360 218 379 
247 250 206 
340 331 350 
437 272 375 
422 20 361 
351 33 94 
291 326 430 
129 400 455 
389 213 495 
422 399 285 
29 248 73 
423 461 346 
422 66 86 
414 398 34 
456 125 366 
253 55 5 
201 117 348 
445 470 47 
107 320 1 
107 299 363 
436 234 305 
460 6 181 
215 160 211 
207 215 28 
303 83 249 
327 109 39 
399 263 36 
357 168 15 
309 440 484 
119 4 395 
485 244 2 
70 253 290 
244 170 116 
310 61 144 
225 460 314 
282 54 51 
362 150 32 
437 194 332 
149 35 95 
499 348 418 
355 139 3 
287 295 230 
464 393 374 
296 6 437 
44 210 112 
111 242 228 
468 176 21 
15 293 11 
350 239 456 
10 436 164 
401 461 17 
436 270 338 
48 485 126 
262 65 457 
43 16 472 
456 190 152 
227 217 479 
174 410 30 
165 248 416 
158 456 34 
108 452 430 
133 159 366 
1 376 234 
320 487 264 
80 31 216 
423 473 151 
97 240 266 
253 286 305 
464 93 209 
281 222 448 
403 244 67 
138 188 70 
305 41 159 
61 307 145 
88 321 320 
367 77 30 
115 465 400 
383 147 436 
307 33 197 
342 311 22 
253 307 419 
45 85 103 
249 488 174 
149 203 154 
424 127 160 
387 41 338 
362 325 50 
461 315 304 
1 294 72 
190 212 29 
470 18 275 
454 285 104 
358 326 304 
178 442 169 
270 221 342 
471 163 202 
210 290 210 
28 354 484 
315 444 357 
198 314 289 
1 469 222 
22 64 220 
121 369 442 
267 365 53 
410 215 356 
204 27 240 
213 71 487 
460 214 84 
443 349 319 
291 122 374 
409 5 180 
138 288 409 
404 235 70 
316 437 175 
73 469 370 
189 385 230 
421 471 91 
350 229 391 
158 36 165 
13 223 476 
401 488 356 
70 25 113 
379 164 349 
449 294 493 
75 333 195 
449 381 241 
444 343 202 
218 120 3 
396 21 142 
392 396 122 
144 445 57 
42 249 244 
76 29 347 
251 274 355 
51 21 240 
498 255 318 
115 217 110 
463 448 268 
464 33 351 
397 397 224 
292 175 364 
403 295 78 
442 471 5 
239 437 218 
305 9 278 
330 97 13 
389 11 93 
322 459 18 
201 254 424 
373 383 491 
341 236 398 
257 317 349 
395 157 123 
247 52 170 
115 372 454 
39 91 46 
56 114 14 
130 171 129 
443 125 491 
303 239 146 
171 330 112 
440 372 419 
7 57 76 
95 158 357 
318 142 31 
302 50 497 
353 180 186 
266 57 316 
328 28 473 
158 1 448 
413 113 308 
315 351 189 
259 490 372 
55 294 56 
142 207 381 
240 141 263 
392 215 81 
448 331 296 
222 196 301 
244 407 191 
186 444 491 
246 229 79 
257 425 79 
353 98 325 
482 376 50 
203 314 231 
199 208 325 
301 263 402 
60 489 430 
264 457 44 
87 431 308 
311 239 117 
495 8 260 
126 313 208 
8 309 424 
127 467 12 
485 44 187 
33 69 471 
311 55 7 
144 139 61 
93 402 198 
302 146 250 
103 177 277 
315 482 367 
467 100 55 
63 203 117 
425 166 51 
402 4 374 
487 244 189 
445 442 150 
295 278 248 
205 471 288 
484 256 303 
402 308 140 
44 44 167 
220 190 329 
159 185 379 
318 34 461 
375 214 447 
14 4 146 
387 1 358 
408 91 472 
296 473 482 
170 53 334 
219 271 310 
497 139 369 
497 365 361 
29 18 102 
299 50 42 
281 175 31 
241 341 467 
4 47 123 
46 365 143 
290 463 275 
343 495 251 
216 3 103 
21 322 188 
323 381 375 
43 384 203 
204 323 333 
100 360 104 
266 91 452 
341 399 320 
158 285 166 
241 183 216 
470 55 39 
441 64 263 
483 268 292 
290 281 459 
310 452 328 
338 352 40 
9 353 21 
425 464 231 
19 269 49 
386 268 355 
11 113 470 
164 343 18 
470 451 241 
151 152 405 
333 241 266 
387 389 265 
251 243 323 
491 318 419 
173 158 324 
238 128 86 
22 257 154 
180 76 202 
226 167 308 
219 71 180 
179 305 328 
16 323 209 
423 318 373 
388 496 152 
378 76 81 
332 189 362 
300 496 144 
447 449 383 
64 204 374 
215 134 401 
382 64 496 
455 298 63 
422 144 355 
180 111 276 
465 146 168 
163 139 288 
435 202 497 
5 116 461 
467 230 217 
54 81 384 
256 195 477 
469 128 190 
419 291 493 
158 196 240 
121 318 453 
286 199 382 
148 146 450 
6 207 29 
391 367 273 
443 192 9 
457 200 275 
291 184 398 
455 11 159 
16 277 133 
231 120 94 
199 62 187 
205 204 267 
31 313 281 
134 240 158 
149 349 276 
477 337 267 
184 377 400 
68 215 100 
149 66 185 
231 27 227 
394 299 359 
199 251 73 
44 393 34 
433 56 281 
369 0 415 
82 40 383 
9 499 192 
104 390 156 
453 448 421 
443 240 162 
123 168 170 
100 181 199 
12 72 144 
389 343 462 
150 466 305 
69 177 277 
427 487 46 
17 7 403 
388 437 214 
478 23 464 
471 478 256 
35 98 208 
173 460 411 
332 315 219 
267 499 228 
400 208 57 
160 168 386 
121 115 193 
135 414 132 
298 368 379 
110 76 483 
403 312 435 
204 324 36 
292 156 103 
29 12 160 
373 325 258 
66 216 198 
179 40 440 
453 231 446 
397 193 159 
335 479 210 
438 279 286 
166 101 131 
192 17 144 
242 483 149 
171 12 432 
398 61 31 
30 388 409 
389 101 351 
7 161 480 
431 161 254 
214 272 7 
213 25 365 
272 267 7 
29 100 310 
374 61 288 
375 187 290 
2 230 104 
86 366 202 
328 246 156 
367 108 290 
191 453 303 
8 295 355 
442 499 353 
197 278 32 
133 325 91 
496 144 7 
435 482 211 
120 385 325 
363 482 308 
373 32 170 
251 170 62 
112 167 261 
39 250 79 
207 159 8 
0 85 449 
364 419 442 
431 370 376 
257 257 461 
196 3 211 
277 354 153 
461 452 175 
143 397 447 
309 115 485 
310 174 325 
122 40 323 
113 276 170 
216 179 232 
11 449 300 
208 277 480 
461 250 119 
37 217 5 
378 19 429 
445 407 14 
195 330 203 
370 25 403 
434 284 299 
152 333 55 
263 411 175 
135 6 424 
348 78 180 
141 453 183 
498 238 344 
231 88 212 
147 198 93 
33 52 472 
347 253 80 
454 232 52 
483 229 306 
256 453 414 
428 233 389 
271 98 320 
490 93 312 
125 258 23 
212 325 408 
496 432 396 
442 146 150 
380 265 359 
31 8 430 
25 464 404 
433 189 434 
166 393 488 
324 217 314 
378 262 306 
307 304 73 
109 408 361 
285 234 273 
350 36 325 
150 448 485 
439 163 79 
237 443 263 
169 499 489 
28 275 351 
498 41 304 
232 197 20 
116 291 91 
17 153 147 
38 345 462 
128 40 421 
233 149 450 
429 143 461 
464 119 413 
11 341 49 
474 177 79 
360 180 51 
282 53 389 
50 28 382 
332 119 90 
498 292 418 
403 212 405 
384 454 389 
429 1 127 
254 395 115 
265 402 0 
368 87 106 
134 39 33 
382 282 370 
158 168 109 
424 328 147 
495 326 428 
402 341 481 
165 452 18 
75 192 339 
112 159 206 
293 105 35 
106 459 121 
339 465 167 
67 447 220 
274 68 447 
198 449 252 
173 175 368 
484 433 204 
211 248 196 
100 315 427 
182 481 15 
381 253 381 
456 262 171 
416 315 476 
493 151 456 
231 276 398 
472 173 329 
115 192 63 
199 179 5 
121 184 279 
329 410 325 
32 332 277 
240 395 44 
420 221 176 
367 66 237 
450 430 176 
114 257 311 
59 151 116 
101 74 4 
486 341 272 
144 92 165 
134 199 460 
203 243 70 
301 363 484 
202 127 247 
471 329 382 
265 91 497 
103 48 127 
167 447 167 
469 392 37 
498 329 278 
459 315 258 
145 221 98 
213 421 186 
478 278 13 
79 462 441 
470 422 424 
310 378 220 
385 456 397 
327 403 443 
14 128 121 
472 147 193 
79 148 210 
7 119 58 
388 282 367 
173 203 81 
82 315 421 
58 135 395 
309 396 263 
390 1 445 
232 96 362 
70 106 282 
432 373 346 
61 143 1 
187 358 67 
70 484 150 
187 230 269 
20 340 395 
466 182 253 
350 22 473 
44 408 402 
26 493 353 
204 141 375 
459 379 416 
275 261 33 
377 197 321 
13 389 26 
384 76 315 
481 88 42 
317 294 460 
261 169 212 
124 141 435 
195 304 405 
283 441 92 
327 395 307 
322 379 32 
436 336 340 
310 51 131 
407 57 278 
494 370 238 
361 472 494 
287 358 62 
310 312 443 
246 139 183 
151 367 160 
19 94 135 
407 121 451 
210 495 164 
200 85 181 
63 20 56 
110 461 366 
0 175 425 
107 233 464 
84 414 492 
415 41 71 
265 280 103 
225 269 346 
406 54 111 
329 203 453 
461 284 346 
44 498 435 
127 44 114 
13 481 113 
318 283 156 
263 254 369 
225 455 89 
70 136 304 
105 312 334 
45 292 223 
253 383 323 
246 393 229 
257 216 172 
324 164 136 
322 450 48 
192 240 426 
260 408 447 
361 468 303 
10 282 89 
496 485 0 
328 499 80 
342 38 68 
260 354 272 
177 416 485 
192 127 20 
252 343 230 
139 41 163 
201 292 391 
68 310 337 
479 470 324 
147 475 172 
139 337 329 
492 237 483 
109 56 410 
406 348 395 
387 423 381 
116 413 146 
417 0 480 
438 348 412 
243 284 116 
72 62 312 
282 135 259 
227 236 395 
311 430 328 
436 356 435 
104 161 360 
244 491 342 
401 297 457 
234 429 183 
363 418 286 
127 293 119 
179 213 109 
461 53 187 
272 264 120 
85 349 280 
258 35 382 
442 178 321 
176 490 451 
459 355 204 
332 302 102 
30 144 64 
53 159 471 
220 248 295 
47 329 169 
200 373 13 
167 469 268 
53 453 285 
229 52 14 
399 82 265 
247 102 120 
267 72 132 
144 273 8 
56 285 435 
463 144 44 
360 366 385 
142 12 321 
366 287 338 
154 32 436 
64 343 406 
418 411 410 
75 14 455 
276 357 342 
410 123 449 
54 101 430 
425 404 269 
332 464 482 
252 309 152 
450 465 433 
114 168 485 
433 493 300 
484 283 233 
470 296 160 
460 278 205 
462 156 294 
486 297 261 
264 280 246 
65 295 36 
182 430 445 
371 385 390 
301 199 446 
171 122 497 
199 186 332 
36 207 498 
85 108 376 
127 189 54 
188 457 79 
16 136 439 
335 160 84 
48 144 380 
66 70 467 
490 477 429 
191 110 306 
199 68 373 
129 330 6 
423 214 260 
255 10 364 
40 465 402 
84 456 131 
145 307 67 
284 340 369 
368 309 231 
194 429 148 
430 471 172 
25 157 246 
221 158 380 
335 149 143 
168 175 310 
11 157 448 
447 331 257 
451 270 388 
42 190 457 
17 308 364 
119 183 450 
86 469 216 
131 474 302 
51 437 428 
251 358 110 
30 163 384 
235 36 463 
490 266 196 
474 184 251 
180 61 361 
339 473 226 
142 298 316 
102 233 415 
189 301 267 
426 317 342 
132 195 154 
181 116 350 
353 2 497 
279 417 138 
97 386 199 
172 126 27 
320 38 240 
349 133 499 
376 338 367 
375 185 429 
32 178 101 
231 353 377 
331 362 470 
206 288 312 
140 367 157 
148 72 322 
227 160 469 
444 314 80 
148 164 60 
370 376 55 
254 408 268 
215 492 154 
436 481 446 
436 128 116 
143 445 312 
119 122 241 
471 31 390 
494 180 131 
74 446 178 
497 310 45 
64 358 40 
135 479 9 
467 376 80 
316 16 104 
330 136 478 
466 418 461 
212 444 195 
107 345 182 
429 288 451 
245 270 393 
66 382 147 
191 245 359 
261 492 116 
334 491 359 
205 370 93 
250 420 139 
24 259 221 
455 229 66 
89 438 24 
497 101 146 
205 98 112 
261 373 498 
425 168 135 
427 468 54 
343 105 105 
457 5 290 
66 257 315 
181 127 87 
136 459 441 
348 345 453 
389 384 290 
242 44 322 
414 276 394 
410 65 188 
446 34 238 
315 121 450 
85 84 392 
95 151 199 
286 419 289 
324 123 463 
404 418 386 
89 262 195 
209 89 422 
288 162 384 
406 5 392 
25 486 104 
464 224 402 
80 86 20 
56 370 328 
253 400 183 
209 335 101 
340 4 486 
312 187 56 
271 53 211 
4 499 254 
63 184 19 
481 80 46 
477 43 406 
276 63 310 
85 283 485 
307 377 288 
344 412 419 
180 499 221 
343 177 466 
63 364 437 
31 207 287 
75 33 285 
124 152 394 
492 461 345 
93 449 157 
2 97 333 
94 312 219 
181 84 412 
99 321 7 
20 460 189 
223 499 291 
350 191 69 
49 48 135 
301 166 362 
447 330 415 
370 57 165 
351 144 467 
241 238 380 
71 430 330 
358 63 220 
124 317 281 
344 328 465 
228 121 357 
100 114 133 
39 325 162 
423 358 191 
250 93 327 
280 334 122 
483 437 2 
82 370 103 
239 271 54 
112 369 172 
161 420 26 
297 303 28 
244 449 422 
308 300 480 
232 281 327 
281 295 490 
423 189 265 
216 76 146 
149 142 423 
47 262 487 
296 469 403 
366 401 55 
481 420 345 
451 366 484 
415 100 3 
189 384 189 
373 426 180 
460 68 178 
2 60 444 
459 462 80 
157 4 93 
269 26 336 
40 184 90 
343 498 317 
372 280 280 
324 98 29 
54 161 353 
3 84 439 
244 337 298 
283 98 284 
366 340 77 
96 113 223 
346 174 369 
455 26 39 
70 59 444 
221 267 176 
5 282 128 
98 425 177 
247 152 89 
54 444 412 
472 98 337 
493 268 64 
459 179 470 
442 83 462 
150 463 85 
247 430 107 
464 436 196 
45 339 259 
31 13 56 
269 435 270 
70 137 342 
259 417 201 
405 422 395 
374 258 3 
365 139 480 
79 328 315 
429 205 435 
464 152 152 
118 208 395 
335 413 247 
379 327 431 
212 39 111 
216 17 116 
56 294 139 
340 155 129 
63 74 299 
399 138 297 
43 283 47 
487 185 181 
354 183 78 
288 386 268 
374 152 149 
325 277 35 
496 241 400 
227 470 342 
470 81 82 
215 135 41 
253 260 66 
438 98 351 
362 185 184 
173 3 194 
102 214 280 
51 422 89 
362 94 81 
48 228 78 
388 497 489 
466 387 399 
146 90 318 
96 481 331 
21 479 413 
297 22 17 
