1000
3
376 497 481 
31 467 77 
256 41 103 
349 3 407 
453 95 295 
201 22 471 
316 194 49 
89 4 465 
61 471 64 
113 240 20 
207 329 356 
252 452 266 
181 193 252 
180 308 471 
241 91 71 
346 146 191 
412 228 352 
463 452 362 
250 415 330 
247 5 413 
21 221 358 
374 33 100 
430 71 441 
469 465 294 
181 428 222 
140 108 176 
303 240 476 
65 8 14 
107 100 74 
99 429 5 
159 456 32 
310 21 370 
85 19 274 
360 100 178 
282 424 376 
207 319 225 
156 254 341 
371 382 254 
352 437 171 
122 361 436 
436 163 175 
228 188 493 
96 484 226 
3 411 451 
221 142 16 
302 463 414 
162 262 144 
479 85 206 
258 402 61 
142 395 105 
59 498 101 
427 139 354 
481 189 406 
209 138 281 
455 310 309 
464 494 415 
48 407 357 
159 356 487 
59 109 276 
407 401 331 
83 167 415 
395 306 390 
441 267 276 
246 352 348 
450 17 242 
351 475 332 
277 387 225 
410 303 220 
467 62 358 
409 364 455 
94 394 232 
10 46 268 
193 123 468 
261 400 45 
246 285 430 
366 66 388 
444 94 189 
427 343 465 
108 344 345 
317 435 237 
73 111 147 
485 289 441 
212 188 3 
77 232 390 
489 208 64 
262 490 285 
440 307 31 
435 45 166 
166 494 224 
441 366 111 
154 366 1 
134 496 42 
431 45 332 
244 384 99 
225 496 56 
358 457 20 
414 190 117 
58 16 102 
106 402 283 
126 467 430 
51 260 426 
216 66 494 
9 228 273 
480 63 447 
492 130 456 
201 232 448 
457 226 358 
109 76 36 
308 440 40 
224 175 221 
94 108 216 
373 488 134 
49 317 387 
14 99 444 
260 342 443 
146 383 247 
498 136 54 
82 74 298 
97 496 126 
267 294 166 
485 299 187 
101 240 473 
276 425 338 
368 444 142 
302 149 357 
344 237 10 
204 264 29 
357 106 0 
238 440 296 
132 34 473 
130 180 468 
436 196 186 
443 160 293 
92 174 335 
14 267 321 
405 272 263 
181 0 438 
110 381 375 
225 397 317 
257 485 487 
457 453 113 
425 128 263 
204 399 302 
298 468 16 
215 178 360 
340 425 46 
293 11 345 
326 165 451 
315 418 17 
388 397 419 
349 164 171 
208 38 42 
120 157 391 
8 252 352 
465 160 197 
436 42 67 
193 39 177 
309 8 373 
489 230 266 
263 408 190 
372 354 498 
489 186 432 
131 194 330 
218 357 429 
277 137 111 
64 414 210 
296 55 45 
180 32 261 
345 448 150 
279 183 17 
158 379 67 
304 290 253 
429 380 244 
246 384 213 
283 94 366 
277 415 258 
393 44 122 
284 418 150 
422 474 1 
157 69 217 
417 205 144 
282 426 431 
132 212 281 
157 247 429 
379 372 155 
24 118 225 
269 303 178 
74 221 30 
96 88 198 
420 449 434 
184 394 257 
29 486 435 
217 336 32 
134 132 480 
129 36 99 
45 243 405 
334 187 0 
438 32 191 
211 345 225 
274 292 24 
347 316 341 
5 182 15 
192 95 460 
159 342 483 
345 350 25 
434 389 53 
374 210 273 
270 465 209 
189 176 126 
345 491 89 
406 342 116 
167 95 126 
352 11 89 
130 15 140 
170 7 321 
195 437 292 
427 272 256 
228 152 463 
191 280 203 
66 205 406 
434 76 154 
173 380 267 
142 53 468 
67 90 375 
414 382 5 
110 95 309 
234 405 305 
381 125 93 
294 112 100 
388 79 26 
204 76 221 
231 93 62 
122 195 390 
405 29 353 
483 55 277 
258 62 388 
268 210 300 
10 397 469 
265 218 75 
319 182 144 
333 303 247 
283 252 302 
74 136 48 
0 376 60 
39 308 203 
221 287 276 
364 485 471 
169 2 219 
190 148 5 
368 188 35 
17 457 233 
147 119 351 
180 110 14 
224 265 366 
470 29 279 
408 135 18 
198 180 177 
225 368 238 
469 67 156 
62 399 205 
476 429 82 
95 331 212 
78 92 464 
322 49 217 
80 177 266 
112 20 174 
58 241 392 
274 132 8 
344 30 385 
2 346 371 
429 267 239 
47 153 309 
207 443 210 
130 436 306 
454 268 455 
173 123 461 
255 469 345 
299 35 13 
450 426 278 
3 277 133 
446 422 142 
256 442 360 
150 420 81 
203 18 61 
49 346 343 
360 324 241 
77 212 219 
45 472 151 
17 138 205 
15 251 48 
50 304 478 
197 50 286 
353 424 132 
495 413 291 
238 437 187 
119 141 86 
285 118 172 
177 225 454 
131 206 103 
165 7 300 
334 178 487 
450 471 438 
178 12 438 
316 68 286 
370 82 398 
199 104 440 
387 93 388 
224 97 253 
104 481 305 
252 409 214 
439 287 128 
179 113 320 
201 21 472 
177 288 55 
329 78 10 
485 3 21 
46 478 243 
330 58 90 
94 386 236 
33 187 415 
191 456 137 
257 11 250 
24 325 412 
288 442 167 
340 253 88 
235 451 96 
259 316 377 
123 1 313 
7 390 477 
373 154 38 
260 406 117 
437 133 446 
162 207 408 
406 412 129 
138 241 236 
214 349 252 
118 195 80 
297 36 201 
403 393 31 
350 81 46 
285 373 393 
147 235 327 
459 79 466 
338 112 434 
109 337 438 
390 328 499 
139 10 440 
161 69 134 
271 55 471 
402 306 271 
246 49 162 
201 374 194 
92 294 243 
238 113 460 
85 74 235 
40 133 436 
474 143 264 
48 239 47 
5 0 195 
142 449 37 
359 77 444 
211 416 142 
11 124 146 
160 454 293 
431 128 66 
385 198 382 
319 482 281 
138 197 23 
460 33 187 
332 3 408 
179 82 192 
23 415 390 
203 261 83 
69 411 15 
338 158 287 
255 356 124 
361 362 485 
464 466 33 
413 391 175 
55 484 344 
132 364 274 
260 424 387 
355 479 8 
84 154 392 
17 281 309 
115 465 119 
19 250 434 
273 469 205 
51 363 218 
418 16 153 
205 162 77 
431 65 223 
294 103 281 
139 22 425 
386 70 146 
20 78 406 
322 398 35 
76 267 316 
493 235 452 
484 117 335 
94 266 359 
196 482 254 
162 393 395 
352 408 164 
54 344 409 
338 179 248 
330 153 437 
328 479 10 
485 140 372 
33 443 272 
481 156 459 
103 497 344 
320 494 346 
207 32 333 
96 203 271 
23 444 65 
20 59 51 
490 194 495 
39 367 489 
372 358 391 
355 20 355 
481 426 124 
239 172 170 
346 437 436 
239 488 401 
161 269 420 
90 186 29 
123 254 171 
450 361 377 
351 489 278 
111 41 401 
107 51 343 
38 21 229 
94 389 279 
330 209 377 
111 43 280 
421 434 64 
198 346 457 
484 150 184 
441 263 11 
162 343 183 
447 363 17 
100 2 128 
389 439 121 
44 288 318 
245 158 359 
262 438 46 
206 182 344 
59 289 344 
321 389 351 
214 383 276 
307 155 89 
461 279 387 
313 337 229 
33 492 71 
257 17 401 
490 408 347 
1 329 26 
271 489 208 
75 146 343 
348 292 253 
478 362 198 
429 319 458 
248 376 377 
231 433 192 
353 163 394 
246 428 12 
38 69 195 
93 432 16 
128 208 154 
374 175 486 
299 21 424 
142 183 255 
41 22 168 
186 165 499 
177 142 299 
467 383 498 
248 322 336 
403 347 470 
207 321 162 
333 19 380 
339 366 84 
458 267 83 
324 240 372 
462 223 62 
337 425 77 
5 9 112 
297 116 265 
295 271 139 
472 449 124 
33 231 425 
334 193 190 
76 87 239 
488 196 327 
184 66 273 
478 224 371 
253 248 288 
477 117 371 
417 84 22 
31 29 60 
34 186 297 
126 230 491 
147 128 485 
285 29 13 
43 21 331 
96 451 28 
279 188 371 
3 251 446 
258 414 21 
429 425 232 
123 78 415 
17 248 63 
138 381 392 
413 48 41 
96 134 322 
365 366 30 
433 321 408 
495 142 22 
219 300 116 
204 160 443 
306 97 210 
385 478 197 
44 123 458 
58 215 152 
342 328 187 
98 286 293 
123 244 130 
430 219 73 
412 33 258 
35 391 379 
365 374 346 
8 231 75 
187 243 487 
310 194 52 
188 215 182 
24 67 442 
36 31 492 
275 207 137 
207 121 340 
59 14 399 
457 327 77 
251 37 463 
237 307 453 
90 141 483 
274 140 487 
73 432 199 
312 370 78 
108 120 333 
359 333 353 
64 225 362 
406 284 208 
490 427 90 
499 470 240 
185 312 18 
264 94 454 
301 176 86 
401 172 229 
137 477 283 
275 295 203 
307 172 249 
404 484 426 
434 468 94 
0 38 388 
295 12 165 
473 80 69 
1 430 497 
224 386 108 
392 223 75 
265 70 365 
338 353 177 
442 366 394 
453 6 201 
376 498 8 
164 444 92 
253 207 391 
262 491 449 
202 378 426 
73 458 409 
338 325 293 
179 90 376 
152 97 340 
399 253 351 
278 173 144 
434 54 455 
131 387 268 
367 422 362 
396 12 105 
149 173 119 
226 317 97 
410 499 151 
183 247 205 
454 9 317 
234 252 18 
90 245 247 
259 152 453 
194 323 281 
115 0 205 
66 25 142 
259 160 304 
320 469 59 
106 318 351 
5 211 193 
135 128 113 
206 75 392 
98 420 27 
306 473 393 
204 477 262 
82 174 250 
364 428 487 
405 113 284 
329 184 185 
392 125 412 
387 136 287 
423 454 307 
312 147 175 
237 210 378 
161 82 94 
191 349 358 
130 441 144 
389 82 148 
248 171 106 
196 122 296 
175 330 263 
78 240 158 
56 307 224 
371 417 251 
175 487 83 
43 469 11 
35 231 154 
295 319 131 
30 74 338 
236 164 336 
319 307 37 
73 2 367 
108 494 337 
304 146 172 
140 472 122 
70 132 273 
153 413 85 
54 433 42 
262 495 281 
275 150 372 
367 131 17 
161 293 399 
229 480 384 
483 280 384 
27 27 494 
115 305 154 
44 404 438 
89 365 90 
304 493 317 
244 98 387 
112 257 494 
73 352 6 
64 406 375 
68 375 484 
192 224 108 
398 421 369 
86 188 448 
160 333 19 
347 47 171 
38 276 8 
81 95 253 
21 318 483 
228 210 35 
145 101 191 
127 354 71 
276 74 230 
61 383 461 
488 410 416 
205 463 493 
41 350 201 
375 369 218 
213 236 136 
106 421 173 
32 401 407 
14 97 189 
64 63 440 
387 375 137 
166 364 441 
422 201 201 
69 377 17 
256 83 154 
468 361 178 
318 136 416 
306 63 153 
5 94 130 
75 228 59 
301 11 357 
358 433 150 
37 71 70 
483 87 346 
483 5 461 
380 40 233 
398 283 158 
283 161 475 
386 453 433 
61 78 240 
29 486 185 
246 307 369 
110 217 492 
323 337 122 
38 192 370 
492 39 375 
411 232 94 
294 256 228 
0 0 114 
444 457 383 
485 64 56 
406 275 477 
345 46 427 
357 223 241 
451 182 3 
204 342 115 
180 340 353 
416 139 84 
465 87 115 
35 466 473 
143 10 372 
284 317 282 
487 48 147 
31 217 369 
12 424 127 
426 188 334 
420 388 401 
465 168 410 
339 198 405 
57 167 139 
192 321 189 
237 114 399 
427 359 397 
415 62 414 
39 197 151 
289 91 323 
95 323 407 
26 77 483 
126 210 61 
110 306 305 
315 278 274 
308 189 200 
283 441 10 
153 17 453 
448 265 49 
226 145 287 
381 269 379 
281 488 73 
453 192 356 
224 154 190 
334 183 32 
272 269 54 
489 63 428 
94 96 495 
46 227 247 
386 164 31 
374 338 218 
488 75 366 
434 122 297 
368 190 315 
296 109 409 
476 158 266 
422 11 40 
314 100 195 
51 229 414 
485 246 115 
267 264 450 
132 22 95 
138 228 474 
231 212 214 
192 209 204 
378 42 135 
429 16 239 
422 62 53 
84 7 368 
72 311 243 
409 294 215 
345 180 170 
361 376 237 
169 454 447 
155 367 446 
116 383 211 
85 160 8 
153 369 224 
12 444 183 
194 338 160 
275 356 164 
177 143 415 
169 247 407 
93 85 123 
113 251 14 
18 116 153 
412 354 491 
451 195 25 
176 373 144 
103 46 421 
466 316 300 
89 400 78 
71 409 137 
217 40 50 
467 332 100 
437 40 320 
434 459 43 
473 315 9 
324 105 320 
241 240 262 
491 35 236 
28 483 354 
419 496 348 
303 59 440 
0 393 285 
66 413 208 
474 481 87 
424 36 339 
217 473 145 
325 276 331 
310 497 301 
196 411 105 
48 151 403 
363 409 258 
344 25 259 
60 29 371 
376 28 448 
307 205 202 
43 104 130 
439 202 388 
382 321 192 
104 341 420 
136 319 307 
440 87 446 
211 152 419 
199 348 465 
454 474 80 
281 377 445 
90 82 140 
179 14 299 
289 47 297 
85 9 187 
433 328 271 
377 248 156 
335 423 385 
412 301 171 
113 81 164 
450 417 360 
262 389 128 
16 0 346 
467 378 292 
465 48 423 
262 23 461 
419 231 272 
259 104 283 
329 327 459 
390 173 416 
79 488 209 
236 120 51 
215 217 31 
266 172 96 
163 423 139 
256 473 397 
210 72 273 
361 455 184 
252 43 52 
434 243 134 
196 367 194 
136 98 384 
62 447 384 
378 312 70 
329 486 2 
396 256 326 
261 156 193 
14 151 456 
355 458 348 
404 56 402 
315 216 4 
200 381 254 
312 413 24 
191 52 403 
159 252 237 
407 156 477 
373 168 285 
101 400 284 
423 174 163 
135 235 200 
89 189 275 
429 394 236 
145 361 373 
136 128 319 
50 216 320 
164 68 247 
328 122 361 
395 59 314 
236 185 276 
293 204 225 
159 37 123 
181 199 308 
82 31 30 
333 364 44 
42 358 43 
113 111 290 
302 280 334 
473 285 303 
175 122 467 
405 367 105 
186 342 394 
474 166 194 
116 46 79 
177 323 278 
1 118 180 
357 90 210 
35 487 455 
92 398 108 
196 64 463 
217 114 173 
98 271 124 
64 221 471 
382 419 297 
483 106 314 
242 188 240 
293 68 327 
332 419 306 
389 323 303 
269 407 7 
302 149 180 
494 409 39 
95 262 232 
151 132 267 
144 231 22 
194 310 29 
303 65 246 
73 98 340 
483 122 258 
362 60 18 
487 338 396 
390 441 465 
159 25 9 
145 134 14 
78 77 482 
296 313 364 
208 221 288 
40 260 323 
59 146 156 
35 25 28 
99 273 332 
180 412 394 
382 429 145 
197 144 57 
358 52 3 
332 188 158 
461 103 178 
178 82 21 
319 275 29 
68 264 335 
130 177 141 
467 206 389 
400 113 86 
24 123 109 
445 353 152 
142 109 200 
490 84 425 
216 190 3 
248 280 284 
480 170 20 
124 252 450 
113 134 479 
408 106 126 
86 101 24 
356 4 127 
345 244 171 
347 217 341 
259 263 326 
90 250 57 
253 290 98 
103 278 253 
8 291 176 
460 93 403 
95 276 130 
43 243 76 
478 384 266 
297 221 349 
443 105 486 
31 398 208 
177 74 440 
289 257 187 
435 273 156 
463 275 461 
237 311 47 
95 457 316 
443 180 328 
25 300 109 
222 399 251 
352 145 283 
355 109 205 
104 281 146 
158 104 186 
457 387 1 
476 213 112 
251 383 484 
27 120 431 
467 293 373 
250 383 419 
30 287 336 
464 109 182 
