1000
3
188 334 357 
366 262 457 
48 69 226 
265 400 411 
346 400 215 
230 464 360 
17 267 232 
479 174 159 
242 341 485 
216 12 140 
484 482 122 
364 427 99 
413 109 145 
204 154 214 
367 302 286 
352 184 266 
255 48 330 
113 170 426 
382 304 125 
203 154 399 
169 269 57 
189 60 331 
4 485 232 
460 497 384 
320 237 200 
99 96 284 
17 330 373 
87 203 103 
52 246 358 
367 55 425 
97 284 374 
106 151 304 
287 55 323 
256 149 83 
7 267 159 
399 117 23 
137 137 381 
192 226 293 
268 345 125 
232 215 471 
229 491 241 
332 83 212 
58 313 75 
268 455 329 
323 333 307 
354 289 375 
293 393 64 
387 205 290 
394 446 61 
358 433 192 
304 478 427 
401 206 209 
77 18 75 
245 27 411 
274 75 462 
312 270 149 
124 417 276 
170 474 225 
76 193 392 
287 455 470 
476 330 498 
291 97 228 
404 82 211 
470 278 1 
200 478 475 
382 23 258 
84 392 69 
97 62 153 
421 28 35 
234 457 163 
320 174 407 
121 128 181 
230 158 251 
112 273 153 
342 275 230 
287 170 179 
357 75 52 
163 352 263 
307 94 219 
67 342 259 
473 134 413 
301 289 342 
231 306 24 
17 371 466 
64 206 491 
328 293 13 
187 301 356 
145 51 442 
261 127 479 
378 423 400 
59 437 476 
80 47 215 
231 165 99 
404 33 180 
376 388 338 
130 342 288 
425 424 494 
85 397 149 
264 265 175 
418 222 296 
374 441 413 
396 281 245 
72 177 3 
129 78 432 
354 115 194 
167 125 61 
227 483 265 
408 478 430 
427 102 279 
76 148 50 
400 245 38 
442 126 231 
266 213 5 
259 443 127 
387 210 206 
354 305 155 
237 79 301 
180 15 286 
149 201 410 
438 150 358 
150 237 93 
332 21 285 
478 56 45 
413 315 339 
98 58 20 
78 487 166 
341 258 377 
411 245 97 
220 8 190 
265 246 346 
330 485 293 
334 237 33 
151 427 234 
450 31 123 
200 415 137 
0 233 68 
335 81 38 
286 388 413 
450 313 19 
164 141 182 
68 130 326 
139 331 53 
12 77 102 
179 250 472 
163 461 38 
431 227 394 
491 8 207 
441 144 19 
81 463 429 
455 263 349 
286 109 158 
285 155 254 
330 155 430 
23 196 215 
249 152 279 
382 203 106 
248 223 282 
366 258 293 
403 392 413 
179 229 496 
339 103 165 
349 379 96 
140 168 111 
242 95 404 
264 324 427 
460 413 162 
377 456 52 
5 9 322 
458 49 363 
485 262 82 
275 261 48 
362 478 158 
492 254 7 
358 490 356 
296 247 415 
106 226 153 
74 121 22 
458 444 173 
273 171 397 
349 133 83 
27 299 343 
44 410 178 
78 217 479 
372 0 444 
207 351 359 
268 255 432 
335 283 118 
248 440 255 
354 462 373 
311 460 293 
107 409 76 
227 424 58 
269 492 167 
278 159 370 
424 190 366 
393 173 172 
106 271 412 
262 424 233 
50 400 445 
358 146 256 
323 122 238 
252 146 390 
226 23 144 
191 106 148 
448 292 446 
8 318 177 
490 266 192 
30 377 318 
437 354 155 
284 194 130 
431 300 402 
263 126 370 
464 195 414 
231 28 462 
239 111 427 
109 467 158 
208 64 43 
279 299 190 
141 151 61 
94 69 87 
383 469 409 
237 316 475 
4 482 126 
95 428 278 
21 323 86 
403 391 285 
359 283 200 
88 274 46 
33 383 237 
353 308 357 
87 174 191 
201 495 436 
470 216 6 
210 196 234 
43 247 207 
218 392 237 
456 166 473 
145 69 439 
257 251 33 
297 152 360 
6 179 417 
172 150 107 
122 329 92 
117 2 206 
431 315 11 
268 242 161 
203 457 314 
434 410 2 
93 367 314 
187 27 175 
307 279 110 
493 255 170 
365 86 393 
152 390 147 
190 166 2 
403 497 132 
309 477 492 
258 282 66 
165 492 482 
102 422 398 
260 494 126 
436 374 261 
16 259 287 
7 33 53 
408 108 148 
179 198 421 
297 414 197 
319 160 40 
239 353 482 
485 173 251 
338 382 103 
493 120 457 
228 129 70 
179 444 298 
301 279 17 
434 142 45 
233 367 334 
87 94 390 
337 159 381 
308 234 314 
161 262 369 
405 192 477 
161 23 5 
368 420 87 
244 442 442 
368 146 240 
394 167 485 
311 53 56 
152 342 280 
124 105 67 
209 423 100 
468 6 307 
192 450 450 
195 40 190 
38 182 324 
460 416 243 
347 137 346 
269 129 393 
493 443 418 
319 134 303 
442 485 278 
476 124 331 
443 143 138 
467 43 271 
206 339 408 
17 359 476 
162 259 100 
311 312 35 
258 90 207 
269 37 453 
209 187 0 
311 418 449 
498 189 482 
365 206 285 
19 324 272 
11 162 403 
497 401 276 
386 400 238 
346 222 346 
302 394 450 
225 320 435 
148 287 457 
109 326 454 
341 5 386 
320 372 302 
354 4 259 
316 296 383 
280 351 490 
493 244 110 
82 311 365 
103 58 254 
129 150 419 
96 102 141 
187 32 487 
271 125 221 
403 325 265 
342 201 322 
245 3 9 
151 452 89 
435 15 186 
453 494 481 
201 416 402 
92 7 474 
199 457 140 
207 403 15 
442 280 435 
48 244 408 
447 256 109 
336 419 359 
160 120 269 
97 190 134 
190 353 402 
142 285 20 
372 349 140 
331 144 448 
73 55 462 
481 320 322 
277 96 208 
62 437 219 
239 332 34 
480 416 27 
147 76 332 
291 159 365 
325 421 411 
2 156 203 
237 243 209 
478 169 184 
465 204 170 
491 216 361 
372 362 101 
233 490 107 
183 259 128 
306 386 10 
254 365 7 
325 291 19 
312 98 145 
444 228 472 
5 166 411 
369 237 329 
355 383 51 
484 444 307 
24 250 94 
48 265 336 
89 22 141 
118 445 279 
337 327 208 
128 453 307 
409 169 397 
294 122 218 
60 425 278 
289 309 349 
469 477 51 
277 398 462 
439 387 316 
296 226 96 
316 290 376 
435 35 460 
45 179 308 
216 306 368 
37 490 381 
341 291 259 
358 473 112 
472 293 364 
345 29 101 
58 357 284 
282 434 133 
196 488 101 
494 498 173 
293 429 107 
34 153 25 
422 214 287 
380 150 219 
425 440 91 
81 327 221 
53 360 85 
229 253 113 
481 491 60 
402 188 209 
491 137 57 
108 141 257 
276 318 301 
144 344 496 
56 83 448 
166 479 414 
497 104 330 
459 229 463 
487 491 101 
186 338 402 
8 59 443 
385 339 85 
498 429 173 
347 120 35 
180 391 366 
82 291 374 
411 329 167 
196 328 294 
321 156 291 
296 5 190 
498 346 481 
49 453 189 
122 437 390 
197 232 433 
386 83 282 
257 73 285 
96 475 328 
15 245 453 
379 198 241 
60 213 184 
455 439 164 
313 124 258 
326 333 79 
82 81 478 
354 4 272 
28 195 110 
183 447 241 
270 270 350 
182 41 315 
499 33 283 
368 199 169 
149 364 88 
244 368 177 
80 274 210 
171 246 98 
19 310 149 
212 299 133 
233 105 86 
280 231 188 
329 376 495 
118 124 337 
321 424 185 
301 121 485 
172 387 248 
451 332 156 
73 248 239 
351 444 418 
30 412 414 
177 80 102 
78 193 214 
470 324 199 
372 363 457 
192 194 141 
211 208 173 
51 111 378 
348 217 385 
225 144 407 
119 408 285 
458 315 92 
412 233 275 
346 182 185 
422 192 50 
219 113 428 
168 443 287 
476 189 498 
327 330 243 
204 385 96 
417 255 364 
228 359 205 
495 154 378 
137 89 239 
143 377 340 
277 255 76 
407 405 103 
188 32 141 
125 287 18 
96 343 174 
222 49 287 
327 101 164 
124 76 30 
143 325 57 
26 383 472 
194 198 99 
443 99 32 
284 83 190 
231 164 388 
219 137 8 
158 323 82 
316 41 50 
315 202 477 
330 125 216 
378 438 65 
367 454 177 
249 53 233 
284 133 282 
484 142 167 
47 16 45 
48 142 34 
3 137 242 
380 201 46 
218 296 165 
283 15 128 
495 221 147 
439 348 484 
76 34 370 
48 186 83 
268 348 308 
154 82 123 
157 173 347 
198 322 372 
239 327 258 
467 63 145 
159 452 452 
256 187 68 
384 280 350 
146 57 370 
410 282 140 
87 39 49 
6 210 434 
446 81 485 
424 317 101 
472 436 480 
54 198 205 
182 375 256 
179 282 125 
308 37 388 
90 159 292 
211 258 327 
134 235 436 
281 481 50 
490 110 37 
122 86 73 
33 305 49 
190 411 218 
345 90 294 
172 348 280 
456 97 145 
82 142 473 
403 125 451 
89 224 375 
62 499 327 
306 196 312 
147 496 357 
209 128 86 
376 383 229 
218 38 106 
251 145 52 
257 85 401 
172 84 433 
396 365 30 
31 394 301 
295 50 241 
181 302 123 
312 148 125 
310 497 156 
18 257 408 
185 488 244 
134 255 443 
170 43 244 
193 177 92 
485 227 289 
388 173 56 
188 58 116 
293 27 148 
105 375 53 
384 496 426 
437 460 191 
218 349 355 
483 52 41 
411 72 446 
7 166 6 
272 9 183 
491 68 174 
117 114 77 
478 90 310 
352 380 266 
391 152 14 
186 414 305 
152 181 180 
396 338 435 
170 405 152 
405 460 392 
388 309 463 
166 334 403 
322 90 485 
468 209 149 
219 351 497 
464 227 46 
352 251 271 
292 48 378 
468 105 335 
376 454 2 
163 489 105 
363 373 330 
178 187 92 
103 376 60 
498 229 98 
140 222 17 
181 4 186 
282 80 107 
73 391 48 
54 438 113 
315 344 19 
352 49 141 
189 249 369 
157 477 288 
222 340 331 
224 377 128 
291 376 124 
463 300 193 
485 22 282 
234 229 418 
394 171 77 
243 5 416 
107 471 494 
217 458 154 
195 499 27 
273 302 10 
8 100 159 
417 223 297 
486 356 68 
441 60 165 
332 90 82 
151 98 92 
64 443 328 
197 89 492 
199 314 452 
398 444 123 
324 203 311 
111 494 123 
142 340 99 
479 23 353 
274 465 28 
460 315 375 
408 342 445 
377 295 99 
286 273 166 
227 204 310 
457 150 277 
48 334 265 
473 435 338 
241 193 75 
332 166 84 
389 350 348 
93 361 469 
470 186 248 
77 113 56 
216 169 11 
477 234 1 
310 137 315 
249 183 118 
433 155 424 
486 146 250 
475 398 83 
305 276 263 
335 51 115 
493 430 369 
42 321 445 
3 74 497 
411 32 414 
404 190 404 
260 16 164 
360 237 334 
270 45 444 
156 480 94 
363 155 323 
84 57 222 
207 104 220 
347 260 12 
275 323 165 
108 480 429 
184 115 417 
176 421 58 
88 315 98 
372 470 431 
412 9 480 
131 208 50 
257 251 157 
213 9 347 
141 123 246 
164 387 446 
387 417 221 
338 45 20 
48 96 265 
83 14 357 
104 74 410 
61 237 360 
46 315 195 
10 10 469 
499 425 357 
154 328 131 
210 304 282 
212 161 62 
184 251 364 
423 76 424 
342 147 374 
314 419 314 
192 413 98 
262 217 290 
398 92 0 
16 255 496 
460 464 114 
182 38 53 
289 169 103 
421 194 310 
137 479 78 
302 289 81 
486 129 279 
264 330 431 
133 419 486 
321 477 442 
103 293 191 
235 314 304 
416 142 331 
192 70 18 
290 174 332 
195 471 66 
164 233 184 
314 192 223 
180 249 479 
226 222 52 
486 449 189 
485 140 77 
107 468 110 
297 21 387 
451 95 191 
446 48 307 
11 287 468 
466 193 4 
432 335 430 
390 362 42 
478 107 395 
462 449 24 
23 1 325 
325 381 335 
258 179 268 
439 130 471 
422 210 480 
329 396 362 
168 23 483 
192 258 333 
278 371 217 
391 60 228 
59 346 485 
131 395 69 
193 96 278 
390 445 7 
390 24 431 
85 217 376 
112 47 35 
85 121 222 
339 350 80 
486 200 402 
189 117 352 
91 101 27 
386 120 398 
131 221 197 
325 417 433 
118 397 432 
426 208 165 
264 95 135 
122 196 178 
401 99 186 
251 28 402 
255 102 467 
432 126 429 
467 376 341 
204 313 168 
211 401 41 
497 474 411 
165 179 5 
367 471 358 
43 385 190 
403 43 433 
280 34 247 
143 398 133 
363 446 281 
422 178 493 
184 299 112 
430 215 31 
421 457 195 
312 419 101 
53 12 399 
146 189 305 
49 327 443 
195 101 290 
244 192 490 
135 371 446 
354 134 40 
473 441 45 
95 7 91 
26 478 406 
285 362 252 
318 168 279 
286 461 361 
416 72 395 
140 447 229 
58 184 472 
441 95 189 
82 187 179 
165 446 39 
157 457 460 
246 373 195 
441 377 150 
98 26 121 
185 37 225 
488 160 446 
323 405 446 
328 142 334 
212 94 380 
215 376 376 
89 264 193 
291 342 419 
440 302 347 
0 478 32 
394 270 68 
232 214 414 
392 53 432 
380 189 478 
489 51 22 
87 351 94 
76 146 325 
425 439 280 
364 493 199 
140 112 151 
96 179 284 
357 91 223 
387 295 16 
406 12 7 
58 2 73 
79 382 174 
224 130 180 
496 407 142 
202 106 214 
393 339 467 
171 473 401 
351 246 422 
56 348 287 
427 488 252 
197 464 389 
253 209 314 
462 235 384 
70 223 404 
310 473 320 
279 256 425 
383 299 233 
284 449 311 
449 457 158 
182 319 357 
228 145 97 
228 183 6 
390 242 59 
76 112 5 
105 197 387 
155 87 499 
31 442 24 
426 402 496 
108 357 426 
402 274 209 
418 45 72 
87 55 455 
187 397 447 
88 277 319 
227 197 323 
284 318 198 
180 164 10 
68 313 10 
197 266 90 
411 448 13 
235 154 65 
460 88 83 
216 490 218 
367 302 171 
244 13 181 
109 125 207 
95 274 92 
241 264 280 
74 311 71 
430 39 482 
319 79 386 
148 224 266 
171 93 186 
379 427 6 
340 136 387 
394 70 148 
282 201 269 
323 165 225 
131 292 456 
459 228 67 
183 154 479 
230 462 339 
179 150 247 
73 483 387 
82 249 52 
306 412 210 
426 360 322 
266 472 95 
0 73 454 
358 34 336 
199 221 97 
474 320 175 
47 319 313 
4 358 34 
1 87 408 
477 472 410 
18 240 77 
356 489 39 
146 189 401 
233 214 220 
56 57 149 
229 91 288 
75 287 374 
473 270 281 
162 337 342 
225 437 480 
89 339 432 
81 400 368 
256 387 445 
383 248 60 
437 275 295 
494 158 111 
439 462 62 
72 382 200 
448 165 345 
446 125 451 
67 305 470 
75 447 89 
341 40 119 
50 358 81 
356 223 349 
448 335 296 
269 182 151 
5 307 39 
124 4 457 
307 412 473 
214 71 196 
124 384 474 
24 160 466 
172 93 152 
148 376 59 
195 448 418 
375 326 279 
155 433 280 
365 389 483 
458 90 232 
7 241 174 
227 236 149 
459 313 401 
154 382 168 
234 18 8 
227 439 321 
420 248 7 
124 379 125 
374 373 316 
60 91 197 
234 211 322 
268 279 430 
370 297 222 
116 203 430 
357 492 434 
43 390 103 
122 8 232 
444 471 26 
339 49 438 
474 284 406 
209 365 346 
253 157 132 
319 479 350 
15 183 290 
382 381 484 
160 314 391 
193 420 122 
