1000
3
123 223 275 
86 437 253 
368 184 185 
208 472 98 
331 267 422 
367 480 397 
260 436 378 
198 435 313 
108 449 417 
417 273 118 
363 57 268 
195 261 200 
457 376 110 
242 67 229 
320 55 302 
86 425 168 
371 134 469 
321 316 95 
316 469 166 
405 420 275 
167 377 212 
250 100 422 
169 385 319 
45 358 162 
130 410 43 
4 20 323 
474 290 25 
96 245 267 
62 228 56 
49 443 31 
280 112 461 
17 67 164 
412 452 222 
53 358 218 
208 262 111 
459 312 81 
391 2 54 
228 334 326 
345 370 186 
339 261 280 
184 15 120 
134 451 397 
222 226 109 
468 261 396 
113 41 176 
261 432 467 
204 454 372 
463 142 111 
256 489 476 
210 169 6 
390 402 488 
285 61 134 
72 44 214 
84 127 319 
422 22 305 
441 398 168 
267 139 223 
114 111 187 
148 437 301 
149 83 83 
407 48 75 
100 251 212 
66 93 137 
36 248 115 
336 441 16 
119 218 282 
223 37 479 
82 56 499 
471 44 361 
154 140 358 
353 81 296 
130 35 485 
365 236 212 
333 158 141 
362 186 294 
241 347 174 
15 101 425 
20 221 453 
36 276 22 
376 282 105 
113 115 111 
379 199 426 
312 14 483 
459 147 19 
195 253 281 
357 176 360 
61 113 149 
484 77 271 
171 368 330 
88 254 418 
305 486 497 
117 172 59 
14 38 133 
306 75 243 
469 446 367 
117 94 485 
262 2 423 
394 481 389 
448 117 283 
350 486 100 
28 38 192 
270 251 7 
473 355 131 
4 486 101 
24 253 249 
100 428 22 
19 374 497 
254 255 327 
412 98 200 
371 113 252 
413 272 44 
192 345 380 
311 490 182 
480 166 326 
255 156 499 
388 161 392 
144 447 158 
479 356 369 
125 342 205 
473 15 351 
63 378 155 
141 333 356 
322 372 138 
446 118 115 
497 31 96 
422 266 449 
469 205 300 
224 158 436 
199 123 412 
40 395 489 
471 413 199 
299 103 89 
428 439 58 
499 11 390 
269 42 94 
7 117 244 
480 128 222 
289 451 389 
254 385 354 
395 65 233 
297 11 93 
415 192 192 
210 12 14 
35 156 257 
82 47 208 
142 375 418 
206 169 369 
96 140 358 
151 382 136 
487 354 34 
391 221 360 
21 66 220 
283 477 340 
236 232 446 
362 204 287 
433 47 175 
197 293 331 
462 449 478 
478 365 390 
251 51 326 
366 383 487 
12 416 161 
461 365 410 
458 211 264 
297 15 442 
402 51 255 
53 420 175 
399 208 361 
213 438 64 
163 85 373 
146 341 442 
300 349 478 
464 353 321 
264 27 265 
486 284 251 
46 498 395 
201 30 215 
371 392 179 
201 285 280 
131 184 182 
152 378 239 
276 39 162 
323 103 154 
367 224 5 
117 473 291 
359 164 340 
293 162 233 
290 388 427 
319 295 110 
195 95 330 
19 159 419 
136 221 192 
203 360 396 
54 424 466 
340 239 9 
44 94 375 
458 487 195 
139 435 230 
60 383 145 
406 207 309 
196 411 187 
190 17 254 
432 420 369 
488 310 221 
159 106 479 
238 134 159 
224 314 97 
309 252 19 
304 247 165 
73 114 469 
236 247 93 
13 108 366 
187 116 303 
472 218 79 
229 106 466 
20 220 463 
488 174 9 
497 263 344 
23 9 171 
97 464 19 
313 70 458 
52 42 121 
389 337 225 
463 40 189 
420 268 126 
42 227 138 
195 313 131 
156 140 300 
102 22 402 
446 292 19 
476 78 216 
95 191 496 
149 351 199 
318 123 241 
218 42 322 
305 169 114 
212 406 91 
96 92 114 
453 480 195 
106 132 273 
164 410 406 
427 93 350 
16 380 16 
474 226 360 
296 356 441 
328 364 219 
133 192 214 
431 414 349 
366 132 469 
275 150 96 
317 282 430 
478 17 276 
369 341 122 
115 458 187 
400 333 189 
187 361 422 
158 137 407 
93 5 285 
23 315 357 
217 108 229 
135 21 333 
406 146 130 
259 158 88 
355 215 305 
323 169 416 
451 487 449 
142 16 81 
301 334 233 
101 236 262 
19 230 2 
369 88 261 
87 488 28 
248 311 428 
381 41 232 
416 167 76 
298 412 319 
383 441 344 
363 32 368 
426 220 469 
312 183 496 
235 191 281 
499 369 4 
10 257 229 
217 413 424 
437 321 270 
93 84 35 
456 429 228 
212 11 111 
264 289 141 
129 22 485 
6 139 214 
175 459 498 
15 235 451 
196 348 291 
286 453 452 
184 347 257 
175 479 289 
374 480 131 
419 498 23 
17 316 478 
460 56 415 
475 15 251 
400 208 155 
460 179 437 
130 474 46 
451 6 427 
213 261 250 
340 155 291 
409 79 176 
34 303 260 
162 322 363 
156 498 228 
436 390 363 
210 477 267 
302 17 21 
26 117 493 
423 453 330 
369 139 379 
417 459 181 
175 186 235 
71 301 420 
460 59 380 
79 147 299 
113 9 181 
392 160 221 
163 99 342 
180 89 482 
434 424 336 
396 164 299 
1 340 382 
373 400 460 
113 289 157 
463 318 470 
279 275 232 
69 51 269 
152 330 380 
287 51 71 
41 281 142 
449 282 385 
298 298 333 
124 222 102 
341 417 456 
87 78 232 
58 451 109 
105 231 48 
89 416 297 
466 267 269 
212 313 254 
2 209 203 
208 168 70 
202 306 159 
431 23 19 
426 493 310 
385 238 294 
38 288 224 
109 201 295 
325 189 261 
268 158 426 
107 188 385 
123 244 237 
131 307 298 
46 450 487 
157 405 451 
305 123 447 
412 272 91 
80 368 291 
413 421 499 
483 459 64 
317 157 60 
367 368 393 
218 26 337 
266 359 171 
321 55 456 
108 281 340 
377 20 156 
174 322 50 
349 124 56 
159 396 87 
277 2 90 
77 432 447 
9 334 412 
286 159 23 
460 195 308 
68 361 447 
299 374 481 
424 428 294 
215 221 308 
445 357 397 
410 329 109 
191 426 105 
309 112 297 
306 402 325 
72 397 318 
156 178 481 
114 418 65 
373 239 311 
385 299 331 
313 23 290 
492 50 365 
378 228 466 
368 26 280 
346 388 201 
7 112 440 
438 128 43 
68 490 445 
258 175 92 
94 109 459 
129 240 323 
317 226 38 
56 495 420 
31 499 276 
151 432 497 
18 231 481 
38 79 323 
403 228 206 
491 96 358 
466 285 383 
225 93 456 
459 307 7 
75 147 493 
86 317 476 
79 434 117 
463 28 222 
24 27 172 
126 35 182 
411 328 316 
20 134 201 
309 269 113 
349 105 273 
268 499 98 
286 315 12 
420 229 310 
183 116 21 
345 42 409 
293 209 199 
200 18 468 
238 418 34 
319 420 84 
296 499 477 
330 440 158 
296 86 148 
56 423 421 
284 90 362 
464 471 6 
460 80 491 
393 357 242 
95 11 39 
11 112 189 
196 489 109 
332 422 137 
93 73 326 
105 176 413 
383 16 151 
241 115 364 
424 236 32 
383 489 269 
465 119 288 
351 476 189 
24 103 272 
221 232 41 
180 433 73 
450 346 147 
207 134 262 
97 424 19 
395 44 61 
48 472 473 
438 28 73 
409 81 214 
185 471 137 
17 148 44 
292 448 82 
166 414 385 
115 190 376 
443 466 205 
305 291 8 
498 454 156 
50 170 376 
487 368 125 
239 278 110 
289 118 327 
196 353 142 
210 145 468 
350 377 337 
104 456 168 
32 62 361 
181 240 36 
30 253 199 
267 246 381 
498 98 334 
9 90 411 
257 426 389 
357 345 315 
101 76 127 
106 392 226 
142 493 316 
318 491 226 
51 7 97 
423 411 486 
452 362 355 
325 177 293 
390 186 80 
238 38 347 
322 491 122 
496 251 301 
165 479 67 
398 482 184 
325 217 403 
178 417 266 
466 401 95 
39 72 334 
404 499 66 
484 393 226 
203 441 361 
438 340 10 
260 301 311 
304 134 35 
185 112 482 
99 26 226 
255 165 439 
239 121 399 
368 176 372 
27 422 115 
407 326 113 
481 25 151 
22 269 8 
50 494 493 
412 403 426 
75 9 122 
40 483 309 
322 448 316 
459 427 316 
220 353 333 
454 434 50 
443 11 431 
246 296 117 
25 178 209 
190 237 200 
336 373 139 
336 261 127 
160 71 464 
59 136 85 
326 454 30 
78 41 325 
425 257 128 
109 340 313 
147 417 218 
21 305 368 
9 155 240 
262 278 42 
102 169 74 
428 286 109 
283 255 361 
84 157 12 
27 36 480 
202 177 3 
476 113 86 
498 24 119 
415 439 80 
53 488 232 
454 259 257 
473 29 141 
461 73 37 
413 303 242 
390 338 55 
439 295 448 
355 270 127 
259 87 19 
172 391 158 
384 320 293 
396 425 313 
39 442 207 
220 141 134 
493 355 100 
220 110 488 
105 420 462 
467 99 237 
413 148 355 
371 246 32 
133 95 293 
311 339 292 
307 258 34 
458 192 152 
189 279 471 
147 494 353 
470 229 120 
352 312 406 
59 276 380 
267 384 478 
93 462 64 
28 236 417 
69 104 431 
245 108 433 
243 53 484 
201 40 371 
184 237 229 
155 244 417 
279 106 64 
39 360 118 
355 297 285 
361 30 360 
301 263 440 
52 160 391 
409 77 468 
322 375 96 
491 302 219 
452 139 474 
361 244 397 
370 250 374 
11 43 359 
165 425 113 
490 48 106 
9 134 232 
420 14 225 
5 207 220 
354 400 350 
85 417 491 
245 143 170 
82 235 302 
141 46 56 
135 240 173 
15 263 496 
423 385 191 
455 192 81 
388 300 294 
149 30 260 
149 459 318 
431 341 274 
298 271 97 
136 94 397 
295 184 433 
328 492 249 
33 200 154 
85 356 198 
11 260 68 
266 234 125 
486 441 438 
175 194 362 
23 94 79 
13 294 82 
35 110 459 
125 170 272 
110 116 253 
70 375 210 
25 492 319 
401 98 111 
425 471 146 
342 81 62 
10 120 324 
338 485 448 
21 451 223 
28 288 142 
158 47 26 
443 25 26 
201 349 222 
156 402 323 
18 59 13 
144 298 307 
360 304 93 
203 153 68 
201 327 114 
312 192 103 
422 427 184 
270 274 484 
255 80 269 
217 258 219 
370 60 172 
410 133 435 
315 479 61 
212 423 301 
17 322 486 
466 317 408 
381 339 76 
336 258 268 
436 189 398 
156 270 38 
330 212 405 
358 5 480 
114 332 325 
194 350 487 
372 324 212 
8 278 262 
429 229 482 
409 182 258 
41 271 49 
395 102 302 
129 216 141 
328 108 158 
155 369 330 
203 136 173 
124 57 468 
330 471 100 
318 111 196 
365 491 307 
469 380 104 
351 446 382 
4 490 309 
216 436 243 
43 496 416 
498 241 217 
291 168 188 
446 152 485 
449 312 353 
332 180 305 
52 446 440 
498 97 241 
125 286 242 
12 150 437 
427 412 426 
343 299 117 
102 269 415 
2 152 166 
34 408 99 
19 441 294 
455 73 438 
470 260 409 
8 436 387 
166 430 56 
373 280 73 
479 353 300 
392 479 177 
315 187 160 
173 360 412 
78 288 494 
187 356 239 
41 412 212 
16 340 439 
97 324 240 
63 379 37 
111 392 305 
280 187 123 
205 130 8 
17 229 238 
305 189 381 
212 192 182 
255 261 144 
321 426 316 
43 152 120 
275 434 457 
303 39 332 
37 162 338 
192 461 321 
51 291 490 
134 369 365 
237 332 92 
217 235 398 
161 179 131 
170 485 203 
3 152 110 
276 240 485 
434 138 419 
141 313 307 
260 284 5 
280 413 222 
405 156 372 
259 327 321 
294 10 59 
482 329 286 
202 242 182 
302 96 420 
424 281 58 
326 252 490 
487 431 162 
319 306 215 
140 50 1 
461 378 242 
362 137 7 
446 131 5 
240 315 411 
286 342 361 
60 276 126 
492 232 294 
181 458 266 
301 190 104 
469 161 36 
22 179 117 
480 392 84 
499 441 487 
385 276 430 
142 41 91 
150 445 144 
29 68 264 
355 56 341 
101 404 253 
324 177 403 
405 432 260 
465 36 177 
99 173 98 
420 116 1 
86 101 209 
12 127 156 
336 282 203 
272 3 124 
480 101 230 
478 51 204 
304 347 163 
209 99 93 
346 417 166 
374 267 42 
278 483 344 
216 350 407 
12 141 343 
339 14 305 
11 118 36 
373 194 0 
290 46 315 
317 39 27 
149 253 43 
244 249 438 
204 489 9 
298 430 390 
455 470 9 
293 472 64 
481 495 29 
437 342 268 
260 270 388 
79 384 26 
142 85 490 
386 34 318 
208 178 436 
85 360 56 
68 214 22 
173 47 495 
51 99 418 
150 302 246 
405 87 37 
44 383 357 
237 398 491 
368 91 344 
456 115 291 
485 99 0 
235 351 165 
485 150 165 
48 308 84 
117 63 371 
444 216 54 
18 32 270 
272 398 85 
3 195 140 
84 179 325 
315 346 71 
325 184 428 
60 206 260 
338 30 334 
148 33 61 
228 180 85 
232 331 132 
66 140 62 
429 367 300 
64 461 236 
103 73 351 
457 381 251 
169 360 63 
19 316 204 
223 485 178 
405 401 219 
31 120 381 
462 114 118 
118 119 162 
177 338 92 
194 280 91 
215 494 52 
146 208 25 
237 429 244 
395 307 44 
215 31 14 
400 54 163 
480 283 302 
264 65 339 
301 149 298 
223 238 111 
379 289 89 
216 251 43 
113 58 491 
216 325 47 
63 358 34 
294 312 250 
83 280 55 
131 44 121 
315 172 265 
435 114 486 
299 174 398 
56 293 385 
223 231 72 
400 301 480 
497 95 399 
312 241 440 
204 166 247 
102 399 325 
351 146 91 
354 411 162 
244 468 50 
293 420 483 
332 65 390 
438 487 45 
396 323 469 
291 237 454 
413 205 337 
253 225 65 
138 375 119 
351 281 43 
174 368 494 
116 435 108 
218 352 221 
432 37 485 
38 371 423 
324 77 48 
248 145 44 
465 332 72 
496 102 487 
147 260 191 
474 344 23 
376 27 291 
102 357 267 
181 202 479 
320 408 199 
14 475 151 
133 164 164 
32 12 471 
61 325 411 
271 98 273 
443 207 38 
209 411 138 
151 172 60 
178 156 243 
397 425 28 
409 148 136 
163 55 268 
469 49 192 
136 472 435 
217 143 326 
359 440 23 
127 480 342 
315 418 442 
191 215 163 
60 78 43 
438 191 358 
396 62 52 
450 8 178 
267 408 489 
191 415 56 
204 162 253 
228 488 70 
280 339 338 
385 476 69 
130 474 240 
98 311 338 
206 447 315 
411 141 18 
427 442 26 
356 490 361 
468 342 86 
279 106 354 
427 161 76 
384 107 321 
473 149 374 
324 159 251 
203 333 490 
3 42 5 
467 352 358 
472 470 133 
79 38 47 
47 452 201 
217 257 62 
147 369 181 
361 472 385 
268 437 320 
146 385 329 
479 105 430 
324 181 438 
32 476 413 
475 335 12 
285 423 231 
323 313 326 
61 75 21 
62 293 465 
301 136 217 
142 64 193 
115 322 61 
485 469 489 
355 45 378 
27 30 105 
72 10 347 
188 349 163 
469 285 415 
174 351 300 
54 243 364 
434 16 297 
469 463 283 
78 213 488 
359 266 250 
312 386 133 
256 440 414 
472 20 60 
139 440 415 
298 259 209 
409 278 398 
482 321 163 
302 139 435 
108 376 181 
209 243 381 
