1000
3
98 58 401 
32 323 455 
147 398 368 
310 214 157 
49 279 451 
210 61 134 
305 393 370 
317 22 182 
87 52 197 
153 58 163 
460 5 47 
189 398 41 
494 404 146 
438 444 356 
310 116 229 
101 455 392 
224 32 145 
411 16 329 
115 421 138 
497 478 300 
452 351 222 
280 33 376 
83 365 444 
476 73 329 
99 496 136 
404 267 327 
72 228 334 
485 392 89 
342 83 414 
187 129 288 
450 333 59 
420 136 219 
179 420 473 
183 102 495 
334 380 259 
305 423 267 
336 173 95 
339 478 396 
177 236 351 
337 480 121 
492 147 409 
103 99 216 
253 462 343 
72 98 288 
267 1 43 
228 142 115 
68 193 335 
447 232 272 
306 390 37 
24 363 444 
481 449 415 
10 492 359 
451 373 311 
466 428 241 
260 355 456 
438 469 42 
242 423 469 
316 101 120 
310 199 397 
398 286 244 
135 343 137 
297 442 236 
125 169 307 
488 496 373 
489 481 187 
429 476 110 
451 188 129 
472 164 174 
402 42 215 
152 406 169 
90 77 39 
132 276 419 
321 129 187 
8 60 357 
64 61 212 
415 261 14 
37 453 387 
80 173 286 
405 479 284 
96 489 155 
183 74 192 
435 326 150 
237 213 57 
278 423 481 
418 280 333 
381 432 148 
476 338 103 
314 171 477 
120 62 178 
445 102 149 
229 157 7 
189 453 149 
249 196 149 
262 264 410 
175 480 348 
9 369 225 
477 294 191 
448 75 403 
136 151 241 
247 141 294 
90 358 31 
60 134 119 
324 236 339 
436 32 139 
379 161 66 
256 399 56 
413 177 462 
141 7 129 
157 298 73 
475 439 354 
321 322 440 
260 430 130 
39 351 149 
208 5 204 
145 170 58 
416 196 154 
14 369 497 
97 441 64 
166 92 324 
372 12 367 
276 438 458 
307 205 345 
12 238 152 
301 144 164 
66 61 258 
237 245 410 
101 330 58 
291 237 406 
61 187 406 
398 252 478 
283 57 107 
275 245 275 
101 58 487 
296 228 38 
54 229 107 
212 249 90 
81 204 418 
111 38 116 
121 462 394 
451 187 483 
162 450 323 
164 440 446 
257 238 311 
15 464 200 
87 46 394 
211 43 203 
451 19 308 
121 110 458 
391 306 136 
131 200 463 
331 139 270 
65 192 244 
294 319 342 
9 60 124 
222 458 325 
372 0 365 
83 495 155 
15 99 150 
346 63 317 
203 283 180 
323 55 384 
45 451 71 
454 489 39 
144 293 108 
407 449 327 
423 34 112 
240 180 438 
272 471 138 
415 14 456 
233 323 121 
222 401 23 
496 281 382 
218 136 184 
315 434 296 
140 31 256 
29 117 410 
314 278 271 
264 429 397 
197 441 222 
465 322 345 
469 265 64 
290 292 329 
34 69 350 
35 191 438 
243 428 254 
369 237 278 
405 330 385 
355 344 400 
396 488 382 
198 366 136 
303 2 172 
499 99 224 
290 39 252 
31 452 186 
215 135 54 
118 336 347 
291 182 127 
249 231 35 
383 209 206 
424 326 275 
293 54 152 
82 207 319 
249 417 433 
433 334 32 
199 268 80 
213 19 185 
24 300 145 
199 234 302 
160 493 37 
86 51 68 
97 167 469 
239 396 370 
127 481 431 
363 9 0 
80 35 68 
24 177 388 
6 138 216 
314 476 43 
248 266 137 
401 17 25 
212 78 234 
270 312 352 
335 1 468 
257 145 401 
111 391 179 
341 14 63 
16 392 171 
304 379 375 
175 227 159 
243 84 71 
7 380 349 
28 338 180 
64 217 193 
33 481 10 
238 491 21 
26 177 450 
58 390 395 
133 478 140 
110 315 96 
236 68 487 
258 484 7 
75 261 223 
197 365 471 
452 271 15 
399 218 187 
81 476 270 
468 237 247 
27 127 67 
307 261 335 
475 399 444 
190 393 239 
264 154 179 
233 83 167 
17 311 391 
179 102 129 
123 437 160 
156 22 236 
323 62 431 
107 311 103 
115 485 319 
41 200 155 
237 195 166 
11 196 176 
44 20 37 
435 82 60 
415 224 411 
289 290 14 
458 471 400 
51 234 137 
127 404 267 
112 438 45 
423 205 331 
471 126 154 
358 287 242 
451 84 38 
40 379 434 
483 420 346 
277 184 407 
251 343 257 
444 311 473 
31 432 425 
198 340 423 
137 251 185 
173 116 336 
333 137 369 
318 106 89 
178 39 499 
399 154 72 
475 429 339 
341 416 105 
330 268 188 
367 103 244 
150 343 15 
373 363 46 
83 123 251 
29 326 355 
298 450 284 
257 499 224 
223 50 404 
50 496 102 
77 228 46 
20 479 119 
462 459 322 
418 358 114 
127 181 238 
198 40 442 
174 467 438 
154 121 25 
356 211 359 
498 341 337 
353 133 208 
335 90 269 
289 316 122 
381 9 254 
204 288 166 
439 66 498 
97 139 48 
90 1 118 
46 378 153 
416 442 345 
267 315 366 
103 488 153 
468 200 276 
23 116 427 
374 425 487 
105 377 123 
353 355 161 
214 245 225 
113 97 182 
101 139 247 
46 64 135 
498 463 364 
386 445 226 
16 237 355 
499 268 5 
253 468 368 
254 226 461 
476 201 101 
165 255 41 
187 25 398 
53 436 337 
392 243 206 
233 463 29 
480 73 372 
25 273 51 
57 468 28 
255 406 247 
259 217 122 
5 21 204 
103 441 265 
231 336 304 
359 424 480 
61 129 306 
209 157 239 
0 94 90 
412 389 334 
240 431 275 
173 426 387 
42 61 208 
51 306 51 
249 266 361 
240 444 179 
75 232 316 
350 469 242 
204 260 481 
129 34 444 
52 350 356 
310 369 266 
29 161 274 
53 382 5 
370 407 101 
167 378 486 
252 434 342 
32 439 146 
479 45 175 
324 226 402 
367 106 356 
282 329 277 
142 130 279 
281 320 393 
172 420 117 
373 305 191 
106 429 380 
30 116 192 
172 115 66 
411 57 179 
132 439 303 
365 93 26 
270 316 155 
300 411 404 
404 21 322 
436 11 14 
473 331 406 
274 493 4 
163 256 369 
469 21 103 
420 249 119 
65 440 314 
308 177 208 
486 299 456 
391 417 27 
79 103 333 
232 103 57 
73 100 149 
467 284 157 
357 324 306 
336 122 88 
130 211 497 
480 348 348 
224 386 473 
472 66 326 
228 8 249 
247 358 263 
467 265 20 
423 213 49 
7 203 333 
196 405 220 
316 366 493 
67 170 93 
107 141 91 
462 208 204 
170 75 150 
119 236 428 
173 86 298 
13 37 448 
307 60 247 
428 370 437 
327 467 445 
97 240 256 
28 265 316 
284 449 348 
322 385 129 
356 463 21 
175 275 28 
463 164 293 
158 421 207 
311 156 393 
375 142 426 
216 36 398 
337 14 59 
143 290 463 
419 449 64 
139 193 36 
425 452 495 
358 157 3 
313 282 479 
309 308 271 
144 355 228 
101 90 436 
454 333 58 
61 423 451 
326 437 93 
21 283 312 
340 39 154 
230 44 457 
266 369 145 
454 427 44 
307 95 90 
44 294 101 
230 277 54 
337 29 348 
329 320 163 
359 94 403 
77 382 297 
33 2 295 
221 36 21 
43 161 294 
350 494 440 
200 438 120 
167 398 94 
238 146 158 
407 160 276 
444 498 243 
463 223 335 
410 460 410 
264 209 47 
457 184 343 
152 474 65 
380 382 89 
267 269 469 
92 39 339 
351 45 308 
110 363 70 
290 435 484 
342 269 444 
117 478 372 
474 45 363 
64 58 53 
15 131 105 
230 263 59 
373 259 107 
180 32 260 
118 304 259 
24 486 231 
430 372 160 
131 216 208 
481 27 417 
197 176 305 
335 282 359 
32 202 344 
433 28 337 
441 431 229 
254 143 376 
123 462 2 
52 474 321 
20 88 301 
5 486 423 
108 327 1 
236 127 216 
195 339 85 
429 455 100 
155 97 347 
72 375 404 
257 244 285 
285 370 403 
202 174 395 
239 386 236 
322 444 176 
51 293 44 
322 335 234 
316 398 432 
104 232 80 
165 457 310 
421 395 249 
249 274 22 
290 169 463 
72 238 296 
308 333 359 
424 306 169 
139 443 49 
233 296 184 
317 14 22 
136 451 400 
411 109 64 
365 20 36 
146 251 356 
393 402 223 
81 268 225 
272 371 399 
14 117 64 
122 186 202 
226 321 320 
212 218 216 
380 243 82 
345 75 392 
170 124 136 
448 486 491 
399 308 212 
258 415 41 
85 261 109 
11 487 477 
267 222 139 
301 443 189 
248 345 259 
414 13 434 
123 199 362 
242 94 131 
198 451 164 
26 90 451 
396 239 498 
66 278 72 
14 71 42 
268 175 38 
209 133 20 
231 184 313 
215 276 499 
103 73 53 
206 302 379 
9 135 93 
80 58 489 
383 100 422 
478 359 290 
349 413 301 
22 154 230 
12 269 401 
423 147 110 
44 151 347 
199 218 17 
86 489 237 
376 326 77 
204 234 109 
313 337 332 
257 183 182 
197 53 184 
335 83 295 
140 276 215 
206 194 192 
232 79 103 
236 184 15 
417 440 130 
487 103 344 
184 137 20 
204 36 213 
344 134 271 
216 298 96 
39 324 400 
467 154 320 
109 373 489 
15 378 236 
461 93 257 
128 181 114 
399 439 316 
410 344 277 
91 319 226 
63 121 246 
154 140 463 
106 58 258 
42 250 373 
255 118 60 
488 138 489 
71 455 342 
474 11 16 
309 217 370 
124 313 369 
75 208 318 
256 418 238 
177 490 58 
114 111 244 
131 56 151 
384 241 180 
113 12 262 
402 50 464 
312 284 445 
134 343 321 
237 212 417 
295 346 199 
241 189 190 
148 458 360 
159 161 85 
496 255 423 
362 375 421 
485 246 214 
4 12 371 
260 191 39 
105 104 351 
486 486 367 
196 456 471 
299 2 226 
221 223 277 
487 34 328 
289 461 175 
377 43 214 
411 467 65 
485 431 155 
344 479 46 
494 328 283 
417 444 455 
6 244 232 
447 227 111 
103 275 251 
447 420 155 
373 157 117 
243 6 317 
441 239 255 
345 250 176 
136 456 133 
237 154 411 
469 360 324 
51 73 400 
260 89 142 
281 301 268 
280 242 176 
119 352 408 
372 259 49 
375 223 339 
129 210 148 
153 339 124 
483 82 439 
82 28 333 
152 233 292 
194 54 148 
493 400 397 
411 248 369 
170 307 10 
326 101 442 
64 87 303 
479 373 371 
343 255 383 
388 365 427 
392 322 355 
266 263 458 
436 495 90 
252 73 396 
17 40 430 
135 434 6 
115 438 155 
157 13 290 
445 378 409 
8 101 332 
176 427 462 
242 349 467 
270 57 431 
175 182 353 
326 15 213 
391 17 240 
433 119 362 
156 443 283 
63 68 125 
384 458 473 
229 99 360 
435 252 373 
90 208 476 
104 312 224 
288 60 295 
191 171 226 
283 216 84 
24 14 481 
68 119 276 
296 5 287 
116 384 276 
116 80 259 
323 450 218 
269 114 454 
407 233 335 
316 12 23 
412 209 395 
272 321 135 
459 15 247 
336 454 111 
237 396 301 
55 57 43 
241 458 483 
154 261 102 
435 323 399 
118 384 76 
313 329 254 
277 230 63 
41 258 230 
160 403 375 
278 160 237 
23 352 261 
285 192 43 
124 360 25 
83 83 251 
68 89 400 
424 135 239 
423 385 485 
75 227 347 
5 305 478 
453 46 191 
392 444 452 
457 153 475 
372 353 174 
162 151 401 
228 407 11 
45 471 5 
142 316 435 
211 193 64 
440 477 274 
66 347 4 
467 359 146 
116 342 484 
393 108 422 
92 180 340 
303 282 453 
358 311 342 
302 452 385 
110 100 339 
354 26 79 
74 435 232 
246 189 162 
354 27 339 
486 397 248 
311 302 136 
305 316 291 
66 242 129 
29 493 158 
261 399 340 
86 310 227 
80 291 346 
157 227 146 
79 493 41 
78 99 168 
24 378 92 
188 64 134 
437 257 121 
63 79 87 
186 118 128 
18 394 60 
334 292 224 
481 256 176 
423 25 326 
250 168 444 
230 24 374 
362 280 121 
393 158 54 
437 167 136 
381 456 248 
255 205 256 
152 436 367 
53 431 257 
117 124 324 
26 182 428 
207 481 390 
301 42 26 
142 456 391 
250 188 385 
289 450 178 
264 108 452 
447 438 482 
41 288 335 
284 438 310 
121 483 212 
245 111 157 
240 485 65 
168 377 139 
166 45 293 
104 183 69 
91 46 75 
314 158 44 
103 381 135 
177 357 425 
416 141 90 
226 101 96 
348 359 130 
84 206 96 
247 113 405 
448 412 324 
77 45 160 
434 206 121 
56 7 469 
23 2 331 
267 43 152 
3 156 247 
244 45 326 
101 426 195 
253 6 328 
415 115 276 
394 209 109 
152 53 105 
68 402 227 
383 354 130 
274 249 10 
257 390 352 
75 57 93 
483 285 234 
368 410 281 
382 168 67 
239 168 360 
379 359 194 
87 211 70 
360 78 57 
163 93 147 
435 220 69 
437 96 286 
212 452 283 
250 459 109 
420 124 433 
339 349 90 
313 146 290 
453 231 324 
425 262 237 
174 318 92 
396 69 374 
387 136 350 
103 427 52 
81 204 475 
40 189 47 
328 493 213 
245 274 63 
318 454 493 
155 210 438 
418 114 19 
384 389 411 
116 245 131 
473 32 209 
16 190 276 
211 479 4 
271 362 470 
404 338 244 
65 141 243 
422 348 243 
51 79 149 
142 440 332 
81 43 248 
333 486 281 
296 105 14 
292 45 483 
131 128 112 
44 458 89 
50 6 127 
68 111 212 
398 21 400 
147 492 43 
393 294 109 
338 161 285 
70 340 281 
81 237 4 
111 40 225 
327 415 335 
3 388 481 
234 350 364 
446 379 371 
487 194 15 
258 318 403 
34 185 98 
499 178 99 
337 392 379 
12 141 389 
7 271 22 
349 53 67 
426 175 212 
236 132 226 
202 14 80 
288 482 239 
291 70 171 
353 358 70 
263 379 213 
332 469 233 
211 144 155 
104 185 77 
471 136 229 
81 304 232 
389 248 114 
392 396 345 
232 159 49 
325 375 312 
258 35 428 
160 288 122 
225 238 134 
305 68 469 
64 212 181 
423 203 57 
100 119 382 
290 384 17 
271 439 6 
19 473 404 
441 464 306 
76 194 61 
54 397 80 
59 287 108 
347 484 90 
190 407 284 
127 260 389 
315 376 472 
394 457 398 
424 391 257 
414 401 156 
455 154 362 
124 46 398 
302 290 202 
208 29 284 
356 112 46 
53 74 324 
486 237 66 
3 165 181 
392 72 254 
388 460 465 
105 90 98 
179 285 50 
0 196 165 
147 114 467 
412 113 449 
125 376 419 
266 417 4 
419 400 431 
6 361 217 
304 360 220 
157 118 267 
273 400 332 
82 345 358 
98 153 275 
158 59 121 
465 340 310 
457 429 56 
367 436 268 
75 171 298 
426 173 328 
65 143 282 
420 192 106 
95 332 83 
41 32 42 
382 130 131 
148 465 305 
28 363 289 
287 380 135 
487 387 49 
132 374 171 
20 111 219 
482 350 25 
323 249 209 
393 221 440 
278 104 189 
120 53 194 
158 459 141 
115 483 144 
70 366 254 
104 425 197 
289 438 458 
321 261 32 
329 26 333 
290 59 171 
181 489 485 
77 410 20 
339 69 229 
455 479 412 
467 254 29 
326 7 372 
183 255 496 
298 78 99 
