1000
3
366 70 143 
265 473 128 
418 214 235 
154 46 184 
231 203 59 
301 233 483 
176 21 441 
312 287 166 
125 279 433 
237 261 362 
66 77 306 
493 302 204 
60 237 137 
366 321 121 
85 104 268 
103 297 250 
279 487 260 
89 321 167 
52 344 87 
339 115 179 
258 82 85 
345 2 370 
25 363 215 
228 469 230 
333 119 419 
462 186 27 
434 226 171 
111 198 111 
259 256 469 
244 314 493 
155 313 409 
383 449 116 
48 411 366 
406 393 127 
7 171 11 
334 261 184 
320 103 318 
238 103 304 
480 268 126 
202 470 155 
148 329 313 
41 107 223 
202 459 198 
258 339 273 
254 197 303 
388 27 148 
128 4 106 
196 344 432 
425 366 192 
130 415 45 
186 16 18 
63 297 473 
151 269 359 
418 301 399 
55 220 111 
119 412 146 
164 210 111 
16 41 269 
177 16 162 
385 121 370 
149 258 289 
24 248 63 
171 403 222 
298 465 224 
266 144 494 
23 343 79 
127 137 284 
336 293 122 
240 102 196 
61 346 413 
55 325 492 
164 417 42 
270 68 96 
337 475 113 
175 49 431 
431 256 246 
367 459 20 
228 321 186 
229 153 148 
391 315 348 
93 185 30 
89 469 307 
332 87 24 
3 190 121 
178 2 234 
454 205 141 
289 121 498 
395 302 363 
369 243 224 
84 288 405 
132 392 23 
230 59 212 
288 463 210 
26 314 356 
471 137 232 
421 386 191 
176 458 137 
156 404 489 
258 387 382 
421 43 473 
220 355 143 
166 364 40 
400 156 459 
193 201 408 
444 242 242 
140 468 251 
214 147 304 
286 333 23 
138 35 196 
408 81 318 
159 87 41 
85 345 242 
344 110 19 
31 80 56 
31 132 161 
279 135 194 
94 483 291 
351 88 37 
196 322 36 
48 303 269 
70 142 414 
57 178 180 
150 387 471 
398 343 384 
463 164 484 
67 87 101 
143 238 475 
37 437 114 
2 246 370 
69 324 460 
396 231 1 
251 446 25 
492 35 326 
177 64 198 
96 206 131 
378 110 157 
96 341 296 
378 479 157 
435 272 472 
194 47 264 
212 276 163 
349 310 347 
218 62 466 
442 416 321 
249 239 286 
303 444 4 
111 381 486 
287 44 137 
236 84 178 
87 112 165 
351 479 276 
327 39 416 
293 488 462 
180 148 489 
389 442 160 
160 173 126 
15 497 415 
131 147 166 
125 27 269 
9 394 328 
348 434 58 
194 327 493 
45 99 458 
319 271 470 
147 437 40 
169 339 279 
430 178 287 
94 484 460 
228 412 385 
216 55 141 
118 122 210 
103 145 22 
193 99 197 
143 272 495 
111 274 115 
297 498 146 
332 258 95 
425 56 57 
179 356 81 
379 195 319 
176 330 11 
287 160 430 
263 49 107 
380 322 471 
317 155 292 
91 230 481 
131 200 80 
66 466 470 
119 309 347 
462 326 476 
259 110 271 
346 81 323 
383 444 488 
128 284 56 
473 184 499 
154 181 373 
138 470 35 
64 455 487 
222 297 135 
114 338 234 
91 78 326 
312 289 244 
179 47 267 
237 256 208 
184 123 166 
237 436 365 
449 336 327 
342 57 417 
153 157 359 
282 345 312 
5 358 52 
263 186 145 
461 257 314 
330 96 328 
311 183 224 
138 328 291 
466 148 55 
24 108 479 
325 243 22 
63 285 153 
240 144 440 
335 317 9 
85 457 292 
463 102 325 
182 330 101 
34 75 480 
188 298 150 
318 0 41 
245 217 17 
232 334 386 
389 333 237 
225 66 27 
165 93 6 
308 437 444 
258 312 260 
123 75 426 
158 109 293 
17 456 437 
393 331 127 
282 443 449 
380 262 65 
88 303 315 
204 290 262 
303 369 403 
412 456 231 
10 476 35 
91 293 72 
97 48 48 
260 463 359 
70 141 392 
360 233 274 
427 459 493 
494 295 225 
95 482 6 
274 156 454 
381 56 479 
424 330 215 
453 426 245 
417 128 262 
269 429 367 
243 403 263 
329 478 412 
330 244 335 
116 15 347 
178 28 429 
224 446 25 
171 428 250 
439 30 400 
47 48 384 
309 138 259 
66 16 26 
493 33 496 
230 31 466 
425 161 186 
391 494 335 
375 35 259 
445 271 389 
109 76 431 
448 204 443 
118 360 458 
71 420 320 
270 90 260 
438 480 40 
410 187 389 
420 302 44 
426 475 108 
166 273 234 
472 289 177 
363 146 169 
220 111 476 
126 368 135 
262 127 365 
245 171 77 
29 109 58 
282 446 9 
382 200 382 
203 114 40 
46 162 314 
217 29 247 
476 450 287 
458 349 217 
346 417 143 
369 189 341 
190 279 400 
189 442 441 
489 140 200 
272 164 163 
435 444 475 
323 31 242 
212 433 17 
317 343 5 
213 254 288 
72 435 407 
139 158 322 
48 444 432 
396 390 346 
336 300 499 
184 55 85 
494 18 472 
11 83 110 
199 104 392 
327 199 177 
181 144 421 
228 398 353 
331 358 55 
178 486 478 
380 289 293 
280 194 31 
90 281 58 
292 306 360 
2 1 33 
446 154 246 
432 491 258 
427 60 117 
249 380 440 
158 389 98 
203 17 454 
166 259 458 
301 481 302 
163 5 58 
271 340 388 
435 49 99 
279 334 305 
389 244 4 
426 225 200 
333 182 282 
346 271 135 
17 343 446 
331 37 204 
353 30 270 
265 54 159 
114 224 144 
318 227 51 
118 217 31 
39 361 465 
37 391 266 
0 395 273 
326 45 425 
280 307 253 
270 442 367 
21 20 40 
178 273 2 
460 365 231 
241 363 178 
413 255 89 
354 22 28 
130 349 303 
336 367 158 
47 143 242 
482 315 479 
83 269 212 
375 185 152 
309 89 193 
497 98 262 
177 22 464 
95 168 484 
68 76 258 
12 194 150 
260 351 195 
73 146 272 
116 498 301 
228 120 224 
316 358 184 
274 410 73 
149 182 323 
257 94 442 
213 454 149 
275 137 393 
85 95 59 
354 227 212 
363 103 373 
247 158 54 
3 155 449 
486 97 89 
252 468 490 
85 84 105 
296 89 255 
61 340 110 
301 326 269 
301 349 163 
109 447 1 
493 476 260 
491 271 198 
287 132 410 
116 163 179 
403 307 179 
488 373 81 
14 287 457 
48 257 89 
173 129 11 
474 133 46 
432 92 268 
129 215 111 
170 221 485 
134 284 166 
39 447 318 
117 63 191 
89 490 139 
325 297 183 
328 221 380 
110 418 373 
133 446 17 
416 65 91 
103 399 420 
40 498 417 
50 442 441 
11 368 440 
438 189 317 
122 380 364 
173 179 195 
457 61 471 
88 335 322 
213 115 157 
33 338 441 
219 404 267 
271 379 131 
9 117 15 
333 284 388 
199 297 129 
75 129 114 
377 13 282 
31 152 387 
223 329 391 
474 12 399 
314 147 110 
471 130 143 
203 326 286 
88 229 427 
173 233 271 
361 176 166 
416 424 110 
419 434 101 
74 379 270 
202 280 82 
424 302 493 
347 233 449 
84 496 349 
53 422 309 
303 343 298 
496 487 81 
322 480 228 
350 452 481 
355 133 452 
74 364 256 
255 318 476 
456 340 489 
364 477 487 
260 345 275 
0 332 481 
67 381 15 
214 286 264 
85 102 277 
112 470 440 
42 87 130 
233 107 118 
51 358 139 
281 439 494 
15 405 317 
176 283 428 
361 189 271 
377 104 464 
10 237 346 
186 208 206 
392 209 272 
130 274 236 
432 235 277 
278 193 83 
51 300 260 
212 291 64 
23 423 29 
453 262 5 
0 261 374 
114 42 99 
16 261 217 
414 315 361 
218 350 170 
216 112 210 
197 15 256 
342 31 390 
324 243 114 
60 251 173 
85 142 430 
290 430 29 
249 234 480 
351 306 431 
102 261 287 
498 70 135 
455 451 35 
244 370 3 
477 328 50 
396 12 92 
471 319 19 
53 368 277 
138 353 468 
227 409 415 
14 93 243 
330 8 189 
100 329 232 
38 406 62 
78 348 46 
250 278 159 
481 458 318 
373 417 392 
116 344 427 
407 382 181 
474 156 227 
190 369 146 
13 203 275 
3 189 82 
168 278 383 
216 421 208 
164 408 385 
322 147 191 
310 236 23 
346 175 426 
107 417 0 
188 151 476 
348 347 367 
472 336 47 
366 419 176 
8 445 405 
487 102 492 
456 256 121 
314 335 187 
437 84 127 
263 495 107 
398 58 373 
279 482 404 
25 293 11 
246 474 257 
229 402 226 
69 361 439 
352 157 477 
330 298 75 
399 152 95 
413 7 416 
200 323 110 
257 52 295 
40 81 303 
147 157 154 
263 388 208 
258 258 482 
280 242 25 
385 349 99 
390 11 63 
48 434 412 
254 108 256 
58 371 265 
1 371 122 
431 77 269 
297 99 28 
29 324 488 
304 472 219 
119 431 166 
123 91 72 
133 104 207 
161 58 125 
365 376 468 
45 485 401 
2 473 250 
284 376 296 
53 128 314 
366 472 123 
407 438 446 
93 136 355 
166 20 369 
158 34 50 
479 331 357 
443 69 449 
157 430 213 
263 38 203 
111 434 450 
418 87 425 
450 19 372 
189 385 486 
305 17 188 
179 324 265 
45 56 307 
243 266 158 
402 39 294 
0 136 302 
284 306 118 
482 40 192 
314 489 250 
93 73 363 
94 195 31 
225 101 284 
321 404 391 
434 365 119 
386 196 306 
115 20 97 
87 357 250 
254 309 481 
151 248 405 
338 288 180 
73 289 357 
349 155 144 
105 316 20 
312 8 29 
38 150 479 
189 445 340 
342 440 165 
420 329 103 
229 375 72 
124 121 420 
480 357 97 
350 87 102 
81 296 69 
278 169 345 
285 186 270 
445 439 462 
112 75 288 
440 204 255 
137 491 261 
235 14 226 
294 291 74 
39 103 235 
123 71 453 
75 187 130 
169 306 58 
183 189 38 
156 50 222 
191 236 371 
498 34 138 
488 358 86 
282 443 104 
256 78 350 
34 268 378 
460 434 488 
252 437 291 
48 218 57 
383 483 169 
69 275 293 
211 287 388 
498 105 82 
390 244 111 
363 198 89 
332 475 382 
73 220 469 
398 363 93 
370 247 274 
262 36 131 
150 145 16 
84 161 483 
314 101 258 
104 420 59 
476 250 354 
105 20 360 
185 484 265 
52 473 139 
236 380 430 
414 301 5 
212 86 485 
438 471 91 
6 420 182 
115 477 176 
494 368 291 
175 108 433 
364 219 57 
487 477 430 
22 374 344 
222 408 403 
97 460 420 
372 267 159 
233 130 122 
282 428 72 
345 150 481 
30 305 489 
452 290 105 
31 46 479 
56 79 343 
410 465 252 
144 494 406 
362 434 41 
361 244 102 
305 94 303 
196 73 365 
12 412 155 
477 425 220 
396 296 113 
364 400 211 
443 243 285 
445 256 155 
175 23 488 
377 316 29 
480 350 162 
161 490 346 
170 202 408 
320 249 168 
98 438 10 
271 138 124 
23 162 433 
3 37 139 
420 53 115 
136 178 268 
418 52 285 
190 403 105 
457 282 118 
342 20 452 
340 230 236 
376 477 188 
384 113 455 
200 269 12 
247 19 290 
208 465 23 
407 460 379 
391 70 470 
171 239 188 
268 266 351 
82 108 186 
66 221 0 
381 57 384 
248 156 406 
313 448 414 
465 4 430 
245 270 399 
162 419 205 
323 237 179 
154 84 315 
123 52 84 
457 57 265 
314 15 394 
272 303 8 
147 68 486 
8 44 473 
200 51 392 
42 103 280 
130 126 244 
307 117 219 
384 469 411 
208 40 62 
264 459 285 
146 159 460 
207 49 467 
349 343 436 
71 124 196 
286 108 426 
446 263 15 
126 369 461 
199 182 217 
364 86 62 
168 96 416 
311 310 383 
186 406 78 
244 216 34 
421 76 200 
188 474 171 
419 119 105 
127 431 305 
102 106 97 
350 191 370 
98 83 318 
114 392 122 
173 263 457 
20 410 304 
126 351 159 
196 435 443 
252 311 469 
305 368 0 
50 460 107 
198 45 324 
497 409 329 
32 17 16 
424 59 228 
290 368 196 
1 426 378 
371 71 331 
112 64 29 
181 392 111 
398 170 204 
422 236 186 
497 472 60 
70 400 326 
220 163 104 
120 334 331 
385 116 177 
277 79 363 
41 255 182 
191 320 41 
122 410 132 
257 160 234 
429 469 104 
493 11 193 
371 259 469 
82 496 454 
481 276 54 
78 8 449 
25 235 110 
351 294 408 
215 164 150 
398 409 428 
392 102 334 
328 434 80 
486 94 25 
249 407 278 
473 484 45 
104 448 289 
273 347 309 
450 29 170 
180 448 349 
170 209 370 
106 369 198 
413 419 310 
280 221 159 
9 244 19 
154 446 414 
320 151 366 
279 213 243 
2 393 241 
339 157 136 
421 38 325 
130 427 410 
290 250 148 
157 143 233 
247 459 342 
270 305 430 
214 20 271 
35 492 419 
7 80 123 
0 384 268 
385 254 313 
54 288 233 
21 266 273 
474 9 418 
312 21 119 
113 225 456 
28 14 107 
245 176 136 
88 152 441 
147 13 383 
418 75 476 
117 499 204 
48 246 487 
477 404 196 
181 167 193 
297 65 154 
121 197 86 
272 293 295 
9 374 71 
441 161 184 
133 368 488 
204 23 266 
343 242 227 
346 162 464 
84 306 365 
124 372 148 
196 97 152 
15 369 31 
274 386 191 
230 405 355 
297 398 474 
254 70 304 
450 349 449 
131 389 284 
390 158 221 
10 48 298 
419 302 93 
300 368 64 
215 27 296 
176 21 80 
350 286 307 
119 428 109 
375 259 481 
245 250 107 
16 488 114 
256 275 192 
94 395 370 
203 195 487 
342 385 278 
36 431 307 
25 95 26 
361 55 422 
472 65 292 
460 128 64 
360 78 494 
398 159 313 
66 154 103 
328 148 300 
275 139 151 
434 174 54 
174 418 72 
216 393 42 
339 299 193 
55 148 52 
450 404 253 
280 155 107 
93 494 114 
130 128 170 
129 368 477 
63 281 223 
45 237 281 
365 493 314 
195 427 356 
118 135 50 
13 102 245 
422 104 13 
126 126 187 
311 207 325 
231 51 194 
235 65 492 
325 19 32 
37 57 421 
493 134 411 
137 103 123 
227 242 21 
135 279 86 
457 245 451 
67 202 127 
480 411 294 
185 126 21 
146 174 411 
7 264 118 
141 225 404 
35 379 16 
175 226 137 
228 388 422 
182 436 472 
333 159 119 
62 338 43 
428 200 66 
93 371 161 
24 251 119 
435 265 489 
313 209 254 
122 443 343 
431 471 39 
43 8 412 
351 377 219 
158 489 374 
21 370 427 
285 40 384 
332 197 422 
393 67 119 
400 206 102 
193 262 295 
324 85 494 
219 307 462 
288 34 396 
5 344 466 
329 379 220 
410 149 225 
361 223 188 
460 182 180 
250 215 360 
124 94 4 
164 251 293 
497 143 369 
149 401 119 
389 359 142 
88 37 91 
388 386 92 
126 0 271 
489 312 119 
453 214 366 
20 445 473 
251 269 115 
306 287 345 
162 268 123 
443 424 191 
476 358 367 
355 160 6 
312 482 374 
130 101 314 
375 173 401 
445 241 252 
443 271 433 
349 392 128 
145 362 183 
180 359 57 
0 405 278 
196 118 30 
7 45 269 
297 401 100 
354 26 413 
476 18 475 
464 440 103 
330 390 196 
243 385 113 
285 454 214 
309 186 299 
