1000
3
195 448 279 
378 57 455 
121 342 307 
161 11 327 
89 72 213 
443 282 365 
112 192 280 
475 334 112 
78 248 277 
130 362 85 
116 9 401 
29 23 462 
60 246 470 
124 300 228 
183 199 499 
487 93 204 
78 68 244 
425 11 485 
18 342 32 
14 331 420 
441 203 470 
451 228 154 
333 421 303 
271 332 446 
184 413 41 
235 281 253 
59 24 129 
249 440 255 
12 34 205 
362 199 178 
39 425 132 
409 260 164 
193 189 273 
292 95 57 
434 365 139 
247 58 385 
372 45 214 
360 377 429 
213 67 331 
430 15 256 
414 287 367 
200 385 284 
354 212 483 
19 130 291 
70 148 4 
108 364 66 
211 379 237 
374 42 106 
200 228 485 
442 116 341 
11 157 94 
174 324 198 
314 290 254 
284 236 355 
142 81 102 
320 123 211 
376 111 6 
106 291 130 
0 181 250 
185 209 269 
47 322 65 
376 87 166 
130 179 306 
348 494 455 
18 171 223 
215 126 101 
26 139 158 
402 4 442 
398 192 44 
493 460 17 
233 123 8 
215 494 209 
184 289 161 
199 273 322 
318 82 289 
267 15 309 
198 91 353 
247 147 270 
281 55 206 
100 8 274 
494 111 356 
271 364 471 
85 72 338 
467 9 18 
375 157 317 
15 422 32 
24 467 10 
218 497 231 
239 260 217 
132 279 354 
2 245 116 
367 344 36 
177 202 11 
478 408 381 
38 103 432 
111 43 228 
493 201 435 
441 354 106 
449 439 369 
219 191 266 
274 450 150 
41 445 243 
308 327 73 
437 131 210 
448 119 92 
259 89 350 
17 296 98 
87 164 166 
10 455 194 
480 26 428 
253 21 389 
124 235 266 
186 356 271 
44 3 206 
217 8 220 
420 50 238 
241 480 434 
384 420 394 
191 203 323 
273 247 325 
222 418 26 
9 126 52 
457 161 59 
381 291 394 
303 454 330 
65 312 380 
150 31 159 
299 363 255 
140 205 416 
52 108 324 
353 358 8 
218 221 390 
372 74 329 
265 127 231 
50 166 398 
405 113 248 
77 100 130 
148 157 485 
471 173 93 
265 367 465 
452 76 307 
491 194 195 
371 139 331 
190 294 418 
91 41 477 
445 494 271 
243 65 71 
216 55 363 
134 392 2 
386 49 21 
172 430 181 
14 309 61 
157 326 257 
389 451 188 
137 165 178 
433 484 372 
393 252 499 
448 414 119 
370 309 387 
450 157 239 
421 17 214 
22 379 152 
332 271 72 
6 277 276 
376 232 297 
308 149 431 
115 122 266 
341 470 54 
353 21 421 
242 262 61 
291 330 32 
290 39 206 
20 363 107 
66 109 344 
296 324 251 
118 494 353 
308 320 22 
318 456 268 
102 274 453 
172 165 145 
281 452 20 
250 448 484 
65 206 165 
163 206 160 
16 496 302 
428 362 138 
409 356 50 
283 17 495 
458 386 186 
40 429 377 
42 108 82 
278 17 92 
38 450 53 
401 259 197 
462 95 367 
129 19 229 
267 316 297 
455 145 405 
24 74 201 
415 7 377 
55 107 328 
385 211 29 
190 370 497 
13 84 405 
81 295 499 
390 136 431 
243 83 13 
401 442 376 
250 246 219 
479 82 216 
315 432 432 
211 474 145 
467 428 314 
355 290 440 
192 236 419 
474 48 242 
455 247 445 
274 400 227 
229 254 244 
17 89 397 
282 223 198 
125 211 284 
350 399 243 
51 401 347 
9 24 58 
383 301 63 
173 357 30 
405 119 474 
137 487 50 
378 61 299 
144 62 391 
114 59 128 
38 468 339 
245 481 421 
351 491 146 
497 258 146 
315 208 482 
425 447 376 
112 182 418 
482 332 106 
382 3 318 
112 79 279 
422 242 454 
311 284 125 
271 192 213 
162 304 73 
419 328 66 
279 452 186 
486 333 111 
435 17 50 
255 408 278 
469 32 164 
449 384 480 
266 358 38 
183 124 355 
135 375 52 
247 39 331 
399 68 234 
387 134 84 
367 341 85 
52 64 496 
76 314 367 
19 278 13 
231 412 380 
287 432 238 
42 335 478 
196 381 93 
345 269 109 
115 187 173 
423 497 127 
279 292 49 
489 342 408 
258 18 485 
481 228 158 
210 485 97 
218 350 110 
26 257 332 
490 208 399 
368 491 190 
396 253 448 
397 412 135 
87 139 443 
449 318 189 
0 475 434 
216 51 163 
379 419 236 
431 214 28 
492 407 134 
476 426 14 
88 1 399 
268 78 243 
427 82 355 
403 448 266 
253 72 89 
417 57 299 
172 158 460 
267 113 429 
288 377 103 
323 85 495 
478 177 30 
268 459 24 
124 236 47 
376 292 299 
206 96 6 
427 497 34 
242 208 120 
36 256 462 
309 312 37 
74 186 205 
48 167 238 
71 447 368 
411 237 397 
24 97 109 
466 385 295 
128 375 113 
458 224 177 
107 46 148 
385 371 413 
92 257 46 
233 203 285 
437 295 250 
216 435 1 
386 272 362 
492 249 25 
83 461 213 
422 11 351 
462 13 448 
460 155 397 
396 237 197 
159 320 64 
216 47 272 
168 179 341 
383 68 215 
118 419 133 
327 280 75 
294 295 75 
369 362 415 
296 391 33 
44 379 445 
72 310 304 
302 147 173 
15 229 81 
302 438 319 
8 276 233 
326 219 9 
108 296 353 
259 324 46 
99 293 415 
244 445 91 
116 92 23 
97 52 143 
131 153 355 
231 344 75 
490 435 436 
418 328 44 
75 45 281 
18 465 256 
427 463 383 
98 405 228 
379 65 147 
67 461 132 
343 332 374 
388 282 264 
342 42 242 
187 50 245 
80 361 377 
429 95 466 
488 363 451 
168 402 11 
237 166 409 
441 280 398 
207 389 165 
411 81 371 
24 38 482 
186 198 351 
413 184 243 
93 0 227 
41 382 173 
123 364 144 
439 141 458 
334 142 144 
7 419 480 
18 201 30 
432 337 13 
73 85 477 
442 428 237 
491 199 495 
476 152 221 
228 224 49 
471 480 2 
138 357 88 
34 221 133 
340 77 132 
260 63 280 
211 318 199 
186 277 193 
12 274 31 
192 412 107 
184 113 327 
420 344 55 
0 396 187 
90 20 281 
304 285 125 
373 143 382 
216 267 368 
398 369 298 
156 316 165 
424 155 144 
171 346 407 
366 234 119 
396 56 439 
433 468 245 
22 79 470 
251 284 145 
43 339 252 
90 417 10 
262 472 116 
155 98 491 
343 305 405 
331 365 407 
432 356 402 
159 382 440 
380 221 83 
352 454 107 
86 421 152 
443 499 70 
93 432 368 
210 262 6 
267 247 72 
278 282 142 
130 278 10 
307 241 59 
260 2 393 
399 341 496 
437 298 410 
148 342 117 
42 361 468 
438 328 40 
351 381 376 
16 349 347 
13 258 222 
321 445 392 
93 144 242 
106 466 363 
82 111 34 
27 42 486 
193 18 71 
184 443 491 
62 495 421 
111 82 398 
387 97 111 
180 465 61 
126 307 419 
114 92 25 
22 321 485 
81 449 194 
499 436 12 
66 484 284 
121 484 341 
235 1 189 
71 273 273 
119 176 111 
378 325 240 
496 494 402 
326 434 483 
285 202 346 
483 144 493 
70 197 228 
44 367 194 
408 106 195 
114 335 29 
185 244 461 
452 160 211 
371 494 423 
439 382 431 
434 63 186 
158 318 163 
252 483 7 
362 162 235 
111 155 7 
16 119 250 
117 235 118 
47 312 378 
490 210 85 
30 172 321 
297 32 12 
43 401 411 
102 66 438 
418 143 389 
474 217 162 
256 13 268 
264 224 3 
401 392 166 
386 222 286 
36 340 16 
495 289 144 
24 37 471 
230 7 4 
75 314 353 
123 164 9 
250 338 351 
383 70 486 
172 296 383 
156 230 89 
398 484 450 
408 250 336 
74 457 45 
212 55 265 
181 185 366 
89 78 471 
184 423 498 
486 107 187 
50 464 269 
265 37 52 
74 45 244 
462 10 485 
138 211 396 
343 20 154 
67 9 144 
265 388 478 
242 354 241 
3 98 337 
61 324 267 
143 44 210 
396 169 454 
416 32 487 
89 94 258 
268 72 294 
56 171 267 
20 491 69 
28 21 168 
269 227 335 
33 121 115 
79 306 270 
214 111 99 
332 247 140 
52 477 191 
305 384 184 
113 175 435 
442 451 108 
115 67 351 
499 154 39 
378 189 107 
69 249 350 
174 246 201 
271 125 115 
465 368 114 
28 103 268 
279 109 460 
177 126 475 
167 29 21 
164 336 194 
241 109 226 
58 260 185 
413 32 284 
458 442 191 
156 243 351 
233 290 245 
431 127 443 
492 240 252 
384 111 294 
109 126 89 
447 133 164 
242 138 449 
56 352 350 
265 184 467 
373 139 472 
229 237 378 
258 228 386 
288 140 450 
289 12 82 
82 258 454 
164 160 481 
289 481 495 
440 140 311 
352 17 130 
277 80 238 
247 311 39 
387 87 240 
96 291 421 
19 177 36 
106 468 487 
137 446 341 
223 57 332 
89 136 394 
429 318 236 
284 214 92 
150 305 215 
314 47 46 
72 356 38 
348 315 34 
338 32 209 
1 439 80 
146 264 360 
300 301 243 
295 214 353 
43 184 195 
41 185 317 
30 370 494 
207 142 318 
52 301 219 
222 187 162 
182 345 234 
29 447 193 
345 369 233 
148 397 295 
118 308 204 
444 288 387 
148 8 332 
449 26 485 
61 399 353 
322 269 194 
377 455 341 
379 43 410 
311 310 137 
456 89 273 
176 142 83 
73 16 84 
58 293 344 
91 45 196 
205 43 458 
66 194 388 
234 66 128 
478 149 222 
388 233 94 
188 110 459 
275 13 459 
148 197 194 
283 384 398 
146 305 191 
227 255 410 
331 382 440 
469 88 79 
192 412 440 
495 270 292 
279 309 16 
338 136 51 
51 323 186 
20 425 294 
4 494 202 
209 44 140 
197 310 452 
467 227 159 
441 194 298 
10 52 450 
111 371 275 
283 498 376 
77 126 207 
492 96 440 
223 163 12 
162 254 102 
73 434 491 
298 205 365 
150 484 76 
283 412 320 
393 283 498 
323 258 338 
42 324 329 
143 94 309 
233 385 299 
396 320 457 
156 212 62 
74 253 279 
472 379 41 
83 236 92 
268 192 153 
221 406 310 
31 9 67 
406 251 294 
19 315 134 
271 127 428 
460 3 323 
177 84 496 
199 167 376 
337 405 453 
74 316 8 
165 26 365 
451 424 203 
51 206 374 
41 344 406 
138 262 382 
361 34 120 
345 72 123 
339 404 9 
276 384 231 
148 333 421 
154 378 435 
418 201 134 
415 45 162 
11 80 214 
257 296 489 
58 113 158 
41 280 498 
133 82 82 
230 410 1 
338 282 69 
204 126 48 
416 474 488 
384 253 229 
2 272 294 
429 78 327 
119 89 237 
94 2 334 
348 434 169 
372 282 102 
323 170 265 
122 113 306 
181 312 394 
426 71 51 
7 46 338 
302 438 32 
109 201 317 
286 96 95 
37 366 101 
118 344 131 
454 364 112 
344 69 402 
158 287 229 
404 242 456 
449 416 437 
71 24 452 
253 153 259 
164 210 195 
306 5 318 
186 269 381 
230 239 431 
11 157 237 
322 226 43 
430 127 470 
466 370 209 
395 273 444 
84 395 69 
264 223 126 
376 1 400 
480 494 340 
341 332 232 
209 104 181 
329 431 168 
359 84 344 
214 403 327 
458 439 295 
82 189 216 
97 495 333 
199 298 237 
368 81 120 
129 110 342 
270 113 265 
454 440 346 
165 219 144 
289 488 250 
11 433 135 
162 312 496 
225 453 158 
26 112 282 
337 28 11 
206 233 195 
167 342 228 
394 179 349 
98 114 214 
435 17 51 
71 8 302 
12 361 364 
379 15 493 
137 280 236 
122 116 246 
350 439 274 
307 151 268 
250 460 441 
350 240 405 
457 413 440 
211 301 61 
84 480 143 
221 52 411 
472 325 16 
130 191 337 
241 34 146 
444 130 274 
11 167 311 
233 44 307 
19 482 97 
227 154 69 
272 437 309 
257 315 213 
318 316 278 
168 237 104 
396 111 77 
40 52 21 
190 186 377 
457 307 237 
270 286 67 
81 96 153 
437 204 442 
209 32 172 
348 175 270 
199 241 79 
445 281 259 
55 312 424 
492 375 81 
330 266 499 
220 212 104 
322 480 238 
364 224 381 
243 481 202 
108 287 382 
389 72 436 
498 453 151 
34 79 249 
131 47 327 
73 183 260 
217 456 268 
442 425 200 
469 485 231 
454 170 235 
168 439 2 
84 196 441 
264 73 476 
139 416 460 
474 118 140 
288 303 269 
61 406 280 
484 429 416 
173 43 406 
118 473 373 
200 51 128 
314 393 173 
484 110 318 
273 123 417 
359 333 2 
240 288 148 
322 181 147 
166 173 375 
41 305 132 
448 428 340 
172 192 283 
131 376 327 
358 384 452 
304 346 217 
316 27 221 
186 308 109 
35 378 484 
293 464 14 
197 445 166 
406 327 407 
35 129 454 
40 448 228 
380 160 297 
242 493 128 
376 103 177 
268 310 183 
387 431 13 
119 412 202 
477 239 448 
491 142 398 
72 384 270 
343 80 411 
413 101 400 
199 137 387 
14 300 449 
119 136 277 
145 360 73 
196 387 489 
214 196 49 
465 149 171 
363 122 86 
14 414 60 
114 70 291 
307 25 177 
378 479 357 
158 315 183 
429 245 46 
477 220 3 
347 243 402 
23 85 384 
181 75 228 
81 358 478 
330 2 324 
58 39 344 
190 477 321 
94 56 97 
107 89 358 
409 158 142 
277 417 274 
390 172 390 
152 280 113 
266 369 183 
182 383 271 
174 245 370 
19 379 99 
36 41 156 
248 153 481 
105 97 221 
417 270 224 
308 217 20 
217 266 303 
317 2 140 
113 137 349 
118 224 316 
46 78 376 
190 480 41 
180 101 125 
230 97 162 
185 309 66 
483 153 90 
294 33 268 
150 305 6 
43 489 458 
82 443 475 
442 357 463 
122 55 141 
278 430 439 
300 418 408 
4 324 367 
156 265 207 
291 49 275 
344 26 239 
107 109 379 
353 243 7 
253 445 436 
314 56 358 
442 176 292 
145 12 403 
253 252 188 
432 293 218 
79 72 243 
279 54 489 
389 433 212 
249 205 341 
168 363 90 
121 471 278 
201 167 15 
184 14 322 
379 264 412 
48 442 433 
361 169 20 
244 321 3 
441 493 355 
363 401 257 
198 52 329 
226 322 379 
319 332 477 
111 232 277 
133 55 71 
133 384 494 
99 428 395 
483 231 4 
313 145 322 
43 456 138 
489 458 38 
225 186 489 
349 370 10 
128 349 12 
455 218 160 
22 441 460 
356 217 465 
160 129 81 
413 488 234 
354 175 283 
102 86 213 
252 444 34 
198 299 220 
39 3 337 
257 237 54 
395 467 147 
484 298 158 
393 338 130 
45 330 181 
496 146 412 
494 210 143 
363 21 400 
310 99 7 
441 22 298 
188 193 337 
34 47 328 
186 143 5 
399 92 294 
324 76 350 
103 484 64 
395 201 233 
332 358 44 
212 216 102 
458 408 258 
359 135 373 
442 88 231 
125 58 390 
410 91 83 
163 485 281 
161 441 288 
101 176 38 
156 474 191 
167 337 227 
357 309 12 
449 19 124 
473 296 265 
207 405 299 
289 466 268 
155 70 195 
152 59 458 
88 260 89 
16 334 221 
411 285 95 
