1000
3
215 97 318 
459 176 214 
433 200 30 
135 258 362 
228 44 222 
396 471 36 
320 387 12 
164 173 103 
162 337 336 
198 243 61 
265 81 481 
69 220 177 
117 198 357 
190 284 184 
134 136 423 
188 481 159 
281 267 66 
425 263 58 
385 60 411 
441 343 101 
58 104 215 
55 149 240 
141 461 67 
477 5 391 
394 36 141 
458 131 117 
362 138 136 
287 301 56 
461 151 232 
433 274 63 
379 258 133 
63 224 408 
499 230 59 
240 58 267 
215 207 43 
293 179 495 
265 66 217 
441 118 264 
213 455 97 
64 145 292 
214 47 37 
376 479 219 
337 302 320 
488 241 440 
205 222 217 
353 259 169 
193 451 337 
195 401 232 
49 190 489 
167 340 156 
461 127 303 
441 88 15 
473 151 431 
426 98 472 
416 44 237 
287 344 346 
30 22 347 
286 174 314 
392 450 444 
465 349 347 
178 164 289 
191 329 121 
460 432 354 
441 316 232 
307 411 446 
397 293 460 
117 122 220 
83 175 213 
169 4 437 
49 71 465 
206 331 338 
227 299 320 
245 207 422 
17 3 473 
349 252 29 
377 19 69 
283 105 58 
245 498 251 
432 499 473 
223 231 231 
467 47 91 
355 473 87 
32 110 1 
19 310 180 
40 84 234 
237 146 118 
474 131 488 
237 136 99 
246 80 275 
232 283 483 
187 117 122 
273 417 268 
471 336 124 
396 135 305 
18 81 17 
381 403 137 
45 47 187 
107 15 341 
431 499 158 
313 306 428 
275 151 170 
410 410 432 
391 21 255 
355 323 399 
422 198 449 
306 433 297 
371 430 151 
54 206 21 
370 168 315 
402 345 433 
241 84 72 
304 82 84 
142 445 229 
470 490 464 
97 395 450 
160 340 109 
492 380 412 
449 238 133 
153 294 218 
235 287 124 
483 398 314 
495 219 433 
72 473 458 
334 116 399 
124 238 233 
460 59 312 
45 209 368 
77 293 225 
140 138 389 
257 198 173 
453 417 440 
395 147 373 
184 355 272 
242 258 149 
107 297 392 
185 273 314 
233 26 4 
87 223 77 
333 452 163 
154 32 147 
360 75 152 
352 64 232 
336 195 71 
30 470 147 
258 316 42 
411 367 235 
136 108 472 
211 379 286 
394 119 494 
284 437 150 
45 178 433 
192 399 358 
420 437 448 
176 455 80 
226 427 331 
56 290 465 
409 433 173 
167 469 145 
49 482 420 
363 18 350 
265 268 117 
8 300 129 
260 63 331 
209 396 148 
484 320 48 
0 191 474 
259 192 457 
53 177 151 
59 98 395 
195 438 398 
110 305 427 
286 383 145 
443 334 397 
51 76 326 
414 99 252 
436 123 220 
296 424 184 
171 80 167 
369 136 330 
472 199 449 
16 340 166 
243 416 202 
23 375 483 
46 335 314 
137 43 273 
318 281 368 
261 4 401 
472 185 358 
178 126 319 
469 394 16 
241 225 369 
368 242 294 
430 126 446 
92 403 229 
30 171 238 
100 326 256 
84 109 384 
111 478 233 
154 401 274 
403 172 192 
335 247 404 
414 150 467 
78 199 311 
53 216 315 
412 16 74 
35 457 429 
267 385 36 
395 498 103 
35 286 153 
145 57 1 
40 119 357 
431 88 273 
227 100 246 
494 378 254 
47 224 294 
43 7 142 
179 166 368 
294 470 301 
277 86 461 
497 247 181 
82 413 159 
10 165 198 
417 60 183 
276 22 239 
447 247 70 
356 132 389 
245 388 201 
459 396 346 
382 159 466 
453 250 29 
250 89 466 
499 405 143 
190 387 52 
493 311 11 
269 161 218 
311 130 266 
455 59 280 
260 82 488 
103 453 319 
211 325 56 
76 437 305 
114 73 373 
125 0 348 
397 225 476 
323 32 309 
25 283 53 
277 46 119 
416 107 44 
326 170 273 
207 218 370 
438 166 182 
459 373 491 
267 110 389 
299 403 318 
395 199 294 
327 128 231 
210 231 490 
400 223 364 
188 414 173 
183 196 217 
179 402 37 
377 360 206 
9 100 251 
444 435 313 
99 437 242 
468 53 25 
396 379 192 
240 234 109 
84 337 225 
158 183 332 
489 358 189 
39 110 79 
70 282 97 
29 158 91 
65 189 456 
221 243 186 
76 285 315 
473 416 328 
260 164 458 
412 72 178 
44 469 62 
286 289 264 
397 405 492 
435 322 407 
243 92 153 
106 130 348 
265 237 438 
265 226 236 
57 239 121 
182 396 156 
415 276 5 
66 70 49 
478 102 465 
466 407 445 
203 293 423 
391 68 223 
494 105 396 
10 72 182 
345 365 406 
57 452 209 
95 82 35 
418 85 36 
62 368 10 
197 212 428 
449 139 205 
303 326 295 
270 485 19 
160 201 72 
78 334 8 
392 436 390 
261 439 263 
49 492 34 
319 13 69 
478 295 267 
164 377 384 
295 223 422 
16 249 199 
312 345 332 
60 287 99 
485 351 393 
76 310 173 
315 55 159 
382 148 321 
74 475 420 
437 99 283 
362 415 184 
89 64 196 
92 255 279 
336 399 435 
140 236 18 
438 195 387 
429 231 362 
216 408 229 
238 75 324 
57 0 305 
255 435 395 
70 170 400 
16 235 116 
10 208 284 
140 116 294 
336 62 140 
191 351 323 
384 238 378 
329 1 370 
363 117 75 
408 415 475 
369 156 293 
325 268 227 
168 203 364 
125 46 419 
439 157 121 
132 95 445 
310 204 395 
185 380 186 
38 137 415 
251 443 239 
95 208 137 
332 33 262 
395 343 320 
82 137 287 
64 212 447 
237 184 377 
78 109 447 
236 196 83 
47 78 31 
51 29 396 
368 82 88 
358 443 344 
464 443 80 
418 459 112 
456 298 404 
371 16 207 
484 268 196 
375 454 43 
428 342 426 
409 102 436 
387 222 439 
16 163 428 
275 112 284 
85 476 331 
68 2 415 
97 445 372 
175 293 199 
282 58 290 
216 325 158 
288 247 8 
425 339 172 
355 402 261 
159 234 425 
300 360 148 
293 287 136 
415 188 478 
439 207 183 
290 282 210 
109 223 19 
294 495 292 
168 295 274 
237 44 197 
144 445 226 
49 32 307 
136 284 306 
156 395 361 
128 467 398 
76 13 443 
33 389 419 
410 29 442 
470 271 121 
229 31 314 
315 334 334 
77 493 185 
462 55 100 
9 60 9 
204 172 152 
369 322 91 
88 58 303 
94 133 135 
340 166 131 
175 39 290 
345 274 270 
68 99 80 
19 341 370 
30 116 312 
406 242 480 
225 6 191 
168 244 72 
182 136 446 
291 473 446 
16 147 86 
354 128 88 
285 411 166 
0 386 290 
450 343 465 
393 483 417 
392 83 431 
39 323 415 
408 66 243 
242 149 101 
317 430 33 
209 376 314 
272 64 194 
316 451 488 
35 91 79 
178 347 297 
55 264 286 
100 79 495 
355 150 317 
349 442 379 
478 370 131 
129 222 414 
247 346 341 
229 306 304 
13 215 444 
157 241 191 
26 438 145 
323 152 128 
405 105 340 
127 404 442 
274 8 493 
16 115 21 
477 89 53 
111 300 83 
445 343 95 
70 216 225 
55 407 352 
443 399 63 
486 151 456 
471 46 277 
409 304 219 
276 483 118 
361 328 455 
191 153 172 
464 353 99 
13 257 376 
87 223 318 
224 102 412 
410 79 453 
324 372 420 
16 441 285 
147 413 380 
92 183 28 
392 245 202 
179 434 251 
241 499 131 
14 6 154 
355 73 335 
252 310 231 
288 432 156 
239 63 204 
17 102 408 
169 376 107 
440 345 475 
125 105 48 
141 381 453 
114 115 212 
119 232 124 
441 99 65 
343 0 301 
100 239 330 
94 220 275 
269 458 110 
84 25 282 
276 332 21 
493 339 268 
487 395 208 
111 114 407 
113 362 98 
226 411 265 
123 70 359 
116 231 163 
457 286 419 
126 468 223 
13 311 181 
295 59 65 
164 316 4 
461 497 110 
228 411 285 
87 67 59 
256 270 166 
252 103 280 
162 151 270 
201 306 31 
16 121 171 
412 88 141 
417 362 348 
121 21 432 
57 236 498 
302 457 265 
460 281 469 
468 107 154 
323 487 322 
426 349 327 
384 265 473 
268 377 293 
344 420 213 
186 354 363 
130 156 347 
69 284 333 
360 4 122 
210 241 446 
389 293 256 
236 428 197 
328 233 215 
221 159 26 
217 346 86 
322 453 96 
26 205 418 
461 340 185 
118 103 78 
6 389 260 
58 261 87 
384 24 352 
283 482 148 
448 381 486 
310 47 383 
223 106 234 
108 449 316 
483 409 431 
152 33 320 
84 120 341 
436 172 102 
115 335 499 
261 354 248 
401 157 357 
76 389 175 
313 192 192 
459 3 393 
28 437 211 
164 114 483 
79 262 337 
181 441 95 
167 190 74 
348 195 395 
488 19 380 
102 318 90 
89 69 382 
447 4 383 
52 358 246 
444 443 215 
170 116 389 
400 54 21 
268 75 451 
218 0 473 
27 40 447 
470 350 133 
1 289 190 
268 462 361 
433 412 214 
438 142 393 
56 161 207 
264 138 378 
405 200 424 
424 437 205 
495 28 316 
470 450 20 
186 16 81 
411 85 157 
171 389 281 
235 494 437 
8 484 33 
399 96 232 
482 420 388 
75 65 9 
309 377 298 
60 205 240 
463 83 294 
184 394 195 
373 119 403 
144 362 472 
13 234 313 
222 479 416 
163 89 477 
331 135 153 
257 355 354 
484 245 457 
434 42 223 
403 364 89 
181 336 219 
370 362 370 
446 74 398 
139 136 62 
418 129 182 
374 20 301 
149 414 118 
121 2 295 
341 427 184 
457 357 445 
434 30 112 
456 226 54 
350 326 34 
155 408 451 
425 484 225 
61 498 297 
353 455 102 
174 252 144 
416 14 176 
61 390 392 
167 41 430 
260 5 438 
455 168 388 
52 338 45 
398 354 449 
349 221 473 
59 200 118 
461 351 434 
193 287 239 
84 172 441 
245 219 82 
194 145 391 
447 358 401 
247 227 97 
194 208 109 
260 12 472 
113 260 33 
16 318 436 
67 9 418 
95 217 482 
219 118 0 
339 101 13 
367 283 126 
120 228 31 
345 457 486 
462 482 409 
440 281 307 
115 104 360 
273 246 386 
240 22 32 
88 4 35 
176 272 347 
394 185 28 
200 242 307 
1 356 91 
91 146 194 
2 437 172 
156 433 14 
88 335 195 
388 173 57 
79 117 141 
226 63 487 
479 39 134 
174 456 481 
267 189 315 
207 309 448 
165 167 139 
424 401 498 
283 448 81 
188 432 223 
4 202 294 
166 56 16 
164 487 196 
351 312 222 
15 187 233 
161 62 199 
150 359 445 
402 399 410 
241 458 3 
241 223 236 
413 265 209 
354 203 132 
426 329 220 
296 296 304 
309 322 364 
54 481 175 
499 484 395 
113 133 231 
289 427 0 
272 254 482 
49 31 496 
228 494 230 
409 66 324 
242 201 63 
38 65 457 
437 93 478 
414 255 373 
419 31 321 
264 21 81 
351 148 461 
335 447 461 
245 7 206 
75 185 29 
406 429 63 
229 94 11 
482 111 196 
448 163 236 
17 413 319 
140 428 99 
338 256 30 
380 496 112 
63 277 353 
305 137 407 
263 54 305 
408 404 18 
270 321 179 
72 286 443 
240 139 349 
242 72 331 
69 294 416 
216 289 145 
117 318 294 
3 332 18 
323 422 32 
185 277 209 
461 107 299 
119 157 344 
469 20 202 
63 171 141 
135 291 461 
234 224 171 
426 173 264 
205 193 233 
154 223 402 
445 253 434 
138 159 309 
56 85 346 
87 2 49 
428 9 316 
40 269 438 
186 344 437 
281 135 22 
192 138 312 
188 476 295 
226 229 299 
481 141 459 
372 465 114 
349 49 38 
107 15 323 
417 471 126 
178 127 365 
305 128 177 
474 329 461 
246 452 130 
264 246 301 
35 265 96 
113 17 254 
53 167 469 
77 300 131 
114 409 165 
302 470 197 
22 219 12 
138 490 375 
468 216 116 
396 376 121 
485 278 30 
466 230 31 
355 383 497 
137 414 89 
443 149 431 
274 294 471 
272 9 185 
57 418 213 
449 495 5 
218 201 337 
237 471 146 
483 61 458 
380 474 198 
425 448 483 
357 293 374 
478 42 410 
376 301 124 
327 186 123 
371 352 366 
424 193 322 
148 199 354 
218 306 435 
407 158 229 
455 125 129 
167 229 464 
58 222 18 
38 169 263 
20 395 446 
16 477 70 
202 284 272 
441 100 209 
166 198 357 
172 390 398 
153 289 390 
485 11 434 
231 176 43 
133 132 172 
162 11 436 
419 22 388 
282 299 345 
21 85 291 
21 72 321 
442 446 474 
41 117 376 
105 18 181 
107 429 17 
122 209 42 
293 459 395 
207 258 125 
28 449 490 
467 179 359 
313 437 456 
422 357 402 
324 314 310 
472 138 196 
4 458 129 
387 280 256 
231 86 205 
179 190 144 
89 206 447 
375 491 34 
38 343 367 
181 470 126 
77 216 138 
485 127 243 
435 382 448 
131 369 206 
270 292 73 
410 7 5 
205 134 384 
460 484 30 
467 23 68 
77 39 309 
250 412 82 
179 457 263 
103 66 80 
459 226 41 
138 116 277 
108 188 175 
292 137 178 
353 381 300 
66 2 91 
147 138 360 
2 271 173 
357 156 261 
109 404 414 
285 24 236 
425 44 326 
218 76 194 
187 328 404 
490 270 16 
75 427 9 
356 2 197 
252 241 66 
357 193 359 
406 106 239 
343 256 128 
180 68 333 
315 247 27 
371 125 87 
2 458 357 
489 248 139 
107 90 259 
65 402 302 
404 269 326 
393 248 389 
479 349 357 
201 123 375 
479 412 66 
23 493 230 
220 171 372 
239 469 315 
245 275 482 
256 292 448 
253 16 325 
30 97 438 
464 373 476 
360 426 78 
430 361 58 
56 146 44 
62 377 185 
39 270 370 
127 100 335 
160 322 8 
257 202 151 
149 152 488 
448 239 313 
29 60 355 
298 377 449 
199 196 13 
71 115 367 
353 91 16 
40 105 491 
404 334 343 
261 177 28 
296 315 431 
112 138 238 
89 13 26 
272 400 184 
280 308 248 
13 389 236 
276 480 269 
473 333 126 
201 472 443 
333 447 86 
60 321 166 
162 137 55 
465 34 46 
96 492 167 
322 469 338 
35 37 253 
186 450 171 
117 193 385 
195 257 313 
458 248 397 
468 188 95 
74 495 356 
178 347 374 
198 477 120 
82 262 84 
125 235 442 
89 385 200 
16 172 117 
221 58 357 
324 51 322 
329 450 446 
101 329 265 
184 360 211 
464 118 81 
27 179 365 
284 184 492 
431 249 221 
412 361 471 
123 429 269 
320 179 192 
340 463 412 
144 45 312 
79 489 453 
278 17 200 
320 115 183 
112 365 354 
20 190 383 
125 147 150 
191 426 228 
257 425 383 
158 255 319 
398 98 438 
158 76 211 
310 297 103 
454 241 287 
200 350 71 
273 83 33 
266 441 408 
82 455 390 
214 94 473 
353 362 317 
135 442 215 
260 14 212 
179 77 253 
325 323 171 
40 437 276 
395 297 62 
308 484 33 
423 363 359 
360 447 138 
407 396 314 
135 249 120 
490 149 276 
486 206 260 
276 277 312 
309 204 89 
394 10 146 
389 116 184 
495 119 412 
298 261 32 
142 343 473 
431 31 481 
233 92 366 
397 371 251 
