1000
3
346 230 385 
380 425 496 
272 178 214 
496 43 33 
244 340 311 
300 433 161 
376 17 352 
443 31 451 
128 231 433 
443 236 496 
313 347 25 
206 90 146 
363 278 334 
377 12 231 
43 211 166 
442 410 41 
308 168 82 
373 417 90 
427 260 421 
318 29 4 
176 341 157 
91 25 445 
210 46 336 
320 4 454 
312 344 99 
308 309 422 
443 17 469 
177 205 329 
338 140 373 
354 381 332 
170 297 378 
141 24 236 
73 333 125 
423 59 234 
200 433 153 
93 442 203 
467 491 346 
372 317 229 
225 213 221 
356 31 195 
264 302 337 
27 418 125 
248 34 385 
293 450 358 
218 418 437 
14 496 136 
317 41 5 
267 300 387 
419 87 25 
44 468 472 
200 333 191 
439 314 266 
392 369 180 
450 434 154 
178 110 83 
46 387 1 
392 348 436 
282 248 104 
347 24 420 
303 442 314 
85 74 236 
490 138 464 
444 97 276 
456 264 254 
239 179 65 
468 199 163 
62 494 226 
458 55 188 
382 331 165 
440 479 229 
251 140 486 
147 431 464 
71 223 456 
497 245 335 
336 199 421 
408 310 216 
179 481 395 
149 137 441 
325 262 384 
187 264 15 
308 438 249 
334 300 31 
482 258 484 
82 85 329 
189 351 272 
477 111 73 
190 117 61 
196 56 146 
477 469 435 
458 454 14 
162 402 128 
145 400 255 
87 161 179 
79 69 252 
400 449 310 
433 49 201 
382 379 297 
91 194 71 
471 281 339 
194 80 464 
492 478 130 
3 422 134 
356 472 231 
47 432 393 
213 210 257 
351 441 192 
206 337 461 
132 470 427 
66 411 306 
210 466 380 
57 245 213 
424 393 303 
467 94 468 
424 124 375 
212 163 476 
146 11 24 
59 50 130 
54 408 171 
374 424 213 
260 475 226 
203 244 150 
309 475 0 
425 499 306 
284 137 24 
150 154 127 
448 15 451 
363 275 378 
153 191 21 
264 21 81 
132 226 270 
354 15 193 
177 230 187 
273 405 200 
161 204 340 
390 463 128 
223 329 66 
429 426 345 
434 115 115 
428 112 140 
100 58 272 
135 297 101 
178 452 328 
62 27 302 
161 420 206 
136 446 60 
14 392 264 
491 340 43 
96 313 137 
50 376 114 
133 449 463 
442 134 402 
200 481 116 
377 268 262 
271 308 274 
371 63 314 
143 43 333 
489 379 59 
250 420 46 
266 97 310 
270 259 238 
94 34 269 
78 373 372 
299 263 67 
277 258 324 
25 241 476 
270 307 410 
487 366 462 
397 251 248 
424 435 228 
341 145 187 
437 169 3 
390 454 207 
446 377 242 
368 143 343 
17 120 174 
170 103 133 
22 127 231 
340 444 82 
6 62 276 
368 105 246 
470 40 11 
444 253 462 
474 86 310 
79 270 300 
376 243 15 
227 83 292 
117 26 47 
310 267 417 
159 449 32 
56 151 472 
187 480 256 
189 272 109 
199 410 293 
82 182 157 
371 301 74 
39 326 284 
28 24 264 
35 467 188 
157 385 496 
180 369 98 
258 478 11 
498 345 238 
195 438 406 
210 138 220 
324 225 381 
485 410 405 
352 164 297 
378 334 39 
69 292 463 
465 121 153 
189 316 420 
93 344 100 
95 38 29 
309 265 447 
26 435 113 
33 80 158 
315 121 221 
82 62 330 
126 205 270 
187 238 285 
314 25 469 
122 102 170 
171 279 168 
155 79 269 
468 136 392 
340 325 225 
481 242 174 
78 439 139 
439 336 8 
415 153 415 
81 296 417 
427 283 272 
158 319 236 
91 382 443 
118 417 80 
365 270 226 
135 35 59 
391 266 280 
80 275 447 
135 120 144 
319 290 157 
395 33 301 
441 342 199 
143 246 319 
114 294 324 
251 348 427 
253 334 289 
225 473 227 
379 495 416 
41 12 133 
330 223 87 
195 266 425 
366 109 238 
92 22 407 
454 292 328 
442 19 54 
433 45 36 
380 218 369 
29 289 450 
291 121 141 
8 192 282 
118 213 83 
39 55 331 
40 438 302 
113 361 8 
361 180 129 
122 254 446 
151 377 51 
385 332 475 
300 391 133 
489 84 1 
120 289 336 
166 225 397 
480 302 126 
285 476 360 
11 159 239 
110 85 257 
438 187 33 
325 299 140 
45 337 290 
36 324 24 
213 433 367 
482 429 25 
29 496 241 
401 15 92 
390 30 376 
356 477 469 
268 121 428 
285 144 396 
121 381 211 
8 2 375 
233 412 149 
9 255 381 
409 162 295 
271 125 121 
50 357 305 
179 469 78 
8 27 234 
252 451 363 
483 481 409 
497 377 217 
32 472 382 
367 440 65 
229 2 84 
214 72 363 
185 7 448 
2 203 56 
269 79 143 
450 89 184 
431 190 438 
144 458 392 
232 283 311 
482 233 61 
197 93 433 
65 14 93 
138 172 80 
29 153 298 
69 288 432 
49 431 188 
423 268 436 
481 294 15 
400 266 104 
466 41 145 
49 151 389 
53 171 186 
295 122 312 
369 499 420 
121 265 376 
383 182 192 
395 159 69 
491 330 149 
213 232 68 
263 300 414 
41 314 31 
153 391 281 
478 394 239 
269 431 467 
201 399 431 
487 310 290 
380 337 412 
104 187 180 
381 409 169 
492 6 131 
98 387 311 
492 34 275 
180 353 427 
347 274 2 
429 9 323 
212 201 80 
272 177 293 
284 118 40 
204 476 241 
109 310 90 
61 490 124 
377 215 79 
238 24 319 
468 358 403 
144 446 209 
265 381 2 
41 265 259 
438 81 213 
432 109 482 
8 306 290 
326 119 14 
75 19 377 
317 368 403 
85 477 312 
27 233 257 
253 91 485 
422 461 340 
477 49 56 
281 363 78 
268 67 41 
172 167 447 
459 340 184 
419 114 249 
447 2 489 
405 23 146 
417 481 182 
288 129 62 
444 237 195 
156 324 371 
35 73 104 
400 9 211 
272 337 217 
364 35 103 
308 415 446 
306 410 188 
498 226 316 
476 101 499 
194 154 473 
366 425 110 
252 213 192 
97 119 385 
434 132 390 
266 226 341 
358 61 43 
247 311 259 
393 305 302 
260 4 234 
174 60 264 
206 458 489 
462 217 387 
495 408 353 
420 169 327 
85 444 160 
430 340 315 
179 83 185 
206 417 109 
225 201 188 
231 451 83 
375 407 453 
352 55 39 
144 30 491 
408 293 119 
90 477 239 
331 278 329 
145 175 150 
196 357 34 
265 292 291 
428 106 307 
164 189 441 
406 128 375 
352 346 274 
192 263 243 
183 439 286 
318 490 498 
404 166 47 
62 93 291 
299 155 98 
111 196 43 
245 446 399 
38 373 78 
470 163 111 
177 13 406 
406 123 340 
25 314 275 
215 322 267 
265 90 356 
98 466 95 
474 376 325 
268 190 231 
291 113 425 
139 126 48 
348 145 110 
476 463 313 
181 467 314 
133 469 492 
490 146 336 
71 213 443 
287 246 54 
312 252 26 
48 458 267 
87 171 148 
139 469 318 
151 207 62 
447 375 32 
385 216 409 
167 370 218 
177 381 362 
49 17 209 
26 312 313 
133 386 383 
398 432 287 
467 130 105 
198 37 6 
247 341 219 
236 33 37 
88 460 105 
362 327 48 
472 230 88 
232 432 76 
199 311 431 
321 434 437 
232 270 221 
291 496 206 
361 5 383 
332 374 208 
380 480 290 
83 459 14 
112 336 351 
131 170 427 
113 205 351 
2 348 91 
144 221 489 
381 70 47 
55 194 357 
499 485 491 
9 179 289 
37 122 98 
481 87 58 
120 143 314 
418 276 90 
195 229 471 
221 135 402 
492 1 134 
441 177 247 
145 31 495 
90 390 275 
318 447 218 
36 280 400 
174 308 112 
231 319 190 
25 181 91 
16 225 425 
446 413 148 
79 275 47 
476 371 228 
141 174 263 
172 108 488 
266 367 96 
282 258 201 
274 157 245 
161 64 483 
188 282 33 
60 13 339 
411 69 171 
438 259 267 
44 311 224 
296 295 223 
233 426 484 
297 101 345 
189 474 5 
278 86 357 
357 361 73 
466 35 337 
333 466 237 
233 66 453 
322 435 382 
356 173 120 
418 74 21 
127 447 151 
461 494 476 
20 188 267 
482 222 457 
341 395 164 
82 47 284 
265 287 430 
390 191 207 
230 48 234 
494 35 112 
341 425 235 
287 487 282 
132 87 126 
304 320 100 
273 456 345 
267 17 203 
34 243 13 
173 397 161 
315 342 139 
471 15 60 
346 425 324 
468 254 62 
358 362 46 
202 386 248 
250 445 253 
458 58 115 
215 13 42 
30 461 467 
118 238 323 
280 186 163 
76 311 451 
334 395 14 
408 254 254 
335 239 230 
447 360 96 
177 243 147 
484 421 432 
97 344 44 
411 449 261 
345 273 256 
188 356 244 
298 150 113 
366 152 270 
395 239 374 
208 333 384 
445 334 215 
266 67 190 
171 139 378 
83 150 247 
494 493 130 
279 430 292 
1 247 3 
341 216 161 
130 331 15 
108 123 49 
25 115 10 
465 44 331 
366 414 363 
255 13 383 
116 402 300 
447 381 480 
407 182 178 
414 173 482 
286 249 426 
364 144 478 
342 13 65 
75 16 492 
263 246 455 
198 240 98 
365 397 61 
407 377 47 
318 72 251 
495 165 61 
399 254 439 
320 378 203 
190 108 459 
434 201 107 
362 7 305 
182 228 227 
78 211 206 
208 462 299 
459 429 266 
211 280 321 
168 187 143 
485 0 471 
86 82 243 
250 238 114 
313 417 348 
146 82 219 
299 101 6 
89 408 120 
255 14 24 
56 472 44 
400 370 75 
325 179 378 
219 278 57 
477 33 382 
187 422 209 
448 391 150 
390 230 402 
63 366 86 
249 449 107 
319 257 154 
180 361 319 
142 204 118 
68 291 473 
393 155 410 
312 106 137 
257 474 128 
230 406 60 
95 395 62 
64 373 498 
72 31 90 
310 461 294 
253 152 387 
373 19 399 
86 387 73 
285 127 262 
202 30 73 
302 205 302 
98 369 461 
95 466 414 
122 1 400 
163 440 495 
326 442 156 
307 199 242 
476 70 224 
136 464 62 
107 48 291 
496 268 259 
447 378 115 
284 372 462 
463 14 188 
313 113 142 
373 340 156 
132 406 105 
269 288 67 
370 113 328 
255 334 210 
329 84 261 
379 224 362 
151 488 322 
109 400 209 
24 125 291 
155 197 440 
221 5 253 
227 345 482 
23 487 131 
28 7 155 
190 313 139 
310 247 50 
77 2 100 
241 243 192 
177 419 22 
104 390 39 
439 38 5 
235 479 67 
296 141 3 
78 396 370 
290 490 257 
71 79 484 
427 57 406 
103 85 194 
354 484 400 
62 409 241 
359 488 13 
54 126 303 
416 182 221 
10 411 72 
431 248 327 
402 140 268 
297 483 157 
95 360 253 
259 308 8 
222 263 474 
250 56 253 
3 47 489 
107 417 143 
68 144 101 
396 106 443 
395 292 393 
18 461 152 
279 85 325 
373 304 145 
462 261 493 
249 447 399 
277 120 222 
13 242 39 
68 52 325 
6 422 74 
120 183 426 
4 477 252 
36 89 271 
103 51 395 
496 355 424 
205 290 145 
241 486 428 
141 251 390 
466 439 206 
388 242 90 
214 192 313 
341 3 410 
120 261 127 
243 284 111 
81 225 289 
214 478 131 
400 393 491 
62 409 471 
113 91 140 
108 257 165 
141 401 312 
407 393 379 
164 473 456 
281 494 443 
9 344 222 
351 464 369 
17 71 188 
363 470 108 
360 374 465 
131 305 240 
146 465 359 
458 445 218 
142 430 99 
362 327 413 
407 1 354 
52 388 69 
351 257 440 
243 66 180 
38 78 481 
135 254 267 
277 264 181 
102 188 5 
136 75 485 
98 288 26 
303 360 192 
9 408 177 
201 375 411 
17 243 201 
333 344 279 
377 60 54 
116 231 166 
300 61 190 
484 471 173 
283 320 295 
5 462 27 
19 340 462 
139 61 382 
366 328 150 
247 381 81 
263 292 42 
182 201 387 
171 15 380 
315 264 412 
340 16 481 
343 45 144 
385 478 349 
116 185 322 
386 134 37 
303 271 159 
241 95 257 
374 236 177 
191 387 210 
322 291 171 
245 90 442 
213 167 105 
376 6 443 
334 38 291 
305 298 237 
143 147 306 
72 39 411 
391 470 297 
219 18 329 
81 489 95 
407 225 443 
471 495 277 
466 47 476 
31 256 234 
63 17 307 
10 219 351 
6 351 178 
396 287 84 
254 69 275 
193 49 305 
231 116 299 
325 72 436 
463 399 413 
253 233 447 
476 390 335 
330 487 227 
274 219 333 
312 36 476 
375 194 144 
54 204 23 
223 17 17 
86 358 138 
242 411 17 
184 102 125 
150 317 435 
101 451 198 
300 285 14 
191 177 246 
23 453 377 
150 386 479 
443 478 341 
327 191 371 
113 29 319 
306 269 274 
294 346 481 
151 166 281 
210 386 3 
214 417 470 
128 246 490 
339 341 448 
82 81 170 
107 254 38 
48 323 29 
342 354 371 
396 387 84 
190 48 315 
487 217 200 
325 240 305 
154 10 168 
118 209 256 
200 347 490 
8 215 447 
243 62 69 
269 56 157 
191 120 53 
54 38 37 
233 197 100 
49 62 452 
255 284 405 
473 252 256 
169 390 214 
388 104 452 
297 424 370 
116 150 74 
135 493 191 
135 164 400 
481 484 90 
103 372 281 
91 290 331 
139 9 484 
63 31 153 
176 311 462 
221 132 104 
492 119 426 
454 245 186 
208 28 86 
206 0 60 
403 448 111 
75 377 396 
259 484 415 
192 130 419 
378 342 247 
274 58 461 
381 228 213 
341 22 359 
395 233 392 
152 464 418 
14 356 197 
323 287 246 
261 428 83 
440 292 476 
233 448 23 
491 449 384 
95 356 299 
62 321 360 
384 310 79 
300 134 482 
44 309 494 
369 6 15 
312 415 69 
419 310 413 
233 266 367 
104 256 316 
268 257 306 
86 438 108 
486 428 471 
394 138 270 
205 118 20 
438 189 250 
423 80 49 
172 213 158 
45 159 87 
343 265 317 
435 34 432 
432 74 411 
390 220 154 
434 431 233 
323 169 279 
68 295 142 
94 472 284 
73 389 259 
473 352 383 
260 289 149 
7 77 291 
472 307 310 
396 378 458 
137 143 222 
460 83 223 
72 366 300 
416 36 317 
423 472 228 
475 338 125 
186 413 54 
167 497 108 
494 476 323 
99 38 152 
173 291 7 
499 403 362 
41 122 10 
83 18 357 
256 134 106 
376 456 168 
81 429 19 
177 349 371 
27 382 255 
89 242 367 
305 273 314 
429 190 185 
485 298 495 
415 84 286 
59 133 295 
470 306 335 
208 132 298 
266 76 389 
303 262 174 
191 52 404 
293 312 63 
243 331 388 
470 60 493 
139 453 350 
251 142 454 
384 52 252 
319 390 297 
258 238 222 
127 253 457 
75 44 0 
362 200 57 
176 472 291 
226 435 52 
150 254 218 
390 176 77 
464 171 330 
448 193 128 
224 460 420 
414 34 371 
315 422 303 
288 296 423 
297 358 453 
387 209 88 
312 274 98 
32 217 255 
373 119 384 
318 391 138 
315 170 114 
359 204 60 
238 333 301 
36 177 149 
421 301 367 
118 79 85 
216 30 253 
154 64 364 
70 324 476 
61 234 283 
387 198 480 
337 423 375 
479 314 99 
