1000
3
301 352 22 
192 181 489 
1 139 83 
494 191 386 
9 482 433 
241 54 261 
353 460 302 
389 218 161 
387 47 422 
219 180 334 
238 202 317 
427 157 182 
390 248 23 
255 441 311 
413 44 103 
22 362 321 
243 451 48 
371 128 90 
469 294 48 
4 42 142 
457 373 303 
222 155 30 
265 191 301 
436 308 246 
6 309 256 
169 176 332 
356 128 133 
301 490 462 
84 331 370 
408 435 369 
450 9 103 
264 267 205 
225 450 494 
446 425 66 
382 84 200 
281 117 477 
72 201 486 
234 99 341 
211 122 60 
426 477 318 
340 149 222 
290 369 423 
93 365 473 
287 476 222 
122 73 278 
376 353 266 
469 475 165 
23 157 77 
211 483 203 
169 412 437 
241 265 439 
273 190 168 
447 374 426 
122 49 145 
155 153 25 
429 87 30 
154 270 411 
469 426 140 
213 330 331 
165 19 332 
43 212 355 
136 375 133 
490 135 66 
190 225 309 
367 92 292 
250 165 74 
135 363 336 
387 362 290 
48 336 121 
224 136 113 
345 239 269 
197 211 84 
74 397 418 
355 262 154 
243 62 412 
43 278 45 
446 269 427 
311 409 126 
461 118 237 
473 170 297 
70 361 399 
198 383 346 
20 304 178 
444 295 232 
185 326 52 
256 425 99 
52 445 285 
209 155 213 
330 175 333 
273 469 353 
424 25 157 
266 404 86 
92 454 311 
321 241 236 
248 342 13 
499 319 164 
116 472 464 
244 37 434 
346 461 435 
382 395 371 
138 55 486 
317 105 399 
148 133 124 
481 343 322 
165 231 337 
309 206 88 
194 117 53 
13 321 157 
95 332 33 
220 395 14 
64 100 195 
208 285 40 
26 19 15 
233 4 160 
30 148 12 
38 154 453 
107 65 266 
75 498 224 
460 460 86 
140 316 306 
484 49 98 
380 301 131 
460 15 152 
269 241 360 
232 138 146 
239 112 148 
319 142 192 
346 110 76 
54 471 395 
361 111 297 
278 102 377 
273 159 123 
6 256 421 
186 35 474 
55 239 394 
95 287 346 
230 219 397 
396 234 440 
96 117 441 
191 64 264 
361 188 284 
209 5 234 
290 81 162 
443 354 164 
226 50 392 
367 480 472 
210 73 498 
177 58 307 
184 70 473 
25 26 336 
201 213 460 
87 197 202 
450 282 263 
146 367 292 
259 341 91 
261 383 90 
474 239 231 
497 136 283 
316 211 474 
116 336 173 
15 321 72 
488 41 200 
74 14 230 
171 111 202 
168 76 233 
190 260 34 
182 474 3 
158 250 134 
207 404 206 
176 261 306 
358 208 414 
204 168 29 
299 198 263 
185 342 358 
108 353 454 
350 476 19 
375 142 205 
33 419 169 
334 59 49 
210 188 186 
121 41 299 
496 196 375 
130 364 266 
258 308 417 
230 99 4 
20 291 447 
144 415 278 
477 358 461 
319 302 336 
229 345 315 
90 198 224 
228 146 425 
146 170 60 
253 343 191 
444 269 466 
254 493 261 
391 146 36 
407 202 43 
190 257 366 
307 455 471 
114 52 288 
186 45 472 
316 68 46 
351 287 300 
210 17 124 
343 218 175 
237 153 452 
115 221 494 
335 340 374 
164 149 475 
448 305 406 
45 59 67 
73 199 241 
204 149 161 
260 225 222 
152 75 359 
258 113 383 
469 157 346 
346 360 245 
75 461 496 
375 91 171 
309 455 146 
129 74 14 
235 332 270 
447 479 34 
401 391 369 
482 82 426 
121 20 35 
39 99 388 
311 244 361 
66 280 416 
62 27 80 
326 198 496 
129 307 199 
498 238 315 
278 397 158 
421 74 165 
84 78 395 
450 48 296 
47 31 216 
424 386 235 
36 193 452 
254 369 447 
234 495 33 
365 168 167 
87 463 262 
233 101 17 
274 8 348 
137 222 83 
437 120 369 
299 154 168 
125 380 375 
497 177 49 
410 366 74 
138 75 139 
252 306 470 
194 254 190 
338 263 438 
406 414 485 
396 345 8 
446 310 3 
459 98 476 
491 287 305 
101 139 347 
51 450 150 
465 106 349 
136 242 495 
235 365 330 
442 412 463 
235 392 299 
474 59 490 
480 0 395 
24 425 302 
279 140 169 
254 389 298 
70 469 21 
173 287 301 
3 276 218 
400 339 282 
171 245 383 
259 312 69 
4 477 217 
113 115 44 
257 287 227 
314 396 175 
339 407 169 
457 165 264 
364 84 210 
71 156 253 
467 119 431 
126 453 139 
262 22 437 
98 240 459 
26 308 332 
380 415 332 
235 341 310 
57 116 212 
31 328 34 
122 127 365 
280 167 228 
470 149 167 
62 354 27 
66 444 349 
330 254 193 
61 398 192 
391 261 37 
449 310 490 
19 152 269 
408 416 326 
461 327 229 
426 67 335 
71 379 165 
465 381 99 
355 27 230 
1 164 116 
90 223 311 
362 482 431 
270 52 462 
292 221 401 
67 46 341 
247 426 206 
361 189 332 
199 11 236 
149 323 356 
172 328 129 
50 479 409 
490 339 498 
162 290 450 
237 448 345 
146 226 265 
471 178 10 
4 112 56 
392 293 467 
135 130 307 
409 225 42 
28 6 167 
498 475 339 
111 453 73 
175 263 251 
194 317 51 
423 372 268 
57 264 367 
198 418 433 
292 314 194 
17 383 384 
133 79 83 
236 57 139 
168 336 327 
216 80 102 
437 319 464 
369 106 221 
204 223 270 
304 398 442 
330 107 224 
413 452 364 
108 483 175 
99 468 318 
469 161 251 
423 315 390 
118 302 63 
257 382 398 
310 231 11 
417 44 276 
163 251 223 
162 229 260 
139 474 275 
331 17 177 
423 252 441 
268 473 474 
39 352 280 
40 262 149 
436 447 290 
414 483 82 
83 195 212 
105 215 83 
167 42 494 
125 28 385 
458 213 36 
176 17 83 
2 356 411 
497 284 200 
489 427 329 
164 432 409 
219 365 264 
212 254 352 
105 301 63 
136 31 443 
27 466 322 
388 492 348 
428 448 190 
182 195 142 
36 229 109 
275 450 177 
443 9 264 
83 218 169 
468 76 196 
381 264 333 
482 429 344 
237 361 445 
454 96 19 
97 25 482 
384 30 68 
376 313 213 
95 366 51 
180 92 395 
90 440 52 
326 278 242 
331 403 100 
276 414 121 
90 221 227 
98 309 459 
94 10 200 
441 102 57 
362 412 180 
168 176 381 
401 450 236 
110 168 60 
14 153 286 
416 325 30 
94 241 235 
295 345 128 
471 390 370 
224 132 220 
232 183 151 
10 372 402 
102 177 15 
156 411 403 
93 52 52 
260 155 132 
284 4 160 
114 343 295 
94 22 352 
175 77 442 
480 218 341 
271 361 221 
381 447 13 
310 296 181 
440 475 43 
81 303 98 
65 189 286 
322 468 237 
438 362 101 
405 133 0 
379 431 249 
455 401 396 
395 179 125 
297 289 212 
406 264 278 
374 362 247 
273 308 61 
284 254 323 
445 483 268 
431 155 217 
402 69 24 
19 405 196 
129 247 234 
254 433 435 
386 350 188 
369 1 212 
337 302 465 
425 262 492 
8 497 4 
110 89 215 
470 178 214 
488 139 335 
114 0 176 
60 430 215 
48 466 220 
108 346 150 
487 449 321 
303 303 346 
176 247 490 
379 249 420 
325 205 160 
123 313 408 
41 225 2 
468 426 263 
70 110 348 
12 355 323 
477 101 181 
0 90 204 
295 425 135 
370 9 72 
64 52 428 
77 245 149 
484 173 286 
107 199 387 
48 95 90 
39 479 107 
399 58 480 
363 50 383 
452 3 101 
457 312 325 
228 478 185 
278 79 8 
439 480 323 
170 105 232 
51 258 352 
85 239 6 
450 17 316 
277 307 27 
219 312 391 
263 417 315 
62 395 229 
419 39 350 
48 465 228 
123 437 273 
456 144 376 
220 284 260 
1 399 437 
192 482 129 
19 90 395 
469 366 132 
319 414 457 
305 376 200 
219 81 180 
429 43 419 
362 300 377 
407 220 117 
232 218 227 
309 207 459 
65 310 358 
412 232 272 
186 154 35 
487 241 162 
142 469 461 
34 239 311 
249 115 315 
404 149 57 
213 298 190 
52 413 482 
301 342 298 
390 434 116 
70 230 111 
366 157 413 
363 383 230 
326 277 448 
153 43 84 
449 252 329 
464 290 445 
70 492 77 
241 341 327 
374 71 432 
143 239 130 
335 157 426 
153 60 206 
348 45 219 
38 277 235 
218 302 434 
116 315 5 
23 106 486 
293 435 312 
497 273 77 
425 297 119 
41 267 439 
371 56 392 
165 474 93 
455 288 45 
396 167 7 
411 17 396 
394 414 279 
279 169 478 
3 12 63 
175 357 361 
479 288 397 
342 30 350 
155 244 127 
424 121 139 
109 474 430 
230 207 129 
4 423 498 
345 154 83 
103 394 300 
189 107 448 
185 189 141 
309 356 499 
432 242 299 
294 255 339 
104 85 218 
289 121 457 
137 230 172 
334 71 451 
16 408 73 
489 111 31 
26 190 361 
470 100 251 
238 353 109 
343 348 198 
72 299 168 
430 202 294 
38 62 405 
201 380 196 
9 231 21 
225 138 75 
44 212 430 
231 481 469 
263 273 230 
149 393 348 
338 189 110 
8 39 334 
463 240 234 
495 324 146 
450 78 31 
143 161 218 
375 416 335 
275 376 219 
345 64 247 
275 197 358 
463 87 93 
265 434 303 
398 52 39 
484 200 498 
154 158 251 
80 235 169 
149 495 259 
317 91 30 
459 140 58 
165 323 261 
19 472 252 
406 162 159 
35 127 240 
156 367 290 
20 405 329 
220 62 488 
203 222 108 
132 206 89 
336 309 217 
376 398 298 
375 132 439 
369 453 394 
64 120 166 
336 382 488 
195 90 114 
442 131 28 
369 161 412 
194 417 428 
89 149 292 
21 337 308 
331 129 392 
466 170 122 
152 107 491 
410 98 7 
352 49 372 
244 87 363 
132 271 405 
25 195 464 
162 313 147 
252 397 305 
414 192 8 
116 317 350 
335 397 202 
220 247 351 
59 147 85 
158 256 87 
461 494 139 
488 429 160 
106 210 26 
494 101 322 
184 462 338 
444 93 9 
495 445 264 
26 403 6 
380 409 98 
392 382 476 
300 296 318 
113 104 115 
126 151 130 
38 202 371 
342 139 40 
256 455 39 
118 51 361 
389 139 385 
139 417 386 
278 234 162 
427 82 47 
243 428 182 
344 348 124 
310 47 145 
132 48 474 
47 6 10 
426 319 291 
357 431 157 
444 384 386 
141 442 480 
428 154 47 
46 395 407 
329 267 222 
248 106 320 
100 319 178 
438 342 411 
38 469 100 
222 21 229 
94 433 100 
466 376 490 
427 77 39 
235 391 232 
143 226 5 
311 387 105 
457 422 107 
259 23 131 
405 238 283 
448 275 408 
223 446 289 
362 171 225 
485 183 180 
307 455 289 
455 317 490 
458 302 442 
173 54 53 
495 31 98 
187 104 48 
165 30 11 
456 71 181 
351 253 298 
97 169 424 
225 275 276 
361 297 118 
316 270 288 
349 495 7 
492 417 388 
443 328 486 
393 438 30 
223 32 175 
37 115 402 
37 484 293 
371 251 380 
184 463 173 
30 385 394 
197 92 371 
212 43 109 
102 404 249 
281 208 362 
171 95 241 
124 155 456 
61 78 2 
345 36 98 
344 332 185 
91 409 76 
76 123 80 
437 151 96 
473 404 60 
276 199 481 
69 15 60 
236 65 118 
346 361 403 
147 26 183 
213 83 480 
148 23 326 
347 275 38 
170 215 401 
376 151 389 
121 442 351 
470 175 350 
125 409 75 
126 99 459 
403 421 33 
252 265 157 
474 396 282 
487 63 495 
336 440 107 
239 466 60 
337 124 129 
209 6 31 
56 458 458 
396 98 214 
90 117 281 
196 56 241 
43 492 238 
238 20 88 
50 348 474 
398 127 202 
297 375 346 
18 59 293 
236 160 252 
60 395 375 
400 267 257 
50 490 267 
460 211 169 
414 28 251 
327 186 11 
286 213 183 
230 272 333 
451 98 89 
395 125 270 
282 63 314 
313 386 477 
409 348 56 
395 114 425 
238 264 190 
199 459 374 
397 245 322 
377 452 23 
195 112 470 
57 472 209 
242 43 133 
117 48 354 
48 486 485 
56 372 140 
21 255 289 
295 445 368 
174 427 333 
438 267 279 
128 311 430 
20 6 119 
448 126 324 
476 36 361 
188 323 5 
410 479 320 
290 0 336 
106 420 435 
290 82 411 
360 259 273 
289 302 381 
161 461 258 
353 320 275 
393 14 37 
333 440 111 
205 338 385 
179 397 343 
373 300 446 
408 174 226 
105 316 182 
297 74 73 
351 420 134 
207 494 358 
116 273 166 
457 309 359 
350 122 6 
158 488 40 
479 93 405 
415 443 340 
250 17 79 
12 40 21 
309 203 356 
396 341 441 
335 349 75 
216 86 276 
16 21 366 
148 288 450 
473 91 57 
268 97 207 
197 292 458 
334 250 406 
232 146 98 
17 431 199 
147 28 479 
206 457 115 
212 181 383 
281 274 89 
105 185 186 
71 267 486 
417 147 288 
465 147 286 
270 164 48 
292 49 362 
23 366 71 
130 80 334 
94 59 364 
325 450 429 
308 157 251 
19 327 430 
311 182 328 
339 76 107 
268 361 396 
332 421 259 
98 99 253 
96 222 96 
155 224 307 
370 6 395 
484 218 85 
480 184 225 
218 349 498 
359 427 411 
114 396 105 
50 159 251 
259 219 270 
354 420 423 
283 346 499 
215 230 484 
351 329 350 
308 173 107 
190 370 493 
375 194 83 
47 107 68 
211 394 298 
444 357 374 
277 439 58 
228 236 235 
308 46 461 
272 0 98 
84 7 375 
71 104 260 
494 387 234 
307 488 169 
312 443 457 
104 369 367 
154 65 35 
186 388 497 
262 74 430 
330 417 481 
50 339 336 
80 171 301 
377 145 162 
193 499 8 
448 56 456 
219 180 418 
38 283 362 
278 387 427 
415 424 203 
411 168 396 
412 282 10 
211 252 56 
40 249 113 
307 30 414 
37 170 381 
383 101 197 
143 456 226 
340 9 227 
364 246 260 
31 428 38 
289 164 128 
401 350 357 
433 352 218 
312 208 361 
473 302 413 
48 352 201 
418 443 183 
438 377 11 
255 488 358 
212 346 341 
420 112 487 
289 406 296 
3 381 158 
211 313 461 
118 331 491 
169 79 331 
125 43 291 
3 483 233 
38 112 307 
467 442 427 
65 299 232 
393 29 25 
127 301 91 
19 340 62 
492 254 96 
457 24 395 
14 435 396 
12 61 319 
176 164 394 
6 127 82 
334 180 138 
359 444 272 
366 238 150 
61 125 300 
247 264 429 
449 240 194 
377 269 288 
254 1 58 
346 457 13 
275 441 353 
277 354 44 
328 288 36 
327 42 319 
265 247 277 
186 423 190 
18 338 35 
232 272 186 
2 250 19 
60 47 256 
331 306 375 
22 227 490 
395 211 421 
356 42 167 
358 420 34 
182 411 405 
72 114 256 
313 272 307 
106 10 395 
227 116 60 
116 377 111 
108 239 306 
141 307 73 
382 460 337 
142 133 353 
445 372 228 
185 454 355 
499 192 28 
359 77 456 
285 119 393 
389 155 357 
211 347 434 
483 9 142 
462 195 143 
206 7 262 
376 218 495 
216 347 26 
418 233 241 
273 20 406 
22 386 11 
150 260 135 
