1000
3
373 360 246 
414 286 188 
460 377 310 
405 276 22 
363 85 181 
246 332 156 
180 93 128 
159 452 377 
351 336 14 
57 359 162 
241 299 195 
149 57 414 
333 442 29 
138 307 399 
479 274 421 
161 444 320 
137 267 154 
305 251 56 
206 288 92 
46 74 209 
215 266 236 
84 211 316 
245 479 97 
254 30 357 
117 337 81 
124 39 113 
264 29 265 
91 90 425 
104 121 290 
92 69 489 
379 354 161 
463 370 445 
60 81 199 
154 244 122 
419 129 138 
346 353 364 
442 376 5 
277 340 306 
274 207 454 
403 213 270 
302 217 131 
291 50 482 
387 112 475 
12 466 490 
86 107 475 
335 252 350 
252 267 186 
143 454 147 
378 202 477 
277 246 54 
65 209 127 
186 77 176 
69 294 26 
63 382 276 
314 283 228 
491 228 11 
417 394 1 
124 390 190 
425 116 12 
421 340 270 
232 125 395 
387 233 220 
170 14 239 
199 121 499 
47 119 268 
285 222 446 
72 269 172 
72 152 331 
75 208 477 
492 417 256 
118 275 135 
284 79 222 
498 460 13 
232 16 251 
395 168 456 
352 292 329 
224 471 305 
33 309 305 
38 489 165 
481 221 402 
180 348 492 
447 432 408 
13 336 164 
116 7 262 
87 452 439 
25 283 51 
169 186 9 
395 273 42 
24 309 254 
193 207 474 
307 176 359 
39 297 422 
346 373 137 
385 318 321 
282 409 369 
114 42 459 
55 325 51 
340 398 450 
497 45 42 
260 37 491 
38 299 221 
400 285 419 
225 144 258 
350 2 295 
288 247 117 
87 306 322 
341 86 456 
156 294 87 
278 411 466 
110 442 454 
206 475 329 
95 220 431 
27 183 225 
454 292 156 
358 212 58 
486 93 191 
18 459 322 
202 59 373 
167 344 334 
498 434 49 
35 160 169 
2 285 51 
336 41 7 
386 148 127 
316 10 275 
173 68 367 
209 154 196 
106 6 179 
370 288 346 
6 394 360 
126 297 391 
224 291 195 
54 130 269 
201 19 354 
23 343 9 
497 203 78 
243 160 246 
353 348 274 
125 200 443 
349 21 349 
462 352 361 
388 293 319 
355 410 104 
293 283 101 
246 86 184 
234 251 28 
264 79 421 
466 223 261 
496 236 35 
239 389 388 
171 166 425 
311 197 320 
462 33 266 
152 202 163 
154 127 235 
469 498 325 
24 211 463 
483 148 378 
248 354 418 
488 16 242 
88 421 5 
480 152 417 
49 433 152 
359 27 39 
473 301 122 
308 124 289 
303 255 34 
336 156 127 
67 134 226 
170 390 81 
7 133 468 
265 253 367 
262 345 272 
145 128 471 
459 138 296 
14 283 199 
161 149 119 
228 62 293 
315 187 230 
207 360 199 
289 372 50 
250 349 462 
234 59 380 
419 264 458 
495 371 9 
334 488 183 
300 194 444 
377 190 321 
11 62 116 
91 366 266 
147 356 127 
228 288 179 
8 345 21 
229 118 201 
443 398 12 
441 77 357 
177 215 151 
71 95 457 
61 381 142 
304 375 499 
205 473 478 
161 48 393 
84 165 191 
15 341 164 
447 276 91 
383 327 279 
455 474 255 
71 278 267 
156 180 160 
364 215 10 
436 142 457 
134 381 47 
163 313 259 
12 468 46 
47 108 432 
322 214 301 
228 311 373 
365 377 158 
42 90 465 
236 302 206 
109 189 335 
29 208 39 
317 325 201 
481 178 12 
174 452 362 
382 369 387 
381 138 72 
295 4 326 
187 465 136 
299 401 424 
259 224 97 
389 395 360 
124 386 17 
359 494 387 
363 280 489 
51 179 109 
433 238 268 
296 469 437 
34 350 351 
396 178 488 
32 324 100 
309 55 85 
250 11 200 
394 66 473 
165 219 115 
194 465 117 
148 189 273 
472 99 128 
117 287 90 
332 139 398 
429 119 455 
188 388 337 
215 21 218 
61 241 382 
303 212 123 
405 450 44 
35 336 84 
266 221 112 
262 158 122 
488 25 65 
88 204 441 
277 284 356 
155 449 172 
6 184 23 
485 164 40 
167 252 379 
244 111 61 
418 376 293 
300 487 448 
66 326 115 
422 391 469 
101 326 369 
477 488 86 
20 322 48 
276 129 233 
223 102 30 
387 484 201 
326 337 89 
390 293 3 
117 415 199 
325 326 450 
316 311 317 
203 281 260 
453 324 450 
499 134 379 
339 254 82 
308 46 421 
330 172 315 
10 183 394 
426 194 137 
98 70 77 
232 328 163 
50 141 174 
239 303 101 
86 423 348 
461 19 113 
483 55 243 
297 225 257 
99 452 12 
410 259 85 
208 455 276 
359 71 181 
364 485 413 
265 469 40 
365 313 451 
0 8 324 
32 30 284 
417 486 490 
148 466 468 
246 215 484 
53 161 470 
316 370 218 
184 136 143 
485 161 380 
74 80 463 
169 163 200 
17 220 180 
491 21 428 
185 470 442 
257 173 476 
235 0 49 
86 396 299 
397 174 131 
295 372 283 
334 483 135 
75 479 261 
351 123 120 
180 278 24 
42 20 425 
191 3 277 
144 176 281 
114 122 136 
425 5 55 
373 115 301 
143 195 115 
465 474 220 
31 261 15 
485 181 485 
114 245 364 
180 101 412 
154 194 498 
292 479 237 
216 176 286 
46 217 249 
34 162 409 
297 261 119 
253 20 389 
130 25 323 
463 222 47 
445 118 322 
130 193 280 
301 383 213 
47 491 52 
497 91 221 
363 207 4 
302 110 174 
32 169 453 
111 195 246 
43 388 27 
92 155 186 
15 213 423 
482 464 470 
263 179 12 
139 305 211 
403 131 157 
398 315 369 
461 282 299 
269 170 253 
284 218 465 
325 361 338 
480 50 353 
265 85 436 
15 280 238 
126 54 409 
364 238 307 
47 119 152 
13 123 118 
199 343 58 
52 57 416 
375 6 388 
496 257 387 
165 291 350 
43 94 201 
36 152 141 
161 317 20 
235 278 406 
288 151 24 
192 277 259 
287 274 358 
461 248 207 
42 131 233 
389 244 185 
342 228 233 
325 37 325 
441 261 50 
59 238 377 
466 115 42 
60 138 352 
299 153 429 
361 286 447 
370 484 270 
205 495 341 
131 381 296 
43 480 383 
360 60 325 
190 491 463 
245 140 421 
279 47 307 
90 267 104 
9 239 404 
287 240 484 
144 141 55 
240 277 84 
200 143 319 
279 446 210 
4 275 400 
482 213 369 
121 295 145 
261 163 160 
365 199 208 
409 463 40 
395 45 105 
192 488 197 
114 327 291 
13 61 166 
385 111 282 
181 190 186 
281 383 407 
285 62 378 
318 12 118 
92 128 388 
301 127 194 
489 69 165 
192 413 268 
20 77 156 
131 454 353 
106 133 305 
462 35 75 
442 306 131 
361 123 466 
395 459 151 
360 252 330 
258 7 192 
286 291 483 
486 406 311 
212 311 402 
86 329 23 
298 368 226 
457 147 407 
347 329 47 
232 228 452 
450 385 449 
309 484 42 
299 246 402 
164 330 33 
48 403 430 
498 462 383 
477 72 184 
331 367 149 
377 12 4 
286 263 330 
288 434 392 
226 433 186 
152 419 102 
63 231 64 
164 373 44 
114 116 62 
275 32 189 
199 184 112 
176 493 309 
372 203 303 
122 166 117 
191 441 65 
331 228 56 
130 235 76 
168 287 45 
324 19 406 
198 69 50 
378 122 488 
458 292 419 
63 259 397 
228 383 52 
123 312 130 
198 74 439 
242 384 0 
392 484 444 
130 425 123 
120 416 232 
25 281 420 
11 469 69 
7 298 154 
279 347 277 
279 264 184 
421 52 421 
462 385 226 
155 120 19 
359 113 353 
137 413 68 
401 169 345 
113 34 0 
400 405 288 
454 330 450 
378 360 459 
334 193 124 
47 307 400 
166 381 358 
421 477 1 
398 258 276 
492 314 23 
74 329 415 
73 285 197 
23 173 179 
187 414 491 
404 418 347 
305 313 380 
393 316 465 
322 364 407 
417 2 75 
32 458 445 
351 67 59 
9 205 36 
67 2 239 
273 140 477 
356 238 94 
65 375 242 
23 324 481 
431 103 415 
6 89 161 
98 443 356 
324 175 130 
489 484 85 
485 364 189 
309 256 263 
347 248 165 
70 257 224 
1 326 323 
290 329 28 
6 349 396 
217 499 342 
400 476 61 
271 485 449 
5 294 285 
448 215 394 
374 281 302 
197 183 319 
73 251 478 
122 33 454 
463 8 256 
11 497 265 
420 412 213 
412 381 77 
396 218 313 
306 271 320 
46 374 235 
345 402 499 
151 1 90 
489 241 175 
365 28 113 
82 81 270 
385 315 280 
138 250 242 
256 444 148 
386 409 119 
449 25 137 
245 308 412 
190 334 290 
289 320 42 
2 471 450 
377 325 47 
51 238 77 
41 486 471 
207 457 275 
433 29 324 
453 28 433 
90 240 447 
408 494 392 
242 274 143 
164 56 203 
31 326 335 
121 86 28 
118 284 148 
244 151 492 
478 89 64 
158 155 21 
165 125 240 
155 479 348 
36 42 487 
337 34 449 
493 129 311 
267 468 207 
487 119 392 
240 64 492 
291 257 239 
38 348 151 
44 88 106 
347 374 299 
230 39 96 
269 197 369 
478 336 165 
307 471 414 
82 433 203 
480 193 446 
373 111 53 
30 340 423 
466 245 168 
103 131 330 
324 247 96 
258 126 469 
493 116 180 
59 42 255 
126 6 219 
338 285 280 
420 296 307 
432 383 51 
308 191 298 
332 377 398 
129 169 119 
483 496 68 
108 258 466 
496 315 336 
430 313 58 
225 271 441 
73 58 379 
282 85 497 
88 320 243 
182 487 343 
380 485 135 
130 450 160 
295 315 317 
191 443 223 
131 439 89 
170 493 65 
256 188 444 
398 370 403 
261 284 380 
273 358 140 
46 139 373 
248 16 16 
222 193 320 
363 340 113 
86 12 97 
394 445 345 
109 467 435 
386 478 385 
111 320 58 
486 159 430 
252 318 215 
355 280 258 
458 487 266 
202 28 273 
207 456 139 
270 308 415 
184 191 160 
315 77 79 
369 445 492 
368 271 495 
365 192 141 
459 361 347 
1 396 221 
147 46 435 
175 405 244 
224 456 291 
37 189 202 
348 312 204 
265 435 23 
404 369 152 
405 135 406 
29 266 79 
153 357 267 
446 51 335 
251 37 133 
10 329 188 
486 270 207 
344 213 51 
263 435 158 
454 184 330 
356 407 425 
221 175 30 
46 458 15 
63 304 328 
1 469 356 
355 45 120 
68 305 174 
219 399 445 
231 116 314 
145 238 303 
43 109 27 
350 297 106 
27 7 326 
393 482 45 
355 233 64 
104 466 353 
112 256 486 
48 427 77 
371 343 416 
220 137 287 
317 12 352 
283 134 220 
394 494 53 
437 69 271 
83 212 347 
379 395 344 
308 80 137 
134 123 10 
193 142 342 
322 217 79 
224 376 69 
48 196 143 
255 294 388 
1 319 166 
180 221 342 
463 389 12 
230 473 435 
74 353 157 
451 438 212 
305 313 339 
14 164 450 
158 188 255 
322 14 400 
71 3 338 
333 420 274 
269 46 83 
402 241 221 
319 354 18 
176 334 206 
58 376 278 
51 369 31 
116 317 163 
460 269 43 
58 105 172 
115 131 241 
49 355 57 
232 15 24 
25 464 362 
329 465 329 
348 424 448 
450 441 125 
184 339 190 
192 73 63 
50 378 121 
19 189 3 
410 356 46 
348 468 283 
404 308 470 
115 462 409 
233 345 296 
96 466 324 
250 49 144 
131 255 158 
117 280 431 
83 483 150 
21 453 4 
163 248 164 
111 64 390 
2 94 475 
423 417 257 
136 281 496 
440 60 325 
222 178 230 
230 181 158 
343 446 107 
370 486 76 
59 436 485 
353 71 365 
147 352 246 
110 475 106 
285 269 498 
120 302 352 
369 374 485 
53 190 316 
95 21 292 
128 245 256 
70 251 331 
332 158 379 
42 186 36 
375 119 398 
487 93 478 
133 74 16 
400 356 143 
57 169 61 
400 460 325 
187 104 413 
170 336 487 
34 199 478 
102 424 457 
218 374 342 
363 25 15 
21 331 350 
68 86 384 
401 314 150 
495 382 199 
431 499 217 
98 437 397 
127 320 276 
416 43 341 
98 26 478 
206 13 281 
152 79 314 
169 127 454 
241 91 239 
462 37 154 
361 301 17 
161 6 465 
484 294 151 
59 146 475 
451 240 272 
392 65 35 
233 76 107 
427 284 39 
324 426 258 
225 234 256 
94 254 165 
211 272 179 
453 3 119 
66 154 66 
99 354 113 
17 309 176 
487 250 358 
226 330 180 
472 374 390 
116 73 266 
9 138 105 
248 6 16 
327 341 109 
243 24 481 
476 481 476 
90 414 354 
183 308 176 
331 335 225 
25 468 368 
65 96 202 
373 478 393 
54 147 55 
245 361 192 
55 55 382 
28 277 287 
1 320 227 
107 402 357 
319 137 310 
485 170 419 
285 177 336 
6 154 158 
233 258 307 
462 392 201 
306 263 33 
147 142 188 
412 417 254 
176 236 161 
237 391 94 
489 162 135 
437 254 198 
292 252 41 
56 265 159 
100 69 327 
202 258 251 
70 338 496 
456 146 390 
293 259 51 
471 71 443 
296 300 216 
360 422 210 
356 219 231 
484 31 454 
154 139 163 
81 314 237 
416 415 298 
48 416 469 
316 430 475 
226 414 491 
476 60 186 
382 295 391 
482 277 57 
337 428 477 
410 354 84 
27 358 69 
24 354 284 
475 333 441 
445 356 72 
464 252 428 
448 163 163 
425 376 307 
413 52 249 
82 107 290 
289 498 298 
396 392 429 
138 439 87 
308 185 198 
219 158 252 
469 328 81 
139 484 454 
436 361 465 
358 451 254 
3 434 173 
344 180 440 
107 277 490 
485 99 439 
29 417 44 
391 293 483 
276 5 408 
322 184 220 
112 100 255 
366 56 132 
35 190 447 
203 333 41 
465 499 401 
165 129 143 
43 189 421 
244 57 119 
108 74 401 
79 306 180 
213 208 69 
261 274 125 
426 446 231 
446 77 28 
36 414 131 
4 23 113 
188 428 146 
203 126 497 
47 316 338 
231 338 331 
425 148 377 
194 182 29 
334 440 247 
432 489 297 
233 134 428 
131 205 437 
306 58 33 
57 196 478 
29 117 275 
286 236 7 
123 93 163 
140 239 214 
76 49 471 
265 463 446 
79 59 234 
397 423 195 
444 72 381 
410 413 49 
145 167 156 
262 428 237 
290 461 331 
13 322 215 
376 152 367 
317 445 317 
230 156 489 
205 133 404 
483 440 222 
68 420 39 
24 302 109 
59 145 406 
47 442 383 
174 352 191 
164 68 275 
365 306 364 
456 39 297 
38 409 26 
230 60 477 
224 424 176 
328 381 341 
20 248 53 
146 464 383 
376 132 229 
429 10 376 
93 121 292 
214 18 468 
21 459 416 
422 462 304 
164 137 59 
467 410 284 
414 193 268 
54 323 21 
127 96 435 
221 107 429 
251 3 369 
413 289 43 
269 480 33 
176 114 201 
181 372 368 
267 387 150 
257 241 252 
187 61 202 
222 417 421 
311 352 41 
104 422 450 
223 59 323 
392 376 74 
58 296 452 
152 188 492 
362 370 227 
366 441 325 
398 294 232 
96 166 442 
62 49 176 
318 185 159 
142 263 366 
445 36 6 
118 283 248 
90 299 90 
243 226 145 
271 497 341 
