1000
3
23 121 444 
240 143 217 
194 369 58 
347 203 217 
447 283 448 
412 411 249 
235 391 6 
249 264 331 
364 419 52 
462 193 451 
80 354 361 
85 495 458 
216 203 341 
120 90 163 
106 29 267 
40 67 416 
207 130 119 
190 180 166 
201 24 101 
420 222 276 
188 280 203 
57 96 208 
366 440 425 
76 74 435 
364 7 396 
258 194 22 
376 299 434 
240 449 380 
192 340 198 
107 26 124 
198 272 161 
103 295 463 
8 445 184 
46 373 384 
236 340 148 
191 431 71 
399 427 284 
451 156 398 
56 464 442 
87 339 1 
302 189 284 
56 265 428 
460 141 80 
450 120 372 
145 7 328 
120 234 151 
282 126 395 
321 463 440 
24 405 84 
269 173 160 
479 293 279 
224 433 267 
488 207 338 
91 334 85 
41 235 0 
42 414 29 
450 450 233 
330 200 203 
412 359 12 
493 381 9 
393 138 211 
20 391 249 
375 289 168 
349 468 40 
348 378 48 
133 446 120 
421 491 252 
329 384 451 
102 250 440 
171 262 274 
299 11 379 
205 3 14 
243 263 480 
361 343 161 
54 465 188 
407 186 335 
160 61 346 
61 444 432 
75 41 356 
288 286 234 
167 271 19 
258 346 301 
466 378 432 
56 23 477 
37 331 489 
289 480 318 
96 201 394 
258 33 396 
237 23 11 
464 410 219 
439 53 192 
173 315 400 
374 195 357 
457 288 78 
332 236 29 
24 333 309 
397 213 356 
367 434 1 
357 120 237 
197 294 388 
293 206 59 
446 11 93 
225 472 184 
466 316 450 
180 450 163 
134 163 159 
130 128 419 
294 68 22 
442 432 303 
347 114 119 
370 416 324 
94 353 61 
33 156 244 
330 311 282 
466 225 492 
235 485 15 
484 476 399 
283 390 209 
135 392 394 
339 35 132 
210 14 134 
466 159 74 
43 57 10 
405 368 2 
100 419 368 
259 419 255 
84 139 375 
412 429 230 
374 108 454 
179 49 224 
100 77 415 
67 282 1 
195 486 330 
7 122 166 
170 452 334 
94 237 384 
391 444 106 
82 157 221 
244 168 303 
197 211 197 
27 81 243 
394 94 205 
146 126 7 
18 429 338 
80 257 324 
207 390 166 
203 163 451 
31 150 344 
149 269 315 
413 148 317 
311 355 317 
114 347 188 
231 326 359 
443 300 131 
366 463 38 
176 212 253 
119 268 383 
281 414 0 
300 437 487 
156 63 126 
71 52 43 
158 278 241 
174 271 262 
284 3 105 
93 196 366 
245 311 203 
376 489 161 
302 120 297 
46 54 364 
293 260 452 
228 439 183 
78 110 188 
135 240 5 
94 339 104 
300 444 67 
157 308 301 
166 288 114 
399 45 18 
300 416 5 
483 246 133 
451 151 253 
215 159 382 
296 307 258 
14 311 233 
278 157 221 
88 441 239 
1 378 132 
313 49 139 
398 303 208 
85 112 337 
179 115 129 
200 487 286 
300 17 401 
493 350 355 
130 285 382 
486 194 401 
67 340 89 
441 258 495 
5 334 209 
294 359 441 
383 381 85 
304 73 456 
429 210 439 
243 217 52 
57 484 475 
54 157 346 
239 75 410 
390 179 221 
186 378 275 
494 49 374 
359 456 382 
430 66 360 
239 333 204 
144 166 92 
73 203 323 
76 437 151 
210 378 136 
231 125 253 
348 67 409 
162 401 388 
234 171 57 
1 49 498 
289 135 496 
301 340 106 
278 416 303 
385 12 127 
201 57 4 
14 230 371 
140 75 160 
75 111 298 
141 348 413 
57 308 136 
344 31 170 
166 160 56 
421 252 115 
374 53 360 
481 45 371 
275 140 374 
264 404 280 
230 82 52 
152 399 30 
414 89 384 
242 462 107 
14 369 11 
61 164 118 
69 5 443 
206 371 74 
135 315 394 
482 101 1 
111 93 25 
195 378 32 
25 108 158 
406 373 32 
287 402 199 
499 28 45 
395 136 362 
343 307 294 
86 493 364 
344 465 35 
428 139 194 
369 401 407 
142 458 228 
327 421 37 
52 29 470 
204 366 370 
155 108 216 
14 494 115 
438 221 472 
433 4 187 
65 389 495 
277 39 19 
357 17 116 
136 124 207 
113 126 439 
350 119 391 
342 344 81 
21 331 85 
462 304 3 
187 395 111 
484 147 137 
421 138 112 
496 276 385 
326 267 305 
332 177 27 
280 172 59 
315 421 480 
160 219 432 
1 69 246 
117 147 317 
34 205 331 
373 18 150 
229 426 358 
178 77 146 
111 168 129 
47 212 379 
334 315 58 
359 260 298 
407 118 209 
338 265 364 
470 486 341 
259 405 201 
224 294 243 
137 250 225 
90 264 342 
498 431 435 
370 171 229 
384 111 293 
130 338 431 
154 7 339 
339 415 176 
149 264 152 
462 106 402 
204 177 416 
223 431 190 
349 405 296 
434 484 219 
185 454 231 
35 408 453 
460 373 480 
40 40 493 
139 49 132 
7 144 247 
141 472 423 
487 346 420 
355 440 64 
103 272 381 
346 345 245 
463 47 77 
230 195 57 
267 53 482 
423 354 68 
80 119 298 
271 435 310 
135 393 433 
69 279 482 
29 423 337 
131 137 245 
9 78 90 
310 178 496 
286 223 80 
276 388 398 
160 330 202 
472 417 134 
30 300 31 
472 390 253 
258 450 143 
347 90 81 
406 334 428 
400 203 260 
149 393 190 
456 71 318 
219 74 296 
113 23 152 
360 461 245 
452 191 57 
327 348 19 
443 181 31 
135 254 88 
39 405 424 
17 331 319 
255 81 43 
322 374 257 
298 268 61 
131 440 467 
139 459 266 
423 277 284 
344 257 487 
95 333 247 
225 375 2 
39 453 52 
437 91 57 
153 104 312 
149 44 103 
124 386 85 
495 446 116 
108 201 376 
110 277 75 
3 161 146 
254 28 372 
262 94 488 
255 240 362 
322 178 204 
67 452 486 
95 409 267 
207 238 301 
101 157 376 
186 14 53 
410 55 475 
278 176 22 
490 474 318 
195 2 3 
361 60 372 
160 344 461 
412 329 191 
55 142 426 
243 166 216 
77 204 397 
256 2 390 
247 440 348 
291 364 62 
78 443 441 
467 416 412 
301 360 49 
125 324 483 
167 154 426 
484 209 273 
478 271 188 
191 301 307 
236 330 155 
430 251 423 
45 132 450 
69 376 122 
103 132 485 
154 486 361 
346 389 415 
351 50 206 
274 407 165 
95 111 317 
123 406 217 
78 232 29 
438 335 288 
135 460 260 
133 319 67 
58 357 63 
456 442 322 
158 82 318 
50 143 315 
415 448 234 
405 339 479 
474 72 150 
224 245 269 
463 466 215 
249 307 14 
225 153 456 
377 203 345 
117 24 414 
74 424 75 
140 345 287 
462 97 367 
255 24 454 
472 137 253 
69 293 267 
63 337 349 
3 53 266 
359 212 389 
329 250 6 
264 289 30 
400 465 440 
476 296 155 
389 440 87 
423 239 331 
457 121 11 
385 343 367 
469 336 280 
433 305 96 
409 204 290 
66 277 347 
163 396 306 
303 64 460 
341 427 348 
293 259 384 
365 31 92 
470 426 425 
160 29 14 
462 377 458 
306 5 68 
95 441 235 
469 327 4 
36 178 174 
363 417 413 
78 399 325 
85 422 286 
261 362 200 
414 186 53 
261 169 187 
268 20 497 
381 208 34 
182 124 312 
310 464 218 
145 318 134 
135 59 296 
83 264 447 
322 449 286 
245 85 163 
143 383 493 
377 303 51 
204 66 37 
141 80 107 
305 148 347 
351 255 78 
418 113 2 
412 270 6 
363 377 139 
60 300 215 
278 470 317 
24 159 63 
326 479 16 
397 295 275 
2 25 193 
357 282 469 
303 269 291 
399 45 108 
226 194 125 
257 254 179 
80 498 388 
37 239 58 
364 350 147 
136 74 394 
106 147 375 
499 97 481 
179 278 481 
439 332 392 
478 91 450 
229 190 181 
447 347 285 
280 145 473 
466 328 267 
467 420 245 
433 49 195 
224 101 446 
150 242 326 
126 485 267 
90 213 383 
232 77 409 
491 268 6 
80 281 333 
99 250 257 
219 489 397 
419 395 185 
98 401 234 
121 465 258 
73 100 357 
428 405 485 
190 318 152 
219 40 120 
86 374 313 
351 215 357 
416 40 6 
58 253 457 
335 18 105 
313 357 358 
170 162 482 
255 27 281 
125 97 70 
497 411 256 
308 319 296 
352 103 430 
200 244 475 
320 497 353 
42 34 70 
264 358 30 
294 378 449 
178 385 45 
497 472 280 
417 210 45 
381 477 207 
283 245 223 
293 52 321 
6 260 92 
176 59 269 
19 323 316 
433 308 364 
98 243 250 
21 37 1 
162 453 262 
189 34 249 
216 327 181 
65 252 252 
375 470 400 
81 56 80 
352 430 122 
1 161 402 
372 259 313 
379 78 40 
391 432 2 
388 295 180 
492 169 107 
383 39 0 
347 115 45 
307 103 319 
21 7 299 
172 16 139 
434 341 13 
144 408 234 
314 256 411 
339 133 90 
362 374 91 
459 325 154 
156 419 424 
135 300 403 
18 383 159 
44 109 19 
280 274 333 
223 324 146 
303 356 369 
46 314 60 
126 106 336 
496 303 272 
130 122 205 
409 182 71 
189 411 265 
67 360 244 
366 352 48 
258 394 30 
400 345 318 
320 165 153 
326 416 33 
40 84 225 
291 163 38 
354 489 410 
41 356 92 
487 340 436 
39 337 77 
211 127 230 
483 187 177 
25 36 271 
117 279 97 
124 459 44 
432 58 125 
162 154 354 
81 431 455 
245 197 35 
475 195 25 
350 119 95 
320 15 217 
471 296 347 
381 416 28 
46 434 338 
439 427 401 
22 111 115 
300 290 156 
151 434 447 
492 263 79 
374 360 379 
28 124 433 
230 477 44 
96 338 343 
115 167 27 
409 352 66 
408 98 498 
419 403 54 
314 207 442 
195 125 209 
242 298 387 
404 213 39 
236 412 276 
402 147 142 
122 352 294 
98 73 294 
436 143 139 
332 466 319 
118 187 74 
380 260 73 
140 23 41 
130 372 463 
371 181 400 
234 36 44 
281 265 448 
481 74 198 
390 249 24 
495 56 427 
81 492 32 
251 97 214 
434 57 108 
468 416 410 
263 340 113 
113 143 75 
89 387 260 
361 359 329 
74 369 60 
455 90 229 
164 346 123 
290 328 278 
313 46 7 
387 364 190 
463 126 51 
220 215 373 
190 463 206 
431 474 39 
371 377 119 
111 316 142 
340 413 334 
303 161 281 
51 416 273 
202 111 418 
24 335 441 
338 67 305 
102 251 404 
386 360 496 
177 314 384 
493 480 362 
430 72 257 
320 59 243 
107 421 93 
34 237 482 
375 167 245 
417 187 159 
25 451 61 
247 155 472 
147 127 323 
123 211 292 
314 261 122 
204 52 321 
253 85 264 
450 102 222 
498 177 266 
414 471 265 
477 23 48 
244 0 194 
75 13 338 
86 334 29 
171 303 100 
432 499 18 
203 444 106 
379 344 360 
281 138 118 
139 268 318 
137 67 219 
64 483 139 
48 8 461 
433 239 287 
212 44 268 
242 496 78 
34 122 325 
46 201 57 
309 255 167 
169 6 188 
141 116 124 
463 21 29 
60 329 192 
465 44 135 
428 13 344 
181 83 444 
318 169 31 
29 66 495 
167 133 24 
2 444 143 
366 314 422 
384 479 469 
126 378 210 
24 116 492 
13 297 310 
132 329 452 
39 38 491 
415 114 493 
21 449 155 
121 215 115 
272 324 314 
6 246 305 
483 481 3 
75 329 128 
56 154 160 
241 380 197 
125 411 296 
348 399 433 
243 432 464 
471 401 253 
302 196 471 
397 338 94 
25 324 19 
259 152 92 
281 348 281 
334 276 317 
80 198 199 
320 350 277 
329 239 157 
69 150 278 
5 27 160 
210 68 160 
423 321 132 
153 308 398 
121 482 226 
332 34 77 
65 335 140 
25 98 311 
334 370 149 
181 385 28 
235 320 52 
445 106 5 
36 363 51 
256 101 163 
389 376 241 
231 23 265 
175 367 120 
180 221 113 
32 279 299 
258 392 171 
291 381 179 
456 448 191 
152 321 151 
469 43 150 
234 79 3 
43 18 321 
94 454 177 
8 153 36 
359 38 324 
380 461 231 
70 317 483 
233 258 99 
496 443 133 
54 357 170 
12 239 11 
144 297 381 
438 283 334 
323 90 167 
87 59 126 
228 326 27 
392 299 138 
243 260 258 
396 116 137 
107 165 192 
178 282 240 
476 274 112 
60 200 438 
185 227 433 
408 296 223 
281 473 451 
334 487 41 
70 45 105 
479 338 477 
192 441 223 
121 59 337 
253 408 369 
157 204 188 
477 437 303 
201 239 287 
273 148 366 
29 403 240 
40 275 29 
482 202 492 
476 13 154 
447 328 284 
11 299 112 
369 400 32 
271 380 208 
29 422 345 
398 29 376 
19 189 134 
425 336 91 
199 268 222 
288 263 184 
52 498 59 
458 471 235 
292 433 469 
448 109 395 
460 357 496 
24 217 161 
380 118 495 
272 216 372 
130 428 139 
183 248 413 
412 394 238 
493 102 157 
274 41 159 
138 394 330 
162 493 37 
32 23 115 
98 97 4 
22 453 33 
315 60 426 
437 409 65 
325 31 230 
186 147 274 
363 400 48 
119 458 30 
326 64 38 
349 491 197 
325 78 312 
269 159 457 
480 402 262 
161 436 141 
328 11 472 
76 422 137 
408 262 62 
116 42 279 
359 329 59 
249 149 98 
77 203 12 
53 135 297 
455 215 465 
97 470 135 
24 453 189 
316 210 213 
428 389 463 
440 47 48 
175 355 411 
320 347 102 
164 5 436 
176 122 280 
39 250 55 
383 171 471 
63 410 298 
471 371 301 
174 302 8 
404 289 85 
175 290 275 
56 14 249 
176 474 354 
37 455 454 
212 235 373 
135 315 282 
387 208 356 
283 242 358 
250 30 297 
287 113 317 
494 59 9 
324 356 374 
287 474 473 
74 463 215 
130 447 26 
439 207 392 
432 136 81 
248 15 380 
176 179 258 
123 99 308 
280 328 335 
377 149 34 
343 373 304 
409 121 413 
175 131 99 
133 304 463 
86 486 497 
196 16 219 
278 403 17 
445 179 151 
359 65 401 
201 446 212 
456 261 150 
361 379 136 
130 363 195 
240 107 329 
233 54 55 
181 30 475 
284 129 402 
407 475 461 
62 459 197 
73 460 257 
456 74 472 
45 457 30 
61 254 447 
237 390 308 
197 419 75 
166 156 492 
419 21 446 
474 227 216 
39 270 107 
474 422 82 
409 306 110 
299 451 249 
276 275 233 
244 340 474 
436 232 135 
363 188 246 
30 155 485 
133 326 365 
104 159 97 
364 372 481 
398 154 303 
434 362 142 
97 283 433 
134 177 76 
257 411 434 
291 117 361 
288 379 334 
158 155 496 
83 112 103 
94 362 292 
259 348 236 
119 79 480 
306 291 297 
48 487 269 
371 71 305 
99 171 499 
0 365 53 
243 346 182 
245 454 274 
317 70 231 
452 321 103 
214 229 259 
293 164 248 
179 258 327 
144 2 480 
230 234 2 
359 481 463 
415 245 184 
16 359 132 
218 298 250 
382 288 60 
152 360 172 
144 295 241 
210 234 213 
155 462 376 
295 412 232 
399 449 462 
368 115 211 
341 76 318 
403 211 113 
483 209 291 
135 367 92 
147 426 390 
