1000
3
450 269 202 
279 180 129 
9 224 16 
328 127 217 
63 11 39 
393 431 367 
425 322 217 
141 276 212 
199 128 315 
364 287 456 
433 47 379 
240 454 166 
197 116 343 
386 115 89 
473 229 485 
319 83 23 
44 224 231 
12 435 191 
436 106 0 
428 133 327 
264 379 129 
330 252 8 
362 303 173 
214 252 78 
495 73 273 
148 62 219 
415 121 21 
230 150 337 
249 498 163 
365 363 181 
226 251 34 
333 14 283 
260 288 194 
110 199 11 
248 229 31 
340 461 58 
171 90 66 
185 381 456 
328 134 444 
374 196 493 
473 140 18 
396 98 0 
368 201 400 
318 278 394 
19 68 182 
146 472 412 
466 478 422 
206 213 206 
406 346 227 
275 70 60 
80 340 314 
376 265 237 
422 417 48 
48 187 54 
186 140 377 
11 62 481 
461 430 196 
458 281 322 
195 261 333 
274 80 168 
141 218 137 
468 161 350 
467 387 348 
480 141 297 
182 385 170 
121 145 425 
344 147 371 
185 247 480 
91 261 32 
56 397 369 
204 344 360 
249 158 108 
71 22 372 
134 295 77 
291 235 473 
51 193 378 
275 191 378 
134 358 230 
298 129 300 
405 337 254 
19 46 5 
184 19 446 
320 261 432 
443 8 294 
247 373 15 
286 151 91 
197 446 160 
375 153 288 
206 352 359 
308 336 225 
109 315 239 
122 360 340 
362 315 426 
42 399 97 
122 387 449 
474 425 374 
121 53 216 
431 131 447 
471 241 322 
33 125 163 
87 133 77 
156 177 368 
237 36 297 
418 161 199 
101 166 188 
88 411 289 
148 40 471 
322 404 78 
403 465 227 
224 243 173 
19 424 386 
412 384 104 
356 34 448 
103 224 293 
432 252 465 
423 424 430 
431 323 120 
487 401 318 
215 51 34 
187 334 120 
252 93 166 
272 188 280 
6 383 460 
304 276 267 
360 218 75 
450 77 494 
368 1 195 
214 369 403 
362 204 334 
358 300 443 
79 44 326 
356 319 15 
72 360 276 
485 491 295 
439 310 196 
199 483 215 
155 219 330 
281 473 311 
449 45 30 
469 97 127 
87 343 378 
277 153 271 
236 260 68 
308 485 163 
91 59 440 
121 28 338 
259 306 451 
317 199 217 
336 283 285 
56 123 328 
152 429 380 
133 40 265 
16 358 226 
445 260 480 
134 32 261 
287 294 343 
288 57 392 
84 290 41 
407 71 301 
280 127 144 
227 334 27 
13 384 147 
349 115 292 
48 153 280 
422 120 370 
240 16 39 
242 406 296 
274 9 303 
208 306 130 
13 18 124 
146 197 218 
418 26 119 
314 55 251 
147 141 445 
53 94 367 
276 129 172 
81 300 385 
80 296 28 
390 226 237 
73 320 311 
201 129 395 
348 214 121 
293 314 346 
207 257 142 
442 486 86 
238 264 236 
244 290 288 
206 417 142 
45 238 268 
421 48 38 
229 123 40 
497 161 440 
401 387 183 
64 456 422 
488 151 352 
435 244 38 
12 268 179 
21 248 380 
235 416 494 
202 50 177 
242 240 229 
107 9 359 
140 333 295 
22 382 19 
28 312 62 
158 67 335 
470 268 171 
285 416 154 
254 459 471 
102 158 247 
441 380 122 
335 251 117 
119 330 249 
168 434 469 
360 228 111 
432 362 192 
206 319 462 
65 205 497 
273 351 430 
38 269 191 
119 205 376 
152 102 468 
45 38 394 
152 399 407 
396 306 231 
475 127 384 
229 135 34 
406 286 13 
350 441 178 
315 55 458 
437 372 149 
136 392 17 
71 214 437 
233 119 72 
323 400 301 
253 441 499 
238 151 66 
105 191 289 
148 420 226 
269 466 414 
274 362 134 
485 194 219 
47 66 496 
126 212 105 
276 205 8 
127 251 411 
271 238 23 
205 194 26 
424 147 394 
421 498 245 
33 124 342 
243 494 482 
303 380 192 
107 195 108 
311 81 139 
197 127 387 
32 344 25 
330 298 478 
324 44 38 
133 337 309 
1 378 376 
474 429 352 
163 14 445 
358 484 268 
273 167 28 
378 82 171 
279 195 68 
459 151 372 
143 154 336 
21 417 366 
225 356 103 
274 226 495 
397 470 451 
378 339 49 
206 65 313 
372 96 356 
459 55 432 
178 396 269 
189 267 246 
89 31 208 
280 379 246 
10 236 430 
259 400 30 
464 428 215 
93 329 323 
299 52 330 
3 326 289 
69 123 53 
360 465 219 
233 92 143 
420 38 36 
108 260 122 
420 427 88 
299 225 467 
192 434 315 
426 197 97 
262 1 101 
454 361 177 
55 158 412 
59 45 456 
388 140 496 
362 217 128 
359 458 31 
391 284 186 
286 306 229 
498 101 108 
395 344 39 
167 9 290 
261 203 404 
396 167 137 
250 185 393 
240 150 392 
250 403 43 
492 102 128 
208 236 153 
386 388 305 
19 159 146 
162 226 1 
49 367 95 
411 79 147 
158 40 360 
104 45 87 
162 352 316 
110 335 177 
435 88 71 
262 141 323 
269 365 378 
43 85 61 
3 70 412 
277 57 397 
387 256 360 
359 425 264 
332 129 433 
422 447 85 
17 404 404 
325 342 319 
151 288 456 
0 209 97 
477 60 408 
275 233 435 
325 205 197 
290 103 83 
90 159 0 
306 154 395 
154 403 331 
139 80 133 
348 187 146 
258 116 242 
112 55 188 
16 71 119 
441 467 6 
439 116 325 
156 51 472 
311 278 206 
354 382 154 
360 182 80 
435 478 257 
302 195 468 
203 469 111 
110 161 76 
393 228 41 
399 73 211 
109 446 450 
221 141 193 
279 294 140 
68 174 309 
83 424 173 
290 18 245 
338 162 168 
219 54 154 
334 184 25 
286 303 332 
280 437 187 
267 279 349 
262 216 62 
364 168 236 
43 338 256 
283 187 87 
174 346 71 
14 18 205 
45 311 159 
124 140 182 
172 381 180 
153 334 346 
84 168 163 
106 123 109 
51 118 325 
398 290 52 
347 480 86 
152 137 185 
263 3 13 
434 72 353 
270 459 280 
372 86 143 
451 183 260 
381 300 85 
358 261 452 
130 32 334 
241 108 163 
392 229 32 
253 161 173 
397 252 53 
198 426 170 
46 231 323 
345 495 289 
72 0 225 
84 94 395 
401 364 484 
87 209 285 
376 178 377 
399 176 398 
310 289 386 
368 297 125 
159 109 471 
201 243 89 
338 261 19 
224 364 473 
193 142 491 
422 169 51 
128 321 37 
32 486 497 
379 1 27 
3 107 484 
59 447 236 
31 261 285 
84 294 486 
126 123 372 
421 142 270 
224 377 51 
28 319 466 
239 474 61 
482 158 133 
138 117 475 
472 148 125 
294 162 439 
241 333 281 
108 364 404 
29 251 313 
218 84 408 
61 53 98 
120 336 258 
434 226 279 
375 151 48 
436 185 461 
212 157 62 
140 66 194 
376 52 344 
464 280 367 
246 475 287 
248 293 244 
127 485 430 
314 453 428 
205 248 19 
72 317 87 
205 78 109 
293 242 354 
296 36 173 
159 420 451 
321 151 208 
463 411 354 
381 347 374 
415 353 250 
102 69 176 
201 334 200 
126 474 479 
34 193 291 
442 345 244 
152 341 367 
106 211 488 
253 398 83 
283 58 104 
177 337 167 
400 499 499 
37 330 322 
389 239 126 
54 394 22 
338 197 19 
264 75 442 
109 323 337 
274 160 91 
476 456 391 
163 476 401 
225 330 403 
127 65 411 
91 487 367 
38 479 202 
88 474 499 
409 344 467 
268 421 471 
113 73 190 
305 467 449 
353 495 199 
86 109 376 
187 12 82 
368 269 243 
204 301 204 
153 23 131 
58 68 153 
222 378 53 
294 88 331 
218 489 224 
432 46 431 
87 456 35 
467 57 438 
485 109 468 
121 402 89 
382 61 214 
477 137 365 
109 171 164 
298 119 484 
448 14 445 
277 356 475 
447 5 363 
466 302 381 
141 387 407 
204 201 64 
105 110 382 
386 348 151 
24 40 139 
154 498 242 
189 268 255 
314 44 28 
298 482 387 
332 215 91 
347 430 427 
167 105 490 
227 49 478 
459 62 241 
195 242 389 
23 416 105 
485 98 137 
34 65 450 
185 12 473 
463 251 95 
50 246 62 
473 240 41 
192 60 462 
438 179 304 
461 465 357 
289 72 422 
394 34 25 
91 64 289 
497 488 139 
11 233 270 
71 88 170 
390 271 40 
175 225 256 
49 477 25 
339 169 88 
83 460 120 
253 333 140 
84 20 412 
54 37 105 
126 378 24 
63 297 442 
131 117 156 
63 210 360 
455 172 438 
286 371 34 
138 250 421 
112 89 136 
415 82 203 
188 273 154 
255 55 297 
122 162 431 
210 89 237 
313 439 484 
395 480 164 
421 306 91 
232 100 132 
376 434 395 
33 141 13 
64 266 149 
422 85 402 
233 409 15 
491 391 84 
288 418 380 
373 184 23 
402 51 79 
38 130 347 
6 413 180 
230 199 371 
76 195 258 
335 242 320 
258 15 393 
337 162 342 
157 427 178 
177 275 20 
226 97 274 
413 293 277 
217 150 14 
134 65 321 
368 20 128 
97 425 437 
127 242 490 
130 496 138 
473 42 157 
212 68 310 
202 397 186 
331 225 180 
420 72 145 
251 426 35 
468 228 463 
255 7 390 
159 336 216 
432 229 362 
482 84 490 
397 410 394 
105 426 477 
476 460 96 
475 106 456 
290 230 371 
33 89 48 
386 492 330 
47 352 62 
32 43 295 
250 300 187 
123 364 154 
248 389 127 
329 292 197 
148 188 310 
490 148 0 
60 138 319 
58 218 224 
359 149 414 
165 449 301 
85 77 391 
347 499 495 
443 465 0 
334 208 438 
259 223 411 
79 217 445 
369 85 395 
271 24 299 
316 40 427 
9 378 46 
244 355 72 
484 393 196 
282 179 3 
18 313 355 
464 238 170 
60 436 221 
125 217 182 
474 267 308 
248 365 13 
148 173 465 
24 234 155 
450 463 356 
239 490 432 
296 301 293 
499 131 168 
392 72 150 
194 134 208 
460 341 251 
288 187 216 
366 222 279 
265 282 52 
343 143 466 
91 51 495 
321 69 154 
383 210 371 
247 260 277 
27 301 255 
158 110 466 
440 287 489 
48 338 328 
494 234 454 
24 246 71 
94 323 243 
367 482 419 
8 229 335 
273 393 204 
120 32 325 
483 475 173 
197 437 131 
90 188 225 
384 149 2 
464 305 206 
282 483 74 
333 404 156 
35 202 3 
145 408 438 
267 427 199 
474 427 146 
152 152 72 
287 143 489 
435 144 445 
375 273 193 
213 444 72 
242 426 185 
120 308 267 
458 424 49 
198 89 252 
4 302 434 
418 479 123 
65 444 355 
136 236 476 
303 417 292 
7 361 23 
220 335 318 
114 249 346 
169 222 368 
32 286 449 
238 457 289 
20 405 344 
370 149 273 
199 26 30 
74 345 276 
409 470 445 
421 323 487 
97 497 458 
42 256 106 
195 443 244 
0 330 221 
64 0 282 
18 206 467 
53 380 365 
42 188 396 
291 391 235 
104 110 47 
469 443 133 
408 51 396 
430 287 227 
484 166 295 
203 490 80 
352 408 422 
180 41 307 
459 429 333 
223 361 170 
314 141 153 
366 2 100 
452 434 371 
287 80 68 
45 278 134 
451 290 226 
269 326 153 
202 141 250 
98 51 0 
383 387 450 
142 366 231 
381 255 202 
71 53 329 
457 86 472 
444 67 387 
223 66 211 
102 366 143 
185 36 127 
146 427 192 
189 180 20 
430 23 2 
391 47 257 
49 454 88 
115 307 462 
356 109 149 
335 133 71 
152 285 443 
375 134 454 
140 260 485 
269 328 85 
148 491 164 
395 278 157 
438 8 98 
129 288 475 
97 26 170 
414 492 2 
311 406 171 
391 145 277 
459 308 493 
28 107 71 
141 4 178 
120 296 401 
305 75 96 
195 228 23 
319 217 208 
179 480 91 
379 194 382 
459 64 416 
44 236 458 
51 435 228 
220 252 289 
113 59 36 
130 79 304 
91 60 348 
338 64 498 
340 267 262 
414 104 284 
43 313 3 
198 243 139 
216 160 40 
499 12 383 
121 234 395 
288 406 311 
170 450 371 
220 256 44 
469 140 461 
451 306 40 
65 489 184 
224 462 53 
134 115 226 
395 90 220 
79 121 51 
37 112 491 
495 118 33 
108 489 250 
224 58 366 
197 256 12 
153 41 83 
240 429 108 
363 255 463 
396 465 492 
470 314 322 
449 236 393 
352 110 414 
67 153 193 
335 94 463 
20 490 393 
252 21 470 
466 169 75 
363 152 47 
481 279 246 
149 168 207 
138 469 460 
405 268 277 
472 344 211 
182 162 282 
50 349 34 
181 445 367 
158 56 219 
143 84 297 
492 157 378 
331 16 182 
253 482 251 
459 341 482 
36 24 160 
319 389 271 
463 154 260 
274 156 324 
204 62 12 
93 88 413 
305 320 161 
411 23 93 
31 264 161 
57 25 133 
193 215 74 
350 428 210 
405 94 131 
499 282 158 
30 270 498 
240 275 59 
368 103 200 
203 73 331 
127 474 231 
143 386 75 
152 319 391 
336 42 462 
10 130 263 
92 331 5 
369 206 292 
411 452 135 
210 43 356 
297 268 234 
270 113 259 
313 136 100 
306 437 345 
196 376 389 
336 308 172 
50 312 276 
446 272 264 
376 138 440 
92 223 201 
74 308 132 
288 226 267 
70 278 24 
126 390 419 
321 491 429 
451 217 455 
456 173 459 
38 444 80 
284 50 286 
496 52 385 
178 334 98 
396 58 398 
95 385 386 
230 118 152 
493 403 463 
390 298 325 
290 412 226 
445 51 108 
456 238 441 
82 491 398 
396 456 250 
198 376 152 
105 453 115 
243 305 95 
411 451 193 
445 382 171 
98 474 14 
315 155 451 
221 31 438 
468 362 33 
495 48 147 
363 207 87 
168 147 456 
209 140 101 
446 366 486 
243 166 276 
70 300 78 
468 115 156 
321 17 466 
245 204 93 
33 167 382 
406 497 269 
15 209 409 
14 83 421 
10 499 386 
255 428 24 
28 434 228 
4 494 38 
91 147 270 
114 493 397 
406 410 272 
399 137 152 
271 238 99 
287 293 497 
291 279 460 
426 68 205 
314 273 3 
418 315 124 
221 274 163 
19 105 82 
43 427 382 
302 304 147 
326 427 433 
238 70 186 
467 492 162 
14 374 341 
297 124 62 
68 460 284 
483 430 264 
369 135 409 
274 365 35 
64 158 102 
397 29 271 
97 93 442 
166 382 434 
342 478 14 
349 172 133 
401 309 127 
306 227 345 
272 375 18 
187 1 45 
419 145 407 
334 90 432 
402 243 155 
153 53 272 
29 464 493 
126 39 432 
372 388 476 
139 175 49 
361 416 77 
329 37 455 
459 486 488 
470 280 272 
52 38 114 
242 86 385 
228 88 402 
47 99 334 
161 139 352 
25 324 428 
215 477 73 
433 258 259 
351 283 230 
342 52 137 
79 333 395 
226 144 136 
416 168 21 
493 475 184 
481 454 84 
331 404 196 
442 160 85 
206 375 363 
101 437 248 
334 231 188 
199 487 221 
496 25 463 
137 250 186 
150 78 200 
364 51 142 
418 448 383 
188 147 225 
391 215 125 
207 123 65 
466 191 230 
234 319 57 
199 401 179 
126 413 241 
462 305 412 
198 300 322 
493 448 170 
385 256 369 
