1000
3
171 197 485 
63 48 302 
454 5 215 
248 256 246 
204 79 371 
84 325 361 
456 183 336 
391 247 264 
394 200 50 
327 138 52 
174 157 92 
430 30 339 
206 58 162 
395 489 387 
87 321 281 
476 47 289 
394 75 25 
339 307 51 
480 331 117 
131 298 45 
117 356 389 
118 451 438 
328 401 378 
16 311 305 
34 474 235 
374 349 352 
238 42 443 
174 173 268 
85 215 73 
189 272 147 
385 87 184 
13 376 97 
207 65 463 
333 469 187 
45 62 317 
456 162 306 
461 359 427 
349 387 85 
380 415 304 
202 430 347 
380 285 448 
477 240 94 
472 444 9 
114 362 233 
445 275 28 
19 54 363 
354 452 107 
28 303 260 
159 322 73 
333 215 312 
221 296 336 
369 474 175 
410 335 36 
29 352 315 
350 298 55 
317 421 348 
174 245 489 
359 233 279 
372 212 243 
387 282 475 
462 382 424 
394 49 187 
33 146 68 
497 80 316 
432 62 448 
409 204 136 
119 224 357 
87 404 297 
197 357 244 
344 354 358 
93 407 425 
272 402 237 
227 226 99 
344 180 232 
121 419 275 
117 446 197 
90 237 210 
244 398 42 
222 466 237 
113 155 129 
472 49 210 
107 56 405 
324 147 160 
376 417 435 
300 395 78 
407 162 410 
104 306 122 
31 363 468 
370 36 218 
200 171 367 
307 203 166 
245 487 282 
83 37 344 
102 147 424 
87 354 278 
198 159 375 
235 290 216 
244 333 130 
429 47 476 
282 227 28 
53 60 350 
322 435 218 
290 68 334 
133 312 83 
362 113 317 
249 121 29 
496 489 186 
41 140 279 
121 327 424 
278 205 380 
238 15 6 
332 127 21 
364 252 441 
110 449 320 
312 337 245 
372 30 304 
116 241 358 
2 491 155 
153 111 336 
213 76 441 
156 174 491 
308 25 97 
418 380 369 
479 445 10 
120 194 134 
53 46 226 
140 348 361 
70 168 14 
220 436 119 
497 312 97 
46 415 482 
183 210 179 
64 145 380 
329 105 495 
305 114 143 
56 0 219 
146 137 433 
47 95 375 
250 20 448 
392 381 111 
27 190 325 
233 206 253 
66 64 110 
284 456 122 
305 344 208 
120 462 197 
241 70 187 
482 70 427 
205 288 381 
329 81 366 
369 403 412 
240 197 351 
341 330 312 
39 14 361 
322 363 180 
450 441 10 
81 30 494 
99 245 417 
46 195 21 
222 156 352 
31 312 29 
424 486 416 
83 412 143 
444 180 465 
170 132 99 
18 15 340 
105 323 208 
450 149 390 
359 206 471 
167 86 392 
335 230 187 
300 218 374 
155 245 238 
345 423 125 
26 192 377 
446 409 405 
157 284 188 
340 323 449 
372 346 30 
261 195 411 
260 186 38 
367 48 64 
271 310 170 
68 302 318 
425 179 333 
406 151 90 
394 280 15 
420 293 3 
71 464 114 
28 245 325 
463 247 119 
29 418 299 
112 386 290 
118 238 80 
91 306 426 
488 499 230 
96 345 478 
309 44 489 
270 118 38 
415 252 119 
145 336 82 
96 271 384 
294 289 288 
23 233 456 
341 390 126 
114 102 133 
290 448 48 
142 87 62 
185 75 213 
175 193 148 
221 485 13 
221 38 312 
211 388 246 
386 110 272 
305 451 354 
73 34 42 
156 230 179 
12 431 5 
279 375 457 
482 499 48 
320 149 217 
432 90 115 
89 93 321 
80 191 21 
266 63 186 
423 437 37 
467 229 476 
283 257 106 
52 263 313 
66 189 126 
304 332 20 
78 64 360 
323 335 312 
422 380 488 
356 367 383 
61 52 20 
454 35 245 
480 496 223 
62 91 93 
171 134 205 
460 467 299 
387 335 54 
275 6 405 
358 367 107 
76 349 425 
180 238 81 
442 110 321 
390 125 318 
337 0 92 
114 406 290 
5 424 179 
253 429 290 
355 329 129 
70 320 406 
374 136 89 
51 214 308 
450 69 65 
201 18 262 
478 469 150 
353 92 46 
373 31 346 
296 466 8 
87 479 106 
112 22 256 
195 436 348 
382 19 192 
236 186 328 
192 173 174 
361 184 5 
474 448 193 
210 237 363 
106 317 77 
336 15 326 
412 54 462 
350 435 258 
452 154 179 
335 110 54 
90 179 197 
426 112 290 
40 116 4 
330 118 289 
291 36 36 
474 63 81 
68 173 112 
37 360 478 
168 246 494 
220 497 311 
261 288 378 
68 278 424 
227 473 296 
389 161 45 
282 319 14 
372 484 154 
437 394 357 
146 283 241 
28 1 458 
379 421 158 
423 252 268 
446 0 22 
213 410 419 
18 406 483 
410 116 94 
30 135 279 
227 484 68 
299 464 471 
265 176 81 
224 311 416 
427 463 317 
146 111 165 
432 294 355 
421 76 317 
142 95 99 
413 142 99 
447 13 4 
477 184 123 
451 378 50 
400 437 41 
464 154 415 
101 59 193 
219 312 288 
239 301 405 
474 70 99 
375 95 80 
270 237 13 
123 319 191 
272 371 467 
15 143 59 
396 446 192 
480 388 390 
314 86 51 
371 98 362 
253 42 398 
17 193 422 
170 498 482 
406 9 407 
309 296 197 
6 284 120 
478 7 486 
122 125 243 
300 315 56 
399 88 23 
375 107 168 
499 266 442 
29 137 498 
470 182 396 
219 162 409 
476 222 209 
194 143 97 
3 224 70 
236 250 89 
171 395 237 
309 355 342 
425 350 205 
300 33 350 
73 245 53 
350 444 219 
421 352 253 
344 7 13 
329 411 334 
446 468 292 
10 408 416 
322 397 430 
31 388 296 
419 424 115 
107 309 331 
432 455 426 
66 365 494 
293 109 291 
493 477 302 
336 418 402 
422 226 138 
221 240 497 
465 20 332 
356 265 82 
276 319 354 
133 342 294 
151 129 478 
470 254 84 
251 331 134 
189 214 260 
426 171 148 
442 303 88 
236 168 258 
242 352 244 
132 485 5 
97 343 54 
123 444 278 
321 219 188 
458 382 200 
395 99 427 
496 79 486 
82 132 52 
152 85 196 
383 489 108 
429 234 308 
358 22 419 
42 229 149 
298 331 428 
30 429 28 
471 302 307 
211 86 358 
330 318 265 
388 127 202 
408 259 410 
64 231 19 
102 385 83 
276 175 356 
177 292 244 
86 487 431 
436 70 53 
435 237 327 
337 14 424 
238 264 435 
471 340 445 
86 26 121 
155 448 498 
369 330 283 
51 311 11 
400 337 88 
455 386 42 
486 150 78 
47 231 485 
88 184 337 
6 322 58 
67 495 82 
306 38 411 
386 88 5 
4 75 245 
189 126 29 
477 61 242 
190 445 442 
350 260 170 
209 214 10 
340 405 111 
227 390 407 
72 84 322 
245 451 272 
48 44 98 
423 480 484 
202 412 466 
164 173 93 
254 316 480 
44 81 300 
1 278 112 
353 287 160 
419 111 66 
375 214 41 
191 263 307 
87 158 424 
93 462 92 
280 390 10 
52 469 406 
2 488 386 
205 6 64 
61 310 89 
475 161 151 
331 279 146 
442 321 192 
101 129 433 
193 414 426 
97 127 186 
393 243 2 
103 400 67 
75 478 254 
4 427 387 
239 397 79 
284 36 28 
237 468 378 
323 450 188 
102 483 91 
393 52 315 
280 417 73 
285 145 354 
64 126 144 
349 403 393 
484 256 440 
21 334 371 
79 106 45 
102 135 302 
416 244 485 
408 311 465 
452 298 110 
56 364 267 
60 248 134 
401 267 26 
73 249 90 
236 196 442 
432 389 303 
488 23 336 
359 49 94 
443 387 394 
391 361 405 
264 142 198 
446 295 254 
243 454 35 
189 493 60 
485 93 386 
35 58 374 
287 301 495 
263 461 492 
346 253 171 
207 13 438 
74 399 104 
175 296 29 
169 421 56 
253 340 178 
6 347 489 
224 427 345 
86 19 343 
384 142 33 
155 377 228 
8 95 375 
150 239 404 
10 377 413 
328 335 390 
491 498 389 
7 45 54 
363 240 333 
419 426 378 
71 347 170 
130 245 64 
482 267 247 
340 476 445 
324 339 38 
437 436 385 
44 10 241 
495 364 486 
254 232 64 
187 182 93 
362 122 467 
10 469 290 
439 321 384 
351 295 92 
1 189 243 
34 264 399 
434 184 30 
316 120 173 
113 196 237 
320 17 117 
276 199 478 
487 46 25 
1 95 346 
205 393 327 
491 13 416 
90 309 91 
423 154 184 
47 266 324 
50 21 212 
93 407 495 
147 31 364 
291 113 399 
17 487 288 
160 196 178 
323 353 196 
430 414 397 
258 112 226 
156 304 304 
283 307 404 
287 109 369 
340 280 110 
453 316 298 
390 51 259 
72 79 162 
95 26 429 
252 413 464 
326 278 422 
266 179 260 
129 382 79 
201 338 147 
376 464 174 
59 105 409 
485 272 139 
391 33 192 
401 304 193 
362 83 432 
302 14 429 
172 49 148 
437 102 324 
38 491 477 
203 132 82 
454 56 477 
321 38 378 
4 324 24 
6 124 164 
291 436 106 
89 257 236 
268 455 492 
467 72 185 
458 220 191 
63 192 177 
460 34 251 
47 416 74 
58 277 407 
15 208 242 
191 189 203 
385 2 79 
179 59 314 
140 441 432 
360 129 100 
234 357 178 
237 259 413 
495 291 313 
110 23 225 
353 89 81 
305 122 161 
320 135 292 
177 441 30 
241 33 499 
148 59 181 
71 340 217 
224 497 269 
488 219 275 
70 142 215 
437 360 194 
286 211 485 
313 50 164 
427 381 88 
328 371 392 
92 100 192 
258 238 217 
402 273 29 
391 99 442 
484 377 316 
492 181 440 
35 423 362 
60 186 63 
139 6 120 
284 247 11 
440 252 223 
13 374 131 
481 129 262 
31 279 150 
412 479 54 
490 381 354 
338 287 61 
374 404 328 
10 417 339 
81 182 345 
150 409 426 
244 139 264 
265 496 76 
78 388 154 
166 215 183 
180 318 128 
490 397 265 
443 322 317 
278 107 339 
435 35 174 
484 263 228 
449 485 424 
98 182 130 
199 128 257 
208 126 86 
161 185 441 
176 209 429 
463 47 331 
352 229 289 
325 443 95 
365 429 87 
460 151 12 
225 77 62 
378 464 73 
473 328 182 
480 108 138 
137 386 216 
0 339 140 
278 332 472 
78 408 443 
344 96 391 
186 270 299 
349 431 387 
206 179 257 
496 134 383 
364 398 480 
323 7 204 
163 254 369 
92 411 344 
214 112 88 
130 243 25 
383 88 476 
337 307 43 
331 245 176 
319 115 378 
246 17 218 
420 360 55 
147 174 444 
1 488 29 
104 428 49 
296 379 174 
195 93 106 
41 488 94 
201 48 154 
360 302 304 
95 469 461 
393 353 365 
63 121 3 
186 401 358 
425 60 371 
443 416 7 
491 109 350 
210 56 296 
413 370 445 
26 122 197 
332 469 34 
405 359 285 
389 79 94 
276 15 460 
314 93 80 
318 450 100 
92 30 116 
99 200 143 
214 179 244 
412 76 11 
18 178 47 
219 272 91 
8 185 310 
291 367 12 
3 145 318 
457 438 392 
358 399 136 
457 474 360 
333 352 27 
230 45 49 
376 240 482 
432 170 273 
184 255 184 
491 440 325 
462 357 70 
185 159 492 
325 12 493 
296 445 22 
304 459 454 
496 32 263 
247 312 318 
201 390 268 
217 307 203 
204 266 445 
344 470 121 
412 312 307 
227 336 271 
480 82 456 
167 168 40 
233 33 325 
320 192 255 
303 297 293 
131 20 361 
233 444 203 
172 112 64 
376 87 296 
415 124 459 
174 403 94 
202 182 378 
313 296 158 
440 486 439 
204 425 366 
247 254 207 
302 266 259 
177 307 480 
420 14 408 
341 129 273 
295 408 57 
446 380 64 
358 65 321 
305 22 50 
219 494 0 
57 430 283 
130 368 268 
311 314 100 
356 451 213 
89 263 49 
368 211 325 
372 47 18 
444 140 405 
40 477 352 
165 371 472 
85 442 466 
283 80 394 
25 380 156 
82 353 188 
125 226 193 
407 463 488 
408 457 24 
82 12 448 
227 165 85 
333 407 406 
59 193 186 
360 252 472 
176 85 70 
477 65 161 
209 296 14 
241 230 70 
74 5 329 
204 220 23 
349 206 437 
221 242 440 
123 302 466 
102 167 170 
113 341 181 
1 295 70 
275 81 472 
315 174 488 
61 306 126 
455 10 177 
63 478 84 
404 36 38 
384 306 116 
145 189 287 
264 350 51 
339 32 320 
377 433 362 
285 210 459 
37 235 220 
25 167 323 
254 53 215 
95 417 477 
311 85 278 
104 161 419 
130 484 468 
78 262 18 
414 55 426 
289 449 197 
418 324 251 
296 253 125 
278 92 430 
339 487 177 
384 329 63 
487 481 30 
276 259 11 
365 43 173 
496 305 437 
14 124 137 
268 17 349 
303 484 189 
475 208 135 
82 118 16 
90 137 209 
347 162 400 
121 119 376 
243 19 30 
45 408 471 
301 422 176 
50 107 376 
374 67 199 
107 492 422 
137 489 298 
433 351 434 
11 397 13 
151 374 377 
252 96 193 
242 396 416 
461 71 365 
137 419 336 
438 200 263 
371 225 66 
339 454 79 
336 299 276 
365 141 311 
18 362 275 
183 278 0 
158 134 168 
193 445 258 
246 230 45 
485 406 106 
4 417 266 
437 179 354 
319 292 317 
493 367 286 
400 89 150 
78 253 242 
304 444 296 
261 318 310 
94 246 346 
347 368 323 
148 319 185 
183 275 494 
60 199 6 
399 283 212 
409 449 424 
484 96 201 
230 143 362 
219 368 264 
202 335 182 
482 415 445 
37 133 27 
60 18 72 
7 232 275 
188 125 304 
210 393 135 
486 475 357 
484 54 121 
287 461 218 
188 253 10 
369 6 401 
454 99 371 
482 69 451 
168 323 122 
40 145 422 
290 134 167 
187 180 459 
30 68 166 
51 282 269 
13 40 489 
341 229 54 
309 411 299 
402 448 79 
296 211 422 
177 343 46 
342 449 448 
451 498 402 
342 329 484 
9 158 363 
374 165 333 
246 55 495 
327 47 271 
80 422 181 
242 316 375 
328 188 220 
228 369 250 
473 263 410 
337 446 15 
238 459 451 
497 210 304 
183 106 99 
234 21 76 
409 77 165 
254 337 114 
301 366 442 
295 303 270 
446 1 209 
495 247 106 
472 403 450 
354 15 58 
480 313 396 
415 112 185 
429 156 318 
479 341 264 
118 217 202 
101 81 215 
354 328 80 
10 342 165 
182 241 3 
227 172 73 
269 52 149 
432 155 390 
101 226 140 
420 475 495 
20 464 418 
333 38 41 
409 314 486 
24 200 135 
52 47 215 
85 228 347 
33 483 301 
305 146 401 
328 449 113 
40 54 46 
213 20 350 
485 116 107 
250 264 178 
238 186 63 
489 291 15 
179 418 338 
421 275 484 
81 219 332 
273 385 276 
72 184 430 
471 176 106 
443 188 216 
126 406 178 
108 45 35 
402 288 56 
489 418 284 
119 497 332 
362 418 132 
270 258 95 
219 386 172 
319 218 178 
117 188 98 
329 60 201 
352 186 472 
236 396 27 
204 440 23 
451 302 450 
17 456 469 
98 178 391 
293 216 292 
54 189 38 
158 424 473 
158 164 250 
314 340 0 
386 160 324 
329 104 371 
398 287 360 
249 123 63 
402 271 213 
216 486 239 
148 215 96 
31 260 283 
281 17 455 
446 49 462 
