1000
3
156 75 474 
53 173 206 
460 378 326 
434 126 145 
484 170 91 
32 126 60 
49 43 90 
335 124 125 
499 434 17 
339 174 153 
175 232 53 
117 209 122 
239 275 394 
311 93 470 
307 221 35 
417 135 462 
39 425 381 
263 3 363 
288 404 298 
420 335 172 
4 70 181 
431 247 230 
366 45 219 
28 493 409 
222 341 299 
332 18 254 
292 205 51 
299 294 3 
272 483 221 
238 146 450 
331 374 92 
367 117 117 
115 117 223 
335 66 234 
239 397 99 
208 207 79 
300 280 189 
363 88 380 
348 212 189 
392 29 295 
388 182 349 
490 117 384 
329 3 61 
399 19 352 
423 133 0 
149 418 118 
447 477 401 
296 491 318 
104 182 323 
229 379 201 
325 247 397 
287 360 407 
51 408 214 
109 445 398 
470 238 362 
452 213 106 
235 75 128 
407 93 470 
458 288 28 
144 339 206 
321 80 479 
294 40 405 
322 150 295 
392 66 26 
362 479 212 
328 171 56 
429 4 492 
211 208 400 
141 269 381 
135 300 6 
376 460 119 
278 219 124 
11 96 462 
478 455 287 
153 84 121 
31 297 499 
335 28 497 
230 335 427 
445 128 20 
130 200 36 
35 388 462 
231 409 462 
452 317 488 
57 208 452 
134 159 230 
70 70 237 
29 361 493 
38 365 354 
345 113 389 
64 74 460 
88 151 87 
91 205 97 
308 201 343 
369 197 58 
456 135 497 
433 118 427 
381 461 352 
274 221 416 
200 91 374 
383 398 415 
319 344 48 
164 486 433 
197 468 295 
291 155 327 
222 97 330 
207 9 228 
240 253 426 
307 227 396 
144 330 42 
480 490 216 
230 9 348 
398 94 163 
321 372 114 
96 398 331 
297 49 453 
61 466 89 
43 162 489 
358 404 291 
408 398 329 
433 476 3 
72 387 307 
307 160 398 
399 444 72 
119 40 16 
17 318 484 
453 316 106 
272 304 15 
340 200 95 
28 302 364 
257 144 177 
370 14 421 
319 223 233 
151 319 261 
359 98 314 
79 348 177 
408 273 216 
32 52 320 
208 327 25 
454 248 346 
318 447 251 
473 122 303 
158 165 109 
52 261 138 
262 344 123 
53 257 192 
97 85 456 
228 146 429 
451 494 330 
9 95 79 
409 326 197 
53 236 225 
23 8 155 
180 198 456 
238 280 470 
451 98 203 
65 373 290 
65 492 31 
348 127 452 
362 34 304 
459 442 162 
487 50 279 
183 347 469 
328 121 422 
399 261 389 
77 292 35 
98 457 364 
115 416 262 
441 33 384 
45 2 249 
130 140 140 
187 139 479 
465 471 296 
99 295 323 
96 342 403 
406 240 98 
440 23 236 
318 452 394 
274 139 110 
472 118 484 
384 85 149 
74 252 259 
496 108 322 
38 176 278 
142 319 476 
441 442 374 
147 57 282 
144 109 192 
28 199 344 
364 205 48 
296 212 264 
259 252 405 
180 426 261 
22 174 77 
190 287 142 
150 449 255 
384 399 396 
112 193 161 
287 153 408 
380 443 454 
114 174 465 
181 302 207 
373 9 479 
239 101 347 
383 478 266 
70 451 376 
111 108 149 
100 434 3 
34 51 383 
34 132 103 
134 279 474 
362 493 455 
368 74 476 
398 466 142 
206 205 111 
99 281 447 
208 6 13 
263 117 289 
34 20 128 
109 101 123 
288 410 430 
97 449 147 
351 265 95 
42 163 53 
333 164 342 
258 389 202 
182 199 342 
19 133 249 
393 6 218 
421 240 184 
360 267 140 
483 246 180 
63 354 69 
280 284 68 
437 313 39 
109 234 180 
301 428 338 
349 264 384 
269 414 171 
387 354 161 
182 79 318 
3 29 180 
54 486 147 
338 41 444 
10 397 219 
322 289 36 
303 247 255 
370 232 217 
335 224 70 
118 409 299 
460 373 381 
419 458 384 
202 15 383 
69 346 424 
456 325 77 
67 423 49 
99 446 183 
365 99 135 
385 263 35 
444 321 453 
94 312 335 
127 266 200 
171 31 439 
150 252 184 
308 467 190 
110 57 356 
321 229 21 
174 259 48 
90 314 119 
180 459 132 
428 486 466 
41 300 33 
129 209 467 
251 200 147 
238 320 432 
20 203 184 
210 374 436 
238 218 125 
215 409 147 
385 261 55 
4 383 64 
258 306 310 
261 155 45 
450 460 491 
325 232 192 
339 271 362 
407 56 364 
471 408 312 
366 306 414 
188 165 66 
8 321 394 
405 153 485 
92 359 122 
487 219 9 
52 194 238 
151 258 99 
408 486 498 
179 212 273 
101 32 183 
330 190 81 
322 171 411 
216 193 192 
307 367 310 
12 250 147 
495 491 329 
137 316 59 
81 216 477 
3 204 320 
472 310 333 
281 387 144 
106 431 321 
299 15 2 
344 117 369 
491 10 430 
9 466 32 
62 360 40 
18 440 272 
324 484 358 
329 213 362 
180 265 211 
238 117 93 
255 339 374 
210 74 11 
406 113 327 
170 135 59 
244 263 422 
213 350 15 
161 312 361 
165 499 288 
119 245 417 
319 19 362 
205 453 481 
170 379 391 
329 300 487 
169 381 305 
368 430 466 
492 118 308 
265 289 404 
116 22 317 
352 479 66 
329 320 170 
387 253 63 
76 281 464 
400 227 246 
309 247 191 
245 140 417 
39 431 146 
83 201 495 
36 248 332 
464 4 44 
192 390 47 
352 3 357 
55 3 387 
246 211 432 
249 405 386 
387 373 237 
477 330 72 
71 62 92 
107 217 170 
353 45 201 
282 281 161 
375 181 403 
77 29 281 
394 359 290 
177 223 282 
222 197 78 
25 435 310 
144 112 167 
124 82 248 
246 348 115 
78 287 410 
132 388 428 
181 216 48 
410 299 52 
390 107 177 
273 161 378 
356 257 441 
45 169 193 
56 282 231 
200 78 288 
455 118 336 
390 117 252 
390 302 106 
75 177 211 
469 316 5 
386 296 158 
178 407 271 
335 270 208 
472 54 47 
80 420 439 
363 221 326 
450 410 464 
314 129 443 
109 336 160 
216 255 434 
230 284 466 
268 90 170 
136 51 489 
56 311 422 
364 298 309 
330 298 409 
18 313 75 
465 439 70 
280 443 140 
339 118 127 
151 323 464 
294 41 134 
261 236 122 
116 311 231 
69 131 245 
119 366 455 
326 405 127 
268 161 479 
346 253 461 
146 261 255 
495 320 153 
456 459 353 
437 115 407 
253 155 434 
56 475 289 
464 138 229 
398 141 191 
476 240 331 
224 143 73 
470 499 204 
10 356 282 
491 132 200 
497 64 199 
106 340 256 
258 404 292 
263 128 355 
200 261 305 
228 184 484 
272 230 116 
434 177 254 
123 412 96 
155 475 403 
316 244 486 
258 475 399 
348 117 131 
163 180 25 
218 378 5 
302 239 441 
497 94 96 
330 237 267 
425 301 204 
444 135 91 
458 96 122 
107 50 421 
348 318 323 
317 367 259 
284 483 419 
260 367 289 
393 356 191 
337 392 62 
239 259 325 
306 75 270 
370 368 483 
123 129 182 
51 327 332 
431 405 431 
357 355 143 
427 426 241 
100 384 358 
33 82 255 
420 382 306 
128 166 395 
183 460 311 
186 330 359 
413 457 28 
1 449 439 
94 420 49 
348 25 255 
484 369 126 
338 182 371 
61 115 483 
18 74 61 
166 69 489 
388 436 341 
175 457 207 
8 239 147 
16 60 491 
243 119 137 
107 80 249 
0 299 124 
258 19 301 
261 483 150 
72 39 403 
127 89 359 
469 241 174 
408 229 342 
184 249 385 
324 446 368 
344 16 221 
351 369 147 
169 361 385 
284 129 412 
102 122 262 
477 197 167 
22 493 224 
347 108 212 
441 104 204 
35 327 410 
288 52 311 
174 474 246 
307 288 55 
338 335 355 
50 73 141 
439 497 72 
102 193 440 
226 360 449 
443 138 375 
221 410 369 
419 410 477 
122 56 198 
51 190 89 
69 108 330 
333 64 323 
393 371 347 
425 395 296 
279 476 22 
272 157 256 
253 125 378 
427 155 29 
220 462 183 
392 158 475 
210 341 477 
50 493 145 
199 393 130 
354 300 215 
246 394 75 
26 345 489 
402 331 254 
73 171 371 
317 9 405 
225 414 81 
379 315 8 
240 332 32 
20 369 431 
283 245 108 
57 121 330 
313 405 49 
11 287 40 
153 340 282 
440 5 198 
323 319 240 
144 433 304 
90 55 69 
74 122 366 
197 480 82 
426 414 462 
133 206 28 
487 377 279 
481 460 336 
55 201 488 
417 428 194 
116 497 423 
240 34 269 
422 442 155 
28 188 375 
488 97 329 
356 363 401 
419 355 227 
131 327 292 
0 45 176 
412 479 113 
349 135 267 
205 174 409 
169 432 31 
353 140 33 
257 337 45 
157 38 493 
261 251 288 
354 429 495 
421 401 438 
405 358 281 
315 362 438 
142 264 213 
70 279 117 
354 384 475 
352 471 473 
482 160 61 
309 39 190 
85 377 290 
450 416 331 
465 244 302 
278 296 90 
142 323 475 
23 447 170 
1 413 279 
263 172 266 
17 117 75 
84 50 145 
492 244 297 
499 101 350 
203 155 171 
96 113 291 
359 333 309 
233 401 484 
325 163 348 
210 240 458 
104 472 319 
400 90 202 
424 12 61 
362 353 113 
418 497 135 
226 270 9 
247 437 320 
323 82 158 
286 360 230 
19 274 51 
436 338 314 
170 485 295 
289 450 102 
172 205 428 
367 80 242 
222 289 468 
429 392 494 
353 466 97 
398 447 324 
22 425 217 
414 301 348 
211 331 90 
275 365 184 
443 172 463 
42 82 45 
159 351 466 
432 213 301 
499 444 378 
350 423 476 
443 32 297 
464 498 104 
44 56 297 
179 437 41 
283 25 26 
395 43 258 
373 33 306 
124 289 1 
497 322 159 
127 185 114 
460 165 484 
493 295 342 
281 301 467 
311 56 346 
120 167 403 
190 139 67 
45 94 199 
170 366 157 
406 427 348 
155 477 301 
341 228 209 
185 69 285 
395 354 375 
136 259 150 
47 347 354 
165 192 286 
105 191 33 
390 170 308 
318 331 58 
343 313 334 
228 313 246 
496 382 315 
445 30 474 
182 171 101 
356 312 316 
211 39 271 
151 417 333 
140 415 325 
121 230 163 
360 492 173 
74 449 292 
178 5 84 
98 167 130 
225 422 249 
481 73 53 
498 362 354 
267 198 122 
244 139 345 
111 213 288 
334 156 286 
77 360 294 
113 481 374 
317 242 26 
106 170 138 
421 143 286 
34 195 487 
208 284 214 
272 49 330 
334 459 45 
348 143 115 
109 113 233 
132 316 157 
348 76 159 
101 50 11 
310 348 61 
459 253 14 
150 392 339 
381 496 402 
111 63 439 
213 317 231 
86 473 207 
328 400 106 
285 267 499 
99 94 153 
453 487 194 
380 92 375 
354 221 269 
328 268 116 
410 316 68 
476 454 44 
254 197 394 
248 497 223 
121 166 425 
369 284 361 
95 443 60 
450 267 403 
201 30 14 
129 45 460 
469 202 211 
479 81 284 
106 395 166 
12 485 56 
68 298 89 
147 337 164 
185 241 421 
486 278 123 
415 462 401 
232 481 328 
490 315 7 
67 90 189 
37 271 308 
363 487 426 
337 393 27 
1 103 185 
451 392 236 
79 452 406 
249 415 366 
124 338 289 
250 257 119 
86 62 167 
122 395 208 
265 199 315 
263 292 361 
19 371 333 
156 17 356 
257 196 463 
265 152 450 
497 366 419 
193 105 417 
317 197 440 
370 422 44 
302 451 67 
233 480 56 
198 189 390 
266 209 228 
463 167 478 
46 409 235 
222 212 118 
362 181 19 
496 62 463 
104 410 195 
303 93 280 
254 156 47 
86 83 212 
129 462 115 
338 134 138 
254 408 188 
368 310 183 
381 209 270 
336 387 234 
26 263 203 
460 268 323 
214 486 271 
148 352 60 
352 445 154 
283 375 430 
271 259 264 
15 80 446 
35 480 342 
339 305 197 
73 255 365 
257 279 425 
467 82 141 
373 304 455 
38 22 355 
354 374 13 
25 351 3 
193 432 339 
216 182 370 
403 251 459 
132 303 233 
39 198 221 
379 261 159 
123 204 107 
57 326 430 
449 416 195 
107 232 278 
156 262 65 
344 20 230 
396 373 250 
355 34 136 
19 191 155 
329 384 469 
297 471 0 
478 94 469 
160 400 425 
111 252 108 
472 0 182 
383 386 6 
333 161 396 
94 420 407 
223 415 314 
312 289 166 
285 414 477 
344 439 83 
141 292 225 
207 213 119 
109 157 57 
62 468 98 
93 48 59 
98 211 449 
186 230 95 
182 13 370 
38 378 313 
301 200 115 
461 95 431 
407 446 336 
121 58 101 
462 387 1 
414 81 238 
60 6 211 
71 121 474 
197 153 161 
395 475 14 
161 67 132 
471 194 174 
155 350 437 
182 426 131 
206 221 412 
87 328 496 
178 252 175 
217 273 217 
102 83 416 
226 368 467 
78 230 226 
47 232 289 
26 293 21 
16 347 341 
54 220 49 
497 441 375 
28 159 257 
107 345 282 
293 65 401 
401 307 78 
395 124 183 
152 49 77 
72 239 211 
104 495 395 
40 372 348 
259 61 360 
455 172 412 
394 96 12 
278 83 498 
435 37 485 
353 140 38 
187 462 481 
355 145 38 
376 405 493 
80 246 32 
493 395 33 
71 364 121 
131 68 37 
113 131 210 
393 348 459 
115 10 94 
392 316 196 
400 134 455 
296 227 221 
315 373 252 
37 352 70 
100 105 16 
215 494 306 
261 360 208 
155 312 56 
359 326 218 
184 388 199 
191 50 343 
465 101 9 
106 85 287 
379 379 291 
175 203 183 
300 154 274 
337 167 218 
160 411 456 
86 179 435 
166 142 163 
109 217 226 
207 309 203 
286 61 317 
117 408 401 
450 362 322 
366 368 69 
441 369 311 
424 484 84 
48 15 406 
252 385 132 
8 296 330 
349 336 421 
357 453 277 
166 309 328 
37 53 191 
25 172 125 
418 290 271 
51 209 498 
398 84 47 
4 130 413 
423 265 391 
186 122 112 
246 345 147 
425 231 178 
329 227 471 
408 112 316 
89 243 65 
35 143 454 
80 382 344 
297 261 442 
280 227 215 
47 96 381 
298 321 288 
467 11 77 
391 344 266 
454 27 282 
116 171 230 
73 323 345 
429 64 303 
263 387 266 
158 194 330 
126 124 496 
94 178 242 
76 278 254 
37 139 442 
121 176 352 
499 442 151 
362 42 265 
58 192 160 
158 350 48 
394 151 2 
239 302 373 
370 46 309 
308 341 147 
313 107 154 
93 18 232 
191 249 452 
190 137 201 
114 245 491 
311 150 299 
325 115 182 
188 492 362 
285 53 9 
327 162 335 
384 183 138 
198 92 386 
22 77 318 
342 178 136 
110 428 45 
41 101 94 
97 349 484 
46 238 486 
41 186 471 
410 486 469 
12 435 111 
191 336 211 
465 205 312 
112 381 155 
97 5 111 
311 391 263 
365 310 474 
390 55 191 
2 52 361 
72 436 436 
375 158 308 
237 265 85 
186 398 128 
36 36 466 
38 383 401 
409 378 190 
317 469 495 
163 398 407 
167 173 339 
178 243 47 
151 199 222 
124 97 452 
211 281 472 
14 45 414 
398 414 339 
294 418 275 
497 141 262 
110 414 384 
275 104 186 
367 64 261 
188 412 258 
