1000
3
352 352 30 
36 127 191 
180 244 353 
58 122 84 
99 302 317 
467 132 87 
239 270 201 
330 492 186 
446 237 46 
280 292 457 
116 3 11 
55 316 354 
93 455 472 
39 286 169 
14 24 331 
113 252 496 
130 122 264 
74 412 224 
418 111 302 
192 12 478 
330 273 483 
93 226 260 
11 42 351 
131 229 316 
51 4 29 
328 49 18 
211 388 415 
222 347 51 
182 152 493 
452 446 348 
492 457 281 
456 223 48 
457 176 488 
229 314 365 
89 346 326 
223 438 200 
477 73 489 
83 374 279 
283 138 343 
44 115 168 
301 222 468 
423 403 72 
332 371 277 
302 303 407 
62 252 23 
301 431 265 
157 136 263 
219 334 280 
63 44 118 
181 147 115 
473 91 171 
166 364 346 
25 40 82 
343 129 267 
467 248 423 
84 43 42 
164 99 356 
72 86 314 
70 191 490 
366 144 20 
414 333 364 
394 69 35 
477 499 3 
96 389 126 
129 223 53 
300 220 277 
57 248 119 
236 236 395 
188 44 181 
432 388 453 
462 25 443 
387 186 17 
430 446 66 
227 29 368 
273 359 469 
38 340 15 
398 400 165 
219 459 342 
27 387 227 
148 143 88 
240 140 223 
263 235 199 
237 266 246 
218 344 92 
130 393 442 
299 342 399 
389 84 89 
215 31 316 
268 162 405 
375 43 318 
436 27 170 
336 340 354 
10 451 487 
435 458 20 
291 211 295 
117 432 317 
375 194 359 
441 393 256 
307 419 183 
351 361 410 
290 366 473 
240 31 357 
317 29 443 
406 386 328 
204 200 494 
15 344 234 
35 230 292 
65 107 268 
25 94 41 
322 331 459 
416 309 386 
224 204 175 
386 290 121 
301 296 484 
52 64 487 
262 465 498 
297 147 415 
396 325 286 
176 87 87 
29 173 7 
204 63 422 
381 440 401 
274 240 363 
456 105 263 
311 141 11 
35 92 493 
353 295 301 
28 12 242 
167 474 67 
476 49 109 
479 342 154 
118 153 348 
160 415 39 
24 346 358 
20 457 9 
197 209 342 
264 366 74 
285 134 193 
263 157 245 
156 103 300 
308 195 83 
158 394 58 
404 259 434 
156 351 55 
332 101 342 
144 454 177 
444 140 196 
108 115 54 
202 382 366 
308 171 185 
465 311 215 
149 345 115 
343 448 453 
314 438 307 
415 92 272 
373 433 4 
153 39 183 
358 40 492 
133 196 122 
156 482 132 
402 53 137 
437 212 337 
241 438 130 
303 4 305 
3 344 17 
15 194 338 
206 217 84 
17 201 119 
498 386 479 
489 149 489 
456 308 345 
307 54 266 
401 302 379 
382 121 449 
242 31 90 
307 74 281 
51 187 144 
19 365 10 
396 295 256 
282 446 367 
221 227 338 
124 332 112 
280 270 171 
140 268 280 
426 51 239 
386 203 85 
107 437 490 
9 456 78 
393 382 187 
175 153 31 
497 63 424 
161 69 313 
388 112 328 
261 54 407 
346 463 368 
340 354 5 
261 492 470 
243 23 19 
445 402 67 
297 282 182 
121 114 237 
349 207 299 
14 162 435 
346 450 86 
37 423 346 
79 376 497 
431 347 362 
30 373 204 
486 442 456 
122 461 179 
328 437 185 
58 493 269 
222 446 375 
136 155 303 
185 467 358 
204 489 213 
160 298 228 
177 456 362 
350 371 380 
70 204 52 
337 305 279 
107 163 448 
398 223 368 
304 430 86 
316 43 474 
422 59 255 
81 100 494 
2 246 140 
364 324 119 
245 128 83 
311 262 188 
166 402 452 
90 120 28 
351 251 79 
361 324 68 
197 376 229 
309 135 491 
429 482 214 
195 382 445 
488 54 185 
422 452 421 
457 326 465 
153 253 87 
465 242 176 
57 373 470 
323 349 338 
59 430 355 
16 468 251 
334 482 463 
460 365 458 
269 496 98 
405 207 146 
470 388 436 
245 0 368 
492 72 239 
128 463 34 
22 425 341 
62 239 386 
54 238 236 
166 213 366 
70 39 390 
205 429 12 
269 11 210 
203 223 385 
96 229 15 
293 208 483 
30 338 52 
384 287 45 
271 389 279 
255 63 101 
186 408 105 
317 235 312 
206 339 286 
345 400 80 
322 248 315 
399 399 81 
58 179 162 
110 473 440 
44 195 88 
257 141 273 
340 31 377 
382 82 418 
162 50 94 
91 266 68 
437 160 357 
298 482 95 
239 402 219 
438 274 454 
415 448 494 
476 322 83 
98 457 401 
282 387 300 
449 41 253 
442 215 483 
454 159 468 
72 284 420 
487 257 411 
205 464 38 
304 427 434 
134 221 448 
345 478 268 
330 352 48 
128 37 417 
298 351 396 
363 40 110 
384 239 47 
471 1 12 
256 193 390 
289 357 99 
16 416 111 
234 195 20 
74 493 317 
116 133 143 
355 223 449 
428 373 497 
410 377 426 
148 457 222 
62 33 89 
290 325 137 
357 322 150 
63 427 300 
300 84 411 
428 476 42 
455 124 392 
159 287 223 
400 254 432 
208 260 168 
130 309 322 
253 176 224 
82 122 113 
119 184 414 
429 400 101 
497 481 376 
446 397 284 
204 426 233 
46 446 426 
5 319 22 
496 215 234 
153 314 139 
32 63 457 
154 53 177 
194 454 210 
122 336 51 
232 15 332 
157 316 498 
247 45 396 
452 34 370 
459 388 244 
81 109 452 
321 478 254 
266 230 2 
310 312 325 
133 269 101 
486 209 192 
444 169 114 
276 447 416 
218 248 245 
277 337 107 
269 165 357 
0 23 383 
207 42 238 
152 498 214 
100 12 249 
407 477 396 
409 314 206 
58 349 196 
91 25 249 
126 437 370 
131 224 462 
396 440 346 
86 277 412 
347 171 361 
113 339 269 
284 497 40 
63 432 181 
121 211 289 
225 380 289 
390 450 470 
48 133 38 
494 486 35 
470 362 442 
482 224 398 
355 91 300 
491 159 84 
438 243 415 
491 349 429 
26 197 270 
451 230 163 
309 257 450 
55 81 264 
462 131 239 
147 377 462 
227 438 345 
244 235 276 
70 153 379 
258 80 241 
383 186 335 
475 61 418 
197 204 369 
237 411 415 
397 267 462 
168 442 158 
148 266 482 
121 171 122 
290 221 86 
118 168 182 
195 338 429 
364 102 46 
136 137 199 
280 343 108 
135 218 328 
162 472 401 
13 24 24 
177 252 97 
61 114 149 
283 307 103 
109 42 291 
105 9 120 
267 147 293 
495 431 493 
95 37 234 
423 157 291 
451 108 330 
190 327 356 
389 242 476 
28 3 308 
17 477 399 
168 473 484 
389 136 38 
284 388 273 
434 301 153 
268 124 62 
84 44 485 
160 50 10 
47 326 238 
377 176 112 
301 154 40 
95 405 213 
100 478 265 
106 103 444 
15 150 287 
38 93 457 
481 136 346 
425 490 180 
204 270 162 
100 193 194 
72 338 407 
463 180 353 
395 388 433 
130 219 245 
162 1 224 
371 315 134 
302 8 121 
4 485 215 
76 326 26 
329 170 37 
357 345 408 
186 333 453 
89 328 350 
18 135 353 
85 465 119 
235 323 316 
105 18 209 
458 312 151 
72 98 472 
32 414 339 
361 361 231 
313 409 359 
31 211 71 
315 312 339 
443 80 308 
62 278 54 
498 229 446 
227 354 449 
435 240 492 
42 416 111 
277 148 393 
61 236 447 
331 111 180 
297 167 275 
495 442 192 
469 188 172 
127 407 15 
93 189 351 
165 55 388 
415 415 458 
168 295 255 
329 37 72 
325 402 425 
332 169 360 
23 359 255 
320 363 477 
481 244 366 
130 425 481 
271 479 77 
355 88 261 
496 355 35 
128 131 76 
236 219 374 
471 84 52 
310 402 196 
160 226 17 
168 204 22 
165 355 405 
412 232 48 
230 415 193 
119 434 47 
472 242 66 
406 199 16 
85 305 358 
119 177 190 
421 442 225 
390 268 378 
490 224 166 
179 71 97 
219 215 102 
207 305 326 
488 44 355 
4 277 41 
125 44 30 
160 395 279 
164 59 44 
270 110 330 
102 29 419 
95 237 424 
141 27 386 
228 182 169 
12 95 29 
208 257 246 
185 225 238 
491 399 134 
57 323 321 
11 167 410 
384 35 75 
274 18 499 
253 115 313 
370 373 344 
25 69 336 
252 17 70 
197 467 178 
441 346 51 
371 267 456 
96 444 247 
282 440 426 
336 226 313 
273 36 267 
436 59 54 
267 235 277 
166 451 471 
375 299 389 
456 447 152 
70 99 99 
400 6 29 
329 279 373 
298 477 241 
356 157 407 
85 125 180 
433 404 440 
168 76 421 
380 417 427 
85 162 60 
50 413 416 
15 42 183 
37 363 284 
22 153 146 
388 258 337 
439 479 415 
489 449 222 
371 366 300 
268 482 287 
255 226 474 
167 248 5 
437 222 151 
292 363 58 
354 497 174 
440 338 67 
55 132 198 
178 122 474 
292 367 467 
107 234 451 
53 172 471 
355 198 177 
264 449 12 
391 307 190 
89 408 217 
312 25 308 
0 311 317 
114 67 261 
226 451 182 
110 497 200 
158 426 226 
207 375 330 
267 308 499 
347 377 423 
391 279 83 
292 188 212 
268 276 214 
311 435 178 
321 166 190 
275 69 135 
468 4 46 
185 452 221 
274 476 371 
51 293 381 
458 22 15 
260 68 434 
24 215 238 
32 370 32 
102 454 441 
226 268 359 
403 68 28 
296 407 296 
16 228 399 
340 61 67 
247 132 105 
232 347 372 
144 441 377 
319 445 36 
10 445 329 
32 186 69 
6 432 310 
476 469 36 
488 187 74 
150 332 347 
265 284 73 
116 439 338 
363 239 196 
294 406 257 
183 260 192 
322 16 456 
125 299 320 
51 280 276 
312 115 103 
413 61 298 
20 284 128 
222 162 201 
51 162 59 
478 86 153 
155 62 493 
73 219 312 
115 163 289 
224 492 278 
196 398 196 
282 472 440 
339 84 186 
472 229 364 
471 166 419 
78 43 80 
484 121 333 
280 499 478 
343 70 322 
269 319 267 
40 431 181 
190 409 361 
236 439 406 
184 300 118 
336 106 287 
269 417 449 
15 450 474 
147 96 216 
293 19 327 
85 70 310 
234 22 97 
485 61 47 
132 35 426 
213 279 407 
113 114 314 
402 74 41 
82 303 403 
475 351 231 
235 38 202 
300 13 408 
306 421 67 
391 11 456 
146 77 499 
225 419 291 
182 347 281 
465 305 330 
478 317 106 
32 147 343 
2 248 75 
153 491 297 
244 171 167 
175 46 412 
282 37 214 
129 348 435 
83 382 154 
490 240 190 
35 14 160 
390 57 357 
400 247 178 
47 363 379 
56 46 56 
363 343 227 
398 479 430 
498 272 78 
315 284 277 
460 293 59 
161 86 496 
80 67 277 
426 152 0 
91 428 216 
188 319 109 
327 357 499 
120 434 467 
493 474 21 
276 348 430 
181 325 314 
221 166 426 
403 214 78 
52 184 274 
447 276 361 
54 10 425 
56 245 465 
91 128 294 
300 170 114 
403 65 209 
268 167 305 
156 220 379 
155 322 312 
39 68 438 
372 89 117 
140 435 259 
102 451 300 
241 327 134 
361 275 5 
155 434 325 
482 485 453 
422 290 358 
222 282 335 
353 463 318 
284 99 381 
187 434 229 
229 271 359 
222 133 217 
257 174 71 
397 188 373 
409 183 24 
263 304 57 
173 402 156 
324 368 183 
24 40 15 
459 39 291 
314 357 282 
415 463 132 
128 397 427 
267 465 307 
333 153 355 
139 127 15 
160 130 389 
285 165 431 
408 428 151 
220 16 375 
486 43 233 
262 246 90 
331 8 361 
145 289 433 
31 137 446 
350 112 235 
203 325 106 
80 76 334 
463 8 366 
400 409 194 
157 383 145 
93 8 302 
102 280 482 
128 436 60 
152 188 306 
44 141 1 
160 8 5 
489 173 399 
335 342 284 
163 94 143 
406 270 343 
374 194 425 
485 174 481 
246 322 364 
173 331 94 
152 417 259 
363 181 70 
438 496 91 
213 212 198 
48 146 83 
352 253 229 
468 462 396 
383 265 322 
103 312 446 
212 229 284 
462 65 389 
396 50 479 
387 96 8 
444 231 115 
90 444 209 
479 314 72 
215 414 381 
309 326 418 
60 430 4 
478 355 444 
419 233 349 
56 287 416 
362 150 326 
184 36 225 
173 18 133 
138 72 384 
494 226 463 
341 232 165 
460 369 201 
361 388 299 
498 429 213 
380 176 71 
170 52 10 
260 99 263 
420 347 461 
43 321 339 
270 410 332 
287 262 276 
222 397 89 
313 173 104 
481 472 392 
420 392 196 
474 378 431 
417 446 196 
329 82 109 
482 491 277 
391 20 435 
223 335 326 
252 92 313 
459 34 451 
83 425 369 
180 58 84 
487 83 448 
33 468 410 
338 27 73 
55 42 367 
459 348 482 
489 285 204 
93 467 274 
75 323 112 
122 129 125 
130 334 371 
16 318 107 
291 350 153 
390 304 71 
377 399 43 
253 468 210 
425 107 498 
311 296 52 
442 250 420 
416 203 421 
484 121 249 
43 354 68 
394 355 210 
28 456 1 
38 151 309 
486 78 92 
115 402 243 
296 342 495 
337 53 479 
109 308 102 
210 105 351 
152 0 91 
149 328 419 
304 254 193 
208 386 496 
337 244 26 
463 376 447 
452 118 255 
181 249 402 
212 294 208 
218 39 86 
139 20 450 
46 448 327 
7 170 137 
156 378 76 
259 459 386 
234 384 328 
45 364 180 
135 7 445 
207 314 389 
28 289 278 
142 342 446 
438 59 43 
149 292 469 
31 123 380 
131 36 10 
366 312 198 
188 48 498 
319 267 262 
197 64 346 
399 287 80 
97 357 480 
160 232 112 
282 420 398 
196 87 474 
165 26 160 
161 173 110 
258 37 141 
86 96 490 
379 494 419 
239 20 167 
119 390 377 
18 95 485 
109 136 101 
471 455 316 
411 422 444 
46 141 281 
338 158 188 
111 400 392 
76 251 165 
187 79 33 
313 456 49 
358 191 186 
17 380 314 
120 486 138 
3 248 4 
175 171 227 
141 390 335 
482 299 207 
260 60 444 
32 214 101 
257 407 352 
164 369 376 
241 340 233 
295 466 482 
390 24 436 
7 167 311 
343 471 5 
82 362 431 
238 322 242 
407 180 315 
208 245 155 
117 402 276 
230 36 185 
29 444 171 
158 432 316 
261 229 117 
454 436 256 
185 297 71 
237 52 493 
75 61 366 
270 279 277 
283 379 254 
370 188 277 
303 409 488 
117 155 42 
207 157 193 
474 46 112 
331 165 472 
373 444 390 
306 144 32 
34 83 92 
409 479 74 
8 323 317 
168 335 119 
68 189 132 
380 265 411 
358 496 59 
463 413 91 
62 201 288 
494 479 396 
340 27 164 
87 91 95 
468 446 23 
324 306 272 
177 222 357 
69 341 230 
427 4 392 
155 356 324 
370 249 244 
253 447 199 
98 470 376 
232 480 321 
303 358 178 
248 230 300 
406 447 178 
331 398 147 
477 316 86 
294 394 300 
57 352 329 
305 107 498 
142 225 166 
497 408 24 
237 487 67 
179 99 427 
431 340 364 
39 328 270 
394 475 67 
315 19 164 
259 93 111 
203 312 142 
362 73 73 
254 347 64 
453 459 132 
492 341 57 
293 483 85 
168 45 127 
433 39 409 
34 199 399 
344 292 470 
409 64 98 
