1000
3
368 251 237 
127 237 291 
40 86 227 
256 323 131 
173 476 455 
354 286 195 
375 486 476 
272 277 54 
27 179 24 
55 8 361 
63 300 482 
159 229 270 
219 144 248 
256 125 415 
94 198 151 
182 406 186 
34 338 160 
300 285 167 
256 357 76 
14 24 87 
202 126 365 
308 14 201 
479 4 312 
125 383 452 
282 224 158 
21 453 40 
321 206 51 
404 72 104 
66 299 106 
168 82 178 
127 294 29 
446 401 425 
396 360 78 
330 364 47 
11 63 10 
188 50 385 
371 479 58 
110 455 269 
83 237 256 
422 305 367 
66 203 143 
28 114 202 
429 179 16 
433 107 487 
365 176 181 
191 385 266 
439 350 100 
420 2 484 
460 462 58 
476 199 351 
87 110 198 
431 455 92 
421 136 78 
126 254 347 
488 261 70 
205 321 54 
92 454 239 
395 273 117 
221 173 225 
478 100 348 
46 281 181 
206 187 477 
215 103 437 
373 139 159 
115 310 252 
457 465 82 
202 191 245 
137 377 57 
289 223 446 
106 129 2 
13 242 434 
65 387 89 
385 98 380 
125 386 25 
262 5 185 
383 236 130 
474 327 333 
2 333 386 
309 287 493 
278 455 266 
434 353 381 
426 402 440 
421 461 425 
296 81 349 
401 384 141 
375 9 285 
297 302 222 
99 230 359 
172 182 95 
362 296 326 
450 128 151 
395 37 228 
219 120 478 
77 97 50 
138 160 294 
206 201 47 
63 185 16 
254 169 252 
153 375 499 
136 28 126 
203 462 368 
279 303 413 
464 239 468 
294 451 220 
410 253 75 
374 48 430 
218 180 460 
294 28 425 
254 393 334 
60 260 80 
7 263 393 
396 312 268 
308 354 90 
51 78 278 
216 237 277 
140 257 250 
319 494 339 
147 254 484 
494 96 117 
469 112 144 
45 363 81 
164 131 495 
376 172 93 
395 496 478 
20 328 129 
189 340 324 
435 125 156 
77 198 262 
74 192 465 
3 383 126 
8 110 320 
9 120 290 
492 366 294 
4 114 203 
289 26 451 
152 334 5 
29 268 417 
131 207 386 
473 195 113 
25 297 193 
316 134 314 
118 403 176 
70 140 141 
387 171 486 
391 246 229 
268 115 450 
186 250 98 
68 148 71 
371 434 85 
445 381 384 
370 187 131 
78 122 480 
440 302 35 
295 34 188 
151 316 236 
393 316 387 
299 281 138 
343 253 121 
55 90 181 
406 245 163 
423 340 480 
397 237 78 
203 128 309 
279 177 271 
394 298 157 
489 369 443 
443 48 147 
111 238 444 
348 150 14 
52 272 404 
343 272 404 
341 468 111 
93 266 291 
27 100 54 
370 127 81 
425 175 317 
266 65 45 
15 172 366 
386 193 285 
124 433 100 
437 89 129 
117 58 68 
201 12 72 
450 468 483 
207 143 393 
188 44 245 
151 13 79 
458 374 111 
30 320 261 
262 427 418 
285 487 267 
269 444 299 
151 240 184 
228 105 178 
91 314 497 
247 346 34 
499 38 442 
15 380 330 
271 489 292 
79 157 263 
5 92 389 
192 83 8 
188 79 497 
374 4 213 
37 490 283 
183 345 129 
206 400 321 
236 379 221 
441 490 55 
253 130 176 
128 357 109 
43 457 293 
340 77 385 
279 14 361 
476 205 448 
125 110 166 
389 214 36 
479 74 151 
380 417 374 
453 10 430 
497 119 50 
198 154 470 
22 379 491 
318 142 17 
165 125 131 
416 496 457 
358 140 264 
128 104 351 
160 134 415 
473 271 224 
360 281 69 
60 349 400 
384 482 215 
25 212 154 
204 92 285 
159 54 116 
128 248 484 
223 46 318 
7 260 316 
251 397 176 
148 126 410 
194 389 295 
183 294 114 
106 412 205 
230 128 399 
36 364 191 
471 466 498 
472 184 273 
66 418 139 
465 196 288 
54 271 333 
327 139 196 
74 252 345 
468 394 291 
9 212 373 
302 327 254 
437 379 385 
121 466 247 
181 112 62 
328 214 494 
400 43 274 
108 418 304 
19 128 159 
459 319 495 
111 107 191 
378 330 110 
351 332 403 
293 397 179 
313 414 460 
314 29 216 
404 120 191 
70 256 293 
248 89 26 
486 269 443 
309 485 481 
353 237 230 
165 345 165 
116 348 5 
141 85 407 
5 306 478 
95 15 63 
179 290 322 
409 272 229 
420 77 389 
19 114 79 
228 408 146 
27 164 193 
135 27 209 
243 134 347 
207 207 404 
376 60 140 
477 473 79 
85 363 17 
55 218 183 
251 110 298 
422 296 375 
300 76 178 
458 282 156 
169 163 228 
252 478 480 
222 55 1 
385 96 260 
269 243 67 
301 96 205 
136 338 257 
224 486 417 
449 134 385 
491 429 34 
142 380 413 
118 203 272 
179 109 95 
118 208 315 
403 359 152 
132 40 244 
77 498 61 
488 421 29 
234 317 174 
181 95 446 
108 73 494 
75 465 422 
52 29 157 
126 146 320 
452 316 165 
235 413 274 
165 104 34 
435 246 93 
425 375 446 
71 430 316 
210 337 51 
78 40 25 
231 295 138 
367 128 190 
489 91 218 
263 34 490 
296 0 197 
441 265 2 
312 78 356 
474 79 307 
75 43 290 
245 155 490 
156 2 337 
290 215 475 
496 66 465 
54 238 200 
18 368 49 
455 437 470 
39 389 173 
174 267 271 
120 301 203 
99 295 461 
271 293 25 
477 135 126 
10 389 38 
41 37 212 
287 383 497 
231 232 307 
21 373 139 
447 135 310 
53 486 151 
489 335 495 
233 229 291 
278 308 104 
219 175 3 
283 321 300 
415 366 214 
492 219 406 
162 119 160 
484 327 272 
360 437 222 
115 341 459 
355 362 440 
374 427 10 
205 361 463 
397 142 84 
93 111 31 
497 136 260 
25 54 150 
152 283 13 
197 16 438 
51 338 65 
164 114 362 
314 409 28 
420 73 478 
121 272 88 
304 413 294 
466 202 323 
307 321 65 
113 193 301 
269 490 46 
167 396 209 
374 397 152 
488 281 215 
114 5 313 
3 10 213 
462 248 79 
160 129 368 
383 17 275 
153 476 427 
9 115 142 
432 450 321 
69 178 13 
86 328 427 
344 243 468 
488 230 167 
287 159 49 
466 364 144 
281 446 123 
111 6 99 
138 399 404 
322 396 495 
440 71 71 
30 271 357 
209 357 127 
448 123 234 
240 201 369 
384 212 456 
91 82 282 
43 254 93 
318 151 240 
313 198 358 
492 487 249 
384 313 334 
272 426 458 
284 258 68 
268 457 366 
451 221 164 
128 84 424 
413 413 192 
19 106 228 
81 76 94 
201 222 428 
228 298 432 
426 82 489 
480 148 381 
268 201 313 
488 20 479 
87 118 421 
37 27 426 
273 473 202 
192 84 158 
359 401 359 
335 28 6 
248 487 444 
309 285 349 
358 109 139 
106 407 400 
307 125 290 
488 279 111 
149 188 274 
345 156 166 
101 64 150 
54 467 108 
20 48 254 
357 170 303 
72 422 217 
94 77 427 
227 456 133 
170 190 41 
338 226 200 
91 396 166 
345 355 401 
17 315 314 
282 482 10 
332 491 130 
460 264 383 
10 296 484 
322 20 259 
445 104 226 
304 44 453 
143 285 480 
88 229 12 
68 498 472 
152 412 150 
269 321 440 
102 367 158 
145 329 239 
468 93 320 
138 165 414 
200 53 284 
239 257 1 
445 2 113 
113 69 66 
389 85 475 
461 309 461 
307 190 48 
155 363 90 
462 114 208 
252 189 479 
127 47 51 
102 5 392 
326 171 422 
102 487 112 
90 79 386 
264 98 352 
334 197 428 
488 473 297 
285 462 390 
286 65 481 
66 193 227 
205 119 134 
424 392 316 
27 38 31 
123 442 480 
56 416 121 
347 33 442 
253 33 311 
400 479 459 
361 54 0 
167 255 171 
39 451 343 
183 61 132 
479 174 316 
323 445 116 
357 62 325 
92 313 48 
389 0 227 
422 155 27 
208 145 339 
129 216 449 
144 0 317 
45 98 460 
250 442 126 
174 418 283 
169 130 499 
233 242 374 
390 263 476 
276 497 422 
272 228 89 
315 253 403 
273 239 226 
432 439 440 
45 420 430 
113 386 386 
302 156 415 
425 121 376 
479 334 430 
430 472 10 
388 449 30 
256 168 93 
259 357 108 
23 458 149 
378 151 440 
89 293 350 
106 74 450 
308 389 242 
114 305 112 
164 24 196 
252 131 51 
488 241 22 
59 491 92 
306 157 42 
357 201 52 
244 172 451 
234 16 149 
104 12 357 
381 364 383 
312 256 99 
12 332 289 
14 307 443 
225 200 245 
321 456 306 
199 234 309 
24 207 238 
340 72 18 
340 483 114 
47 365 379 
59 180 2 
189 477 3 
172 249 463 
448 169 342 
112 162 420 
84 213 207 
479 395 68 
354 380 161 
46 316 62 
31 121 107 
182 202 180 
152 266 125 
203 3 59 
283 86 145 
119 259 167 
206 362 107 
300 21 144 
203 435 317 
88 294 88 
61 457 47 
477 268 62 
338 46 428 
205 430 216 
138 177 168 
372 343 220 
282 393 13 
252 193 398 
288 6 208 
295 252 117 
384 271 45 
101 25 458 
142 192 384 
45 431 391 
334 55 362 
190 491 272 
474 73 469 
238 483 130 
163 23 269 
440 116 41 
99 127 394 
245 16 327 
107 268 26 
284 131 201 
31 463 234 
163 229 18 
45 134 85 
121 429 473 
261 176 52 
287 163 307 
150 340 179 
274 80 212 
169 103 39 
410 159 237 
75 331 306 
89 146 273 
446 312 289 
347 181 253 
326 103 162 
255 9 51 
360 458 249 
399 254 26 
130 323 213 
308 474 125 
44 449 109 
350 112 294 
350 253 429 
274 223 34 
306 60 376 
284 353 237 
249 46 242 
178 91 345 
150 435 442 
331 139 398 
424 213 235 
363 428 114 
471 242 82 
39 59 315 
404 183 27 
139 319 192 
152 295 325 
353 473 42 
286 283 426 
113 281 375 
440 391 197 
141 343 407 
293 487 376 
316 266 30 
18 27 499 
423 293 254 
247 254 403 
122 176 290 
194 175 167 
281 274 72 
277 459 88 
456 305 267 
497 469 391 
422 50 25 
441 183 452 
182 25 392 
280 427 392 
240 268 488 
122 403 193 
481 214 58 
250 416 329 
327 494 23 
40 485 487 
165 111 154 
275 424 141 
46 92 184 
417 80 371 
457 362 392 
424 11 344 
139 82 287 
287 256 191 
489 178 416 
235 248 57 
328 195 91 
452 304 100 
402 312 159 
54 370 43 
255 39 294 
112 35 164 
309 173 47 
412 245 78 
289 167 99 
175 465 15 
342 334 456 
131 71 14 
198 481 390 
172 138 14 
442 144 43 
95 166 92 
76 435 132 
445 462 36 
292 403 46 
460 66 45 
150 190 198 
73 148 241 
37 218 418 
249 233 123 
270 496 73 
303 446 492 
255 324 369 
441 374 277 
288 257 252 
418 319 441 
218 142 468 
123 260 80 
82 208 405 
395 119 321 
222 198 204 
485 323 333 
47 50 250 
146 376 254 
193 401 101 
173 56 435 
75 362 267 
429 65 418 
466 417 400 
356 287 169 
170 228 274 
474 296 111 
280 149 143 
381 493 492 
50 466 87 
219 290 117 
165 141 412 
351 2 308 
399 21 335 
233 239 186 
291 209 270 
75 232 41 
50 112 224 
227 68 36 
472 339 311 
242 466 94 
186 44 434 
182 160 72 
81 347 190 
42 129 60 
286 240 213 
119 123 190 
277 12 309 
247 12 256 
72 464 306 
287 234 188 
125 155 29 
392 352 344 
359 390 409 
126 424 13 
428 18 387 
132 317 386 
113 145 221 
486 303 156 
74 403 350 
372 300 464 
344 166 375 
40 51 466 
222 461 183 
140 239 390 
87 16 249 
123 292 341 
451 490 364 
211 407 145 
234 475 195 
153 183 14 
309 350 465 
451 182 41 
321 341 401 
303 95 221 
201 347 138 
229 396 243 
106 263 12 
215 157 0 
275 100 22 
425 256 237 
474 171 458 
33 177 263 
425 208 354 
18 240 395 
350 427 480 
159 386 452 
308 118 173 
442 38 158 
191 78 106 
482 261 380 
343 136 39 
14 298 496 
128 370 156 
252 58 69 
344 377 473 
406 173 404 
442 163 177 
195 360 106 
398 291 187 
107 76 237 
389 194 242 
284 150 113 
58 321 153 
337 258 306 
226 30 364 
81 36 64 
210 402 126 
332 117 476 
177 220 421 
444 0 380 
64 183 404 
110 435 204 
496 217 225 
267 458 474 
361 484 449 
288 313 67 
414 238 141 
12 250 79 
353 79 6 
246 1 72 
314 176 167 
270 396 132 
488 17 320 
393 476 85 
137 439 152 
370 323 251 
26 146 180 
469 472 474 
259 293 71 
118 8 246 
215 332 145 
356 180 112 
289 24 383 
302 182 222 
255 104 23 
255 187 346 
484 329 32 
148 455 392 
261 489 247 
378 19 31 
434 255 56 
182 89 172 
492 38 5 
134 298 176 
419 176 105 
336 335 350 
362 135 137 
280 479 352 
0 127 134 
156 173 378 
132 247 426 
369 430 398 
159 275 114 
68 426 275 
387 133 201 
118 98 470 
170 392 433 
194 209 289 
150 257 266 
338 281 156 
14 320 259 
286 406 204 
359 379 234 
94 343 398 
373 37 192 
88 355 14 
163 476 465 
377 384 301 
36 147 265 
305 408 85 
97 380 312 
141 11 300 
331 153 213 
37 435 349 
486 468 26 
278 20 226 
474 217 248 
454 166 221 
195 84 103 
307 53 90 
89 108 93 
304 362 69 
253 113 461 
34 98 204 
73 491 312 
237 333 369 
242 438 248 
30 164 94 
341 161 126 
174 141 417 
310 53 398 
200 151 73 
432 163 477 
269 243 25 
252 478 116 
433 44 195 
297 322 164 
129 283 131 
192 15 220 
136 381 487 
434 296 27 
218 315 43 
50 267 286 
240 369 64 
335 389 469 
284 84 143 
63 165 379 
238 469 318 
82 256 11 
285 461 354 
196 304 38 
157 65 329 
351 311 345 
472 193 451 
160 121 63 
190 328 184 
105 84 133 
310 91 215 
368 129 478 
443 265 467 
9 431 11 
328 262 227 
95 318 448 
79 154 154 
72 121 448 
286 492 400 
92 5 312 
81 276 235 
389 407 147 
115 269 494 
436 27 232 
451 455 103 
245 156 274 
149 188 275 
244 325 36 
218 481 41 
466 99 407 
340 488 266 
295 225 20 
12 257 203 
102 237 249 
339 325 271 
22 262 263 
58 149 254 
68 468 295 
104 272 194 
68 431 216 
404 396 488 
2 450 280 
374 430 416 
438 93 125 
26 459 4 
174 481 217 
368 484 217 
93 288 343 
444 151 435 
207 52 301 
341 395 449 
171 225 360 
138 364 383 
337 342 466 
38 419 59 
191 395 65 
119 480 94 
21 227 173 
185 467 297 
204 42 336 
81 159 405 
319 104 411 
296 124 110 
466 276 302 
426 313 254 
463 8 372 
374 67 180 
132 159 177 
110 234 467 
158 134 46 
247 56 332 
203 116 488 
124 466 285 
165 441 182 
21 112 161 
379 364 165 
467 328 106 
204 436 11 
380 213 54 
287 123 177 
127 329 111 
273 394 292 
206 262 205 
187 322 80 
208 413 450 
81 309 452 
88 389 250 
207 366 439 
3 318 499 
451 128 205 
390 416 336 
