1000
3
48 420 248 
235 412 183 
68 55 374 
351 82 234 
382 410 253 
48 250 332 
246 395 456 
393 18 347 
270 223 338 
162 39 9 
175 268 480 
370 176 141 
201 173 107 
4 33 422 
140 184 350 
297 381 493 
90 390 155 
22 200 417 
478 39 450 
92 412 295 
114 76 232 
427 145 457 
279 113 132 
463 253 412 
107 366 180 
224 77 252 
245 76 257 
323 56 493 
338 314 247 
240 282 485 
436 44 14 
105 172 437 
394 285 483 
191 424 84 
217 308 462 
376 192 75 
221 453 437 
315 366 483 
445 306 384 
328 484 340 
25 422 425 
93 389 1 
60 2 41 
246 154 126 
13 177 8 
432 119 349 
494 61 357 
310 372 143 
150 38 414 
31 262 421 
209 13 317 
463 74 71 
497 376 335 
46 80 401 
454 246 235 
186 57 95 
466 140 100 
372 210 148 
42 224 49 
133 451 224 
134 387 335 
344 204 321 
73 66 185 
134 135 433 
15 68 77 
211 291 238 
481 139 51 
221 301 451 
389 102 336 
409 371 134 
312 76 186 
186 442 286 
391 466 441 
297 197 282 
360 179 72 
49 85 38 
464 54 311 
287 161 280 
477 227 187 
329 138 172 
251 459 365 
23 69 360 
13 97 406 
320 241 212 
193 1 123 
292 5 91 
364 163 142 
298 320 282 
313 17 371 
78 400 325 
347 448 91 
463 286 321 
416 391 29 
14 68 26 
343 408 326 
367 31 103 
304 486 385 
421 278 381 
243 186 27 
33 441 175 
190 369 328 
476 361 78 
188 436 237 
103 313 453 
327 48 254 
84 291 163 
221 398 339 
470 247 124 
351 436 449 
61 215 226 
430 215 119 
358 368 406 
58 460 321 
153 22 414 
274 497 413 
374 338 192 
253 406 201 
363 294 103 
76 293 365 
183 134 248 
413 122 498 
249 270 372 
88 224 433 
122 326 106 
142 262 419 
312 347 132 
423 345 407 
399 54 44 
271 102 223 
95 72 205 
129 196 216 
0 337 226 
375 38 283 
12 92 94 
311 18 70 
159 265 301 
317 147 232 
266 344 263 
420 375 292 
333 404 386 
5 87 330 
375 61 436 
450 393 447 
113 182 336 
349 262 73 
302 369 342 
387 375 314 
481 303 280 
151 290 408 
17 398 46 
234 51 87 
196 147 90 
264 110 255 
206 73 229 
304 153 141 
225 330 105 
11 115 166 
436 35 72 
447 418 149 
363 302 102 
345 36 31 
166 370 126 
361 148 201 
486 103 158 
293 449 342 
351 379 351 
83 279 44 
94 429 50 
240 123 216 
8 328 376 
145 206 425 
455 86 329 
238 3 54 
203 395 225 
218 460 103 
178 275 58 
249 80 117 
5 233 418 
365 50 81 
406 342 67 
415 278 122 
125 469 115 
447 194 384 
383 366 158 
99 2 112 
333 392 247 
304 425 57 
232 158 207 
289 200 426 
33 94 289 
121 487 38 
116 164 410 
490 469 266 
161 455 367 
444 5 485 
4 321 260 
299 210 257 
106 48 180 
279 307 428 
420 238 401 
342 445 457 
174 390 116 
300 287 136 
195 355 157 
32 315 237 
467 125 357 
398 165 212 
177 369 480 
474 298 361 
168 334 149 
236 95 430 
192 18 342 
306 171 341 
307 115 467 
70 494 217 
119 192 221 
175 200 1 
313 76 404 
40 426 255 
44 350 379 
224 336 270 
102 242 432 
53 283 314 
284 292 293 
378 412 199 
253 300 130 
318 92 218 
106 375 371 
94 496 463 
222 178 69 
476 298 225 
232 93 340 
214 44 352 
52 211 92 
320 231 203 
50 158 1 
48 441 374 
154 295 261 
72 32 154 
317 170 142 
168 145 14 
304 322 342 
492 280 446 
452 432 49 
416 463 282 
179 396 153 
323 487 18 
375 369 112 
90 119 340 
387 332 23 
120 175 445 
37 395 170 
297 294 179 
57 309 136 
473 395 193 
20 69 486 
70 354 354 
314 272 37 
131 158 471 
275 71 28 
173 485 282 
477 105 383 
337 267 448 
436 132 253 
136 457 12 
405 298 488 
306 436 484 
231 339 294 
361 51 147 
324 465 405 
82 440 252 
356 123 29 
0 421 250 
308 146 75 
144 262 439 
93 187 160 
212 107 257 
341 160 206 
267 24 366 
377 257 486 
17 45 63 
466 405 319 
96 496 73 
473 324 332 
376 20 25 
46 285 186 
59 79 77 
92 65 457 
264 2 92 
7 476 466 
42 64 251 
167 291 479 
113 167 160 
337 109 77 
182 135 304 
206 319 467 
96 238 276 
330 320 388 
222 308 453 
27 79 131 
388 383 394 
445 423 99 
471 270 27 
84 228 475 
176 284 176 
94 496 478 
145 306 482 
223 495 414 
2 371 277 
130 395 9 
256 397 261 
375 284 295 
457 446 241 
180 7 494 
183 494 186 
282 145 224 
12 344 444 
103 380 61 
374 354 145 
420 30 222 
209 104 236 
165 420 447 
32 9 424 
202 155 115 
61 320 266 
113 114 308 
107 82 422 
143 76 194 
58 186 455 
327 300 52 
116 14 73 
224 241 78 
456 311 251 
258 241 113 
75 346 90 
255 144 402 
205 372 189 
67 32 44 
268 467 231 
199 72 359 
251 143 24 
144 145 466 
56 120 465 
354 197 147 
400 130 307 
498 181 290 
498 491 115 
24 47 399 
273 395 124 
366 241 101 
359 97 327 
324 237 410 
14 369 442 
108 151 453 
205 380 157 
373 365 277 
154 222 236 
86 428 91 
161 203 194 
107 93 206 
242 51 410 
451 483 488 
443 114 259 
481 153 497 
358 264 220 
322 480 415 
315 311 121 
491 221 493 
112 289 19 
78 361 193 
178 93 163 
33 59 1 
443 38 240 
301 238 438 
283 331 211 
282 73 399 
172 194 23 
311 35 364 
393 429 346 
18 49 409 
176 389 408 
257 415 227 
312 451 407 
104 361 227 
281 164 314 
211 497 256 
393 491 370 
240 187 289 
307 106 289 
346 87 282 
163 67 303 
319 327 128 
484 81 83 
427 336 271 
117 64 321 
235 92 252 
49 310 59 
92 382 132 
182 418 10 
433 361 52 
375 38 49 
204 340 266 
258 44 156 
19 47 118 
133 454 178 
12 374 196 
299 11 274 
103 68 225 
175 362 275 
41 146 305 
344 427 42 
164 111 145 
321 170 354 
34 484 274 
495 478 314 
331 296 123 
355 170 409 
399 276 428 
51 138 415 
382 428 199 
25 245 222 
246 387 478 
9 162 317 
325 434 294 
0 352 449 
262 372 311 
268 236 350 
200 196 212 
331 81 485 
478 404 476 
136 99 126 
221 297 159 
256 199 163 
89 445 425 
182 284 48 
447 280 323 
122 162 413 
37 321 480 
206 319 303 
409 350 167 
171 132 270 
269 274 35 
290 9 23 
423 301 496 
35 246 192 
416 75 366 
96 140 248 
179 64 460 
257 290 98 
439 417 157 
309 251 368 
19 76 306 
176 117 324 
255 428 142 
99 23 373 
473 85 266 
338 165 469 
213 238 471 
329 483 278 
100 147 177 
116 169 362 
183 494 440 
493 337 100 
155 164 354 
285 121 294 
497 78 22 
360 434 269 
489 498 47 
313 165 435 
56 119 279 
371 480 225 
92 462 467 
107 211 489 
194 306 351 
437 439 324 
282 476 442 
259 53 266 
407 312 72 
497 473 428 
198 74 16 
117 444 97 
221 306 499 
101 412 293 
256 388 98 
43 275 388 
84 403 119 
306 235 275 
421 322 243 
106 104 417 
236 495 322 
271 400 292 
242 69 463 
65 98 250 
419 21 123 
278 401 185 
103 392 454 
180 3 409 
299 46 43 
190 452 456 
340 214 175 
66 489 194 
230 116 321 
406 350 57 
212 349 35 
126 480 491 
45 479 488 
447 365 79 
498 295 430 
344 123 210 
76 238 336 
176 187 86 
454 102 11 
85 453 226 
183 127 410 
220 175 210 
160 51 217 
346 322 85 
77 226 260 
9 497 222 
144 283 57 
92 436 59 
62 458 369 
220 134 418 
82 136 317 
62 139 40 
259 319 461 
342 38 228 
437 131 322 
179 125 448 
431 311 7 
360 468 54 
208 39 143 
367 428 263 
161 233 177 
336 196 234 
421 199 382 
42 133 96 
182 452 232 
44 335 275 
358 474 61 
187 387 146 
1 27 156 
100 51 191 
401 188 51 
319 356 482 
209 235 250 
245 186 55 
371 101 141 
278 56 121 
146 322 382 
433 50 122 
466 385 12 
141 289 462 
357 212 197 
278 359 103 
325 26 379 
74 38 190 
169 261 383 
137 405 71 
401 94 401 
364 100 159 
399 181 81 
432 461 385 
422 482 330 
186 235 326 
259 316 431 
208 383 198 
82 376 1 
74 290 168 
461 13 462 
178 214 280 
126 466 423 
35 479 395 
444 310 230 
294 264 395 
452 447 113 
89 326 264 
196 487 178 
130 12 176 
178 374 238 
471 312 170 
339 363 151 
492 90 329 
462 24 432 
235 371 135 
182 465 236 
414 118 267 
106 306 271 
369 134 354 
115 444 145 
180 366 318 
174 489 169 
137 192 347 
225 113 379 
252 367 407 
145 497 293 
127 266 162 
499 486 255 
158 435 313 
153 412 366 
257 398 232 
365 12 74 
67 117 98 
455 113 235 
185 257 93 
179 147 338 
312 4 177 
159 240 490 
474 458 309 
136 478 264 
425 433 173 
28 63 150 
424 85 150 
161 234 194 
444 245 84 
270 463 130 
339 355 29 
12 220 255 
80 304 470 
29 77 243 
356 302 120 
304 338 222 
166 5 470 
110 27 382 
188 124 75 
362 107 311 
309 298 447 
229 362 120 
155 357 377 
233 459 310 
455 3 424 
312 66 379 
65 461 247 
363 43 247 
225 303 241 
88 258 182 
368 207 108 
352 118 211 
32 20 10 
470 387 457 
337 268 87 
245 465 334 
219 25 442 
230 87 383 
309 489 397 
446 285 180 
44 450 381 
120 455 432 
241 213 140 
9 349 134 
71 155 224 
27 497 496 
19 275 330 
316 305 270 
447 213 390 
71 310 2 
320 456 375 
397 202 443 
415 90 420 
307 152 366 
45 72 61 
457 120 404 
346 400 206 
448 23 318 
157 267 349 
494 70 494 
118 295 389 
70 294 72 
365 391 427 
50 403 481 
314 356 217 
365 292 77 
56 309 488 
386 471 5 
104 365 339 
51 495 77 
235 442 157 
216 389 140 
361 126 452 
41 360 96 
338 420 440 
114 185 397 
273 129 241 
368 8 297 
237 446 158 
43 439 125 
83 159 279 
131 484 334 
316 484 320 
127 290 201 
178 4 72 
110 192 44 
34 31 499 
159 403 104 
203 462 152 
6 247 201 
29 261 7 
15 210 92 
230 422 146 
448 499 16 
456 130 12 
342 282 257 
492 491 59 
8 451 172 
458 136 499 
40 245 25 
499 175 12 
472 121 410 
54 314 364 
378 135 491 
97 12 428 
265 478 221 
108 296 110 
86 456 215 
68 197 361 
42 162 195 
407 401 177 
233 318 444 
35 402 125 
184 394 259 
66 173 336 
408 212 10 
157 159 450 
271 348 226 
393 34 123 
240 449 334 
394 104 290 
220 66 151 
293 359 11 
218 186 403 
455 385 160 
391 195 143 
20 144 337 
238 475 186 
436 498 47 
463 71 70 
130 10 321 
286 438 166 
269 337 353 
316 355 383 
461 15 235 
444 393 319 
366 45 102 
264 85 291 
400 382 489 
166 445 358 
449 15 472 
304 69 14 
184 221 383 
199 372 291 
354 116 475 
127 95 396 
365 111 446 
335 112 374 
49 475 17 
53 170 291 
183 304 488 
10 419 14 
324 211 259 
275 176 209 
280 408 203 
326 7 476 
395 317 171 
37 393 144 
145 453 15 
360 402 57 
261 52 154 
261 389 169 
478 390 0 
114 395 340 
47 358 359 
443 196 135 
289 122 110 
62 48 295 
176 5 370 
346 236 331 
111 393 385 
378 497 33 
311 23 370 
135 167 33 
85 286 348 
16 239 476 
480 42 22 
80 157 169 
56 292 183 
409 301 105 
18 235 279 
121 54 52 
100 103 467 
211 499 277 
496 123 12 
199 316 173 
388 352 195 
12 424 143 
207 312 275 
25 318 77 
236 173 309 
46 227 217 
352 442 195 
108 229 291 
349 405 71 
389 164 279 
234 482 424 
470 365 420 
405 191 453 
209 413 212 
69 91 350 
267 480 183 
487 157 46 
357 131 379 
4 413 36 
205 115 233 
61 324 452 
147 493 126 
333 451 377 
283 382 186 
165 23 409 
210 308 335 
444 474 447 
442 194 168 
147 457 108 
310 395 43 
226 363 256 
476 127 160 
24 464 345 
172 278 336 
279 28 24 
76 164 127 
73 84 229 
206 138 438 
263 156 143 
82 462 446 
319 78 227 
286 4 15 
277 317 29 
400 464 299 
194 98 199 
343 358 313 
19 125 137 
71 169 353 
310 187 305 
232 172 358 
246 473 184 
14 290 442 
469 378 422 
246 196 362 
306 345 84 
152 23 427 
143 105 43 
113 452 172 
79 69 345 
4 444 441 
441 340 155 
171 173 355 
363 300 431 
157 453 271 
332 467 147 
45 165 407 
19 20 187 
436 490 265 
75 2 13 
259 151 305 
116 409 42 
204 286 432 
196 381 157 
387 83 128 
311 176 175 
193 287 136 
292 75 206 
22 81 363 
285 136 125 
74 439 467 
214 322 273 
7 283 284 
62 208 47 
484 226 363 
32 314 251 
452 119 462 
162 205 493 
191 452 156 
498 96 129 
391 142 103 
266 465 112 
152 135 392 
301 274 292 
394 111 133 
225 397 451 
172 254 5 
132 393 44 
280 468 164 
38 484 194 
425 428 205 
462 54 326 
317 335 137 
370 403 423 
331 63 196 
12 175 450 
249 262 421 
467 449 0 
374 138 254 
69 417 212 
177 469 145 
268 215 454 
187 458 211 
77 31 451 
17 53 22 
232 332 153 
381 193 305 
439 91 199 
294 113 278 
78 246 361 
212 137 122 
186 348 383 
164 253 82 
402 307 186 
453 456 380 
179 20 286 
136 63 298 
314 272 337 
3 409 30 
228 351 421 
45 159 114 
297 52 398 
350 343 428 
120 18 439 
277 188 403 
90 311 290 
409 42 138 
311 399 113 
123 177 240 
230 106 9 
95 275 42 
448 298 349 
56 325 475 
123 204 145 
0 357 64 
393 261 257 
427 301 64 
255 435 242 
77 327 436 
230 188 337 
458 480 33 
88 449 14 
22 169 204 
291 259 182 
107 82 411 
387 42 58 
299 497 47 
60 78 26 
155 95 233 
146 411 448 
456 407 218 
320 80 265 
491 187 19 
348 213 367 
27 310 493 
114 428 230 
181 423 498 
407 156 12 
419 175 462 
313 485 27 
62 187 43 
184 390 219 
331 48 155 
475 341 351 
479 31 498 
445 359 102 
267 9 383 
480 97 217 
409 176 210 
485 476 347 
143 394 147 
75 466 55 
294 67 483 
178 106 100 
71 41 34 
357 324 217 
421 28 372 
57 150 256 
3 320 194 
48 452 344 
325 410 346 
279 310 497 
233 56 329 
213 141 464 
395 56 1 
391 137 490 
101 237 462 
366 458 425 
295 344 422 
453 424 205 
81 161 185 
169 22 247 
370 144 384 
52 417 260 
238 32 447 
142 5 320 
438 261 161 
181 194 88 
182 22 118 
