1000
3
362 321 340 
468 416 266 
426 105 145 
495 421 397 
431 304 56 
131 402 42 
258 485 295 
409 490 393 
364 299 498 
453 290 241 
160 237 497 
91 60 67 
273 426 393 
45 50 379 
366 15 341 
99 57 55 
310 491 275 
171 362 301 
455 422 86 
236 457 204 
43 170 155 
64 206 484 
38 484 412 
355 448 449 
290 378 215 
292 150 19 
323 84 130 
61 144 189 
294 452 197 
198 137 63 
133 48 422 
342 368 220 
241 423 408 
304 189 113 
399 126 77 
353 460 172 
35 257 277 
355 213 2 
275 359 486 
378 165 329 
369 454 136 
162 341 179 
324 428 54 
80 293 262 
433 308 37 
291 99 298 
437 272 350 
241 55 281 
428 335 291 
42 86 494 
418 447 114 
299 24 321 
170 415 215 
320 108 411 
497 314 331 
275 322 122 
43 311 142 
459 349 206 
326 200 391 
101 455 225 
395 65 461 
40 431 193 
139 197 165 
222 419 79 
136 220 103 
265 19 222 
172 34 6 
395 139 310 
164 497 2 
485 73 15 
17 9 264 
230 202 495 
465 360 396 
163 216 210 
91 175 294 
188 445 147 
29 387 432 
290 293 478 
441 412 86 
138 206 308 
204 445 164 
33 177 366 
400 166 384 
80 390 430 
381 141 293 
110 226 17 
206 418 382 
116 168 228 
373 32 402 
473 135 0 
155 212 450 
235 472 266 
386 469 95 
87 392 133 
27 479 163 
351 337 337 
415 13 78 
421 93 37 
40 122 149 
86 223 498 
347 376 180 
203 452 441 
21 418 172 
147 136 311 
81 420 398 
97 394 238 
248 448 3 
275 497 349 
326 8 232 
209 331 302 
388 267 258 
478 222 116 
173 324 78 
336 214 359 
75 211 190 
427 39 321 
259 67 238 
324 388 359 
451 224 498 
275 178 462 
460 398 118 
218 425 45 
260 378 11 
158 265 453 
68 62 219 
189 4 24 
197 78 173 
293 106 466 
243 317 107 
382 192 86 
289 403 396 
125 223 101 
267 234 215 
55 72 45 
305 379 239 
43 348 162 
395 322 402 
140 196 222 
393 297 367 
201 199 421 
472 127 223 
89 463 499 
492 284 208 
57 195 53 
213 128 74 
214 185 15 
496 334 354 
85 117 76 
61 487 122 
316 306 152 
358 68 303 
359 312 480 
289 76 74 
350 437 9 
99 45 338 
127 492 5 
408 250 276 
169 175 434 
494 453 470 
132 185 391 
250 485 484 
132 363 273 
133 11 317 
48 143 135 
425 195 127 
495 363 431 
251 224 100 
323 138 194 
172 127 193 
359 333 384 
320 65 352 
271 270 95 
30 255 125 
80 312 72 
352 456 48 
250 348 175 
239 386 127 
176 371 291 
182 391 2 
442 374 211 
98 68 128 
28 84 180 
14 49 104 
222 161 466 
386 155 302 
184 227 187 
114 69 143 
266 165 404 
215 142 467 
375 225 349 
349 377 427 
327 440 62 
449 344 429 
144 31 98 
13 112 259 
408 179 404 
221 410 332 
357 335 169 
55 52 376 
68 6 165 
108 418 34 
347 242 399 
266 105 97 
485 163 499 
49 326 64 
348 302 489 
1 470 426 
59 402 379 
107 65 298 
373 192 160 
299 250 328 
164 397 115 
227 453 298 
339 22 484 
328 471 21 
179 35 36 
112 437 499 
5 198 393 
341 31 274 
157 38 427 
301 38 496 
123 354 439 
38 265 16 
324 341 341 
137 202 472 
142 472 484 
133 333 217 
189 108 379 
325 229 329 
492 258 241 
235 336 158 
496 408 426 
299 12 449 
44 207 114 
354 355 429 
182 408 348 
40 59 274 
191 369 171 
70 248 156 
414 93 92 
333 242 182 
183 419 164 
129 20 190 
237 390 264 
283 432 414 
489 320 412 
202 395 167 
465 436 374 
247 257 163 
468 451 393 
366 353 456 
30 277 209 
405 218 387 
193 450 16 
74 146 12 
213 45 227 
184 132 67 
62 256 165 
424 110 177 
77 465 56 
72 330 287 
13 330 391 
169 112 307 
292 327 421 
206 488 315 
209 79 314 
114 9 498 
30 39 322 
272 249 25 
459 345 473 
387 404 257 
97 453 182 
197 248 191 
327 129 272 
137 348 419 
33 494 334 
219 399 489 
442 318 246 
295 329 202 
418 208 261 
128 120 181 
258 389 433 
487 297 347 
353 213 291 
279 70 356 
313 173 435 
391 164 444 
244 279 8 
28 5 333 
215 10 79 
92 24 417 
31 394 73 
72 82 110 
26 173 126 
412 251 302 
316 360 178 
87 370 275 
419 326 280 
480 469 15 
314 335 379 
308 358 290 
499 370 28 
12 226 27 
286 5 333 
315 307 173 
480 185 272 
362 62 6 
299 456 256 
462 19 335 
75 320 496 
31 365 221 
112 465 240 
433 468 326 
247 336 395 
297 114 228 
132 474 241 
384 126 362 
308 491 476 
27 90 107 
51 272 444 
211 477 103 
482 208 332 
375 173 371 
8 84 224 
318 254 345 
468 114 134 
421 378 256 
119 207 493 
195 187 321 
470 177 322 
461 61 232 
101 89 81 
433 460 180 
455 400 431 
146 360 422 
258 462 193 
59 336 380 
144 372 167 
478 214 353 
279 88 355 
477 165 159 
306 438 222 
383 10 149 
265 437 455 
115 81 104 
463 134 216 
24 132 136 
334 285 182 
76 494 70 
381 436 272 
294 93 402 
475 381 387 
235 409 179 
318 122 106 
450 251 258 
482 186 393 
345 296 354 
116 28 104 
394 197 480 
259 400 335 
179 234 253 
9 408 449 
416 108 9 
27 455 109 
175 112 354 
324 43 434 
124 127 463 
217 336 47 
1 490 201 
480 313 83 
455 408 31 
322 371 390 
307 179 175 
37 37 95 
70 429 109 
275 21 258 
35 334 270 
41 409 292 
264 39 249 
236 409 31 
130 326 24 
268 312 214 
406 89 476 
248 312 474 
294 437 227 
200 310 102 
104 373 254 
377 360 310 
397 5 151 
65 445 51 
18 279 11 
59 178 419 
353 108 488 
409 58 245 
335 3 78 
257 120 470 
84 282 415 
188 303 486 
490 270 297 
327 459 181 
369 194 55 
299 193 295 
358 256 148 
471 99 367 
209 310 81 
491 215 75 
484 154 414 
367 225 261 
439 163 332 
358 385 151 
56 263 324 
264 82 228 
295 405 492 
357 271 115 
185 441 134 
62 197 48 
326 36 79 
420 93 60 
51 34 418 
427 6 249 
432 325 197 
315 440 255 
138 469 449 
58 491 356 
19 236 209 
238 143 66 
204 144 251 
446 44 261 
247 414 244 
197 264 275 
8 283 6 
380 363 153 
67 303 315 
319 39 326 
99 359 79 
214 182 451 
230 6 174 
124 393 23 
105 372 31 
149 69 68 
245 61 387 
441 199 105 
33 441 214 
18 124 160 
122 365 117 
400 193 234 
318 283 311 
473 410 268 
161 478 485 
466 93 28 
197 69 452 
123 121 138 
491 252 44 
342 352 149 
323 79 197 
286 105 440 
311 106 220 
63 205 60 
268 72 211 
403 392 18 
42 192 281 
310 478 267 
343 151 487 
404 363 450 
391 229 459 
61 456 286 
242 391 414 
288 72 181 
267 190 477 
272 323 294 
474 40 57 
213 148 304 
11 151 134 
43 214 314 
411 275 297 
161 4 304 
440 352 56 
285 138 319 
457 460 316 
277 133 304 
417 39 455 
13 362 402 
463 315 491 
414 44 407 
425 9 151 
478 499 73 
322 108 168 
193 289 238 
487 67 325 
97 201 431 
159 416 364 
83 167 468 
453 232 326 
271 146 164 
86 90 402 
167 116 328 
493 481 221 
76 272 209 
310 498 300 
212 491 347 
328 16 444 
420 258 145 
42 198 371 
379 335 412 
423 38 469 
68 495 254 
54 191 355 
161 173 464 
308 107 106 
177 398 163 
471 123 284 
165 419 447 
29 340 72 
354 487 62 
373 109 191 
362 35 102 
43 290 416 
112 184 73 
194 17 33 
473 158 419 
93 118 77 
80 485 414 
393 383 357 
42 397 80 
225 306 122 
164 18 382 
306 239 215 
324 118 67 
229 106 132 
470 134 32 
13 179 265 
363 117 134 
308 263 269 
114 248 379 
361 333 466 
162 50 419 
407 381 16 
455 370 80 
289 248 74 
111 152 227 
243 231 220 
459 418 317 
323 450 436 
171 296 54 
484 401 84 
28 325 40 
171 228 76 
107 19 199 
108 26 233 
399 375 280 
496 409 200 
92 38 201 
187 56 235 
263 121 443 
37 477 15 
225 263 398 
302 253 218 
157 351 4 
421 311 197 
149 85 47 
272 33 485 
332 190 331 
285 18 89 
92 293 233 
236 230 1 
40 398 136 
132 338 473 
480 21 251 
169 392 236 
493 206 470 
150 162 368 
414 199 282 
0 134 473 
415 368 473 
313 225 123 
165 435 243 
240 365 308 
392 403 319 
416 499 82 
343 230 368 
233 92 259 
202 440 407 
282 122 430 
7 431 278 
119 144 60 
263 96 392 
412 202 148 
356 87 137 
283 187 258 
147 417 434 
29 389 165 
364 461 337 
12 241 251 
137 85 450 
102 484 92 
328 88 469 
231 355 244 
497 453 369 
86 364 349 
300 356 264 
452 264 64 
70 335 114 
195 405 343 
222 160 189 
312 21 251 
121 93 60 
298 242 158 
281 446 384 
332 144 227 
242 138 77 
309 461 381 
465 331 382 
33 29 446 
251 63 8 
426 73 379 
446 26 416 
223 118 462 
31 307 147 
202 322 369 
201 71 274 
53 67 494 
308 157 33 
441 74 342 
359 473 7 
490 14 266 
98 151 81 
38 195 178 
462 404 438 
377 464 61 
241 279 237 
343 180 34 
361 158 496 
215 480 240 
445 226 157 
169 429 197 
296 174 251 
478 32 303 
221 209 354 
9 451 341 
105 427 3 
228 231 353 
225 369 404 
494 68 237 
330 455 148 
122 322 309 
353 0 482 
492 173 226 
257 291 385 
326 91 471 
288 157 154 
191 150 190 
222 423 317 
275 420 285 
478 333 28 
414 446 197 
244 466 203 
206 265 486 
367 139 84 
123 433 295 
386 83 360 
107 90 422 
212 486 264 
435 406 379 
400 420 72 
8 76 205 
203 267 212 
407 487 17 
56 246 217 
487 267 469 
323 313 286 
430 356 267 
206 115 302 
432 393 411 
162 81 213 
147 356 30 
464 196 220 
120 397 493 
293 107 442 
422 392 436 
348 157 484 
311 343 334 
222 375 150 
23 52 123 
423 397 89 
413 455 25 
420 386 207 
499 113 257 
164 316 344 
457 365 192 
367 313 19 
30 297 411 
353 389 206 
53 293 397 
346 100 267 
27 418 52 
182 382 113 
378 417 385 
20 333 481 
59 150 102 
92 214 319 
303 473 349 
428 363 400 
437 338 428 
156 438 256 
215 110 59 
97 181 293 
115 471 440 
475 464 231 
56 151 454 
433 244 99 
254 135 304 
374 409 290 
196 196 472 
445 129 23 
437 158 456 
179 479 311 
213 36 288 
34 85 71 
196 318 11 
487 142 194 
165 383 115 
19 454 454 
263 310 386 
38 300 224 
262 429 255 
460 215 62 
374 131 154 
53 280 186 
296 159 19 
335 228 465 
147 109 382 
394 420 140 
165 172 271 
454 305 428 
367 125 409 
139 343 249 
307 415 423 
110 446 22 
384 174 191 
398 82 261 
318 24 440 
95 175 226 
267 425 435 
225 435 281 
268 376 160 
32 434 49 
214 75 345 
382 320 354 
72 72 411 
248 316 191 
209 61 62 
133 178 230 
15 214 71 
71 462 152 
278 439 120 
281 342 352 
475 22 400 
124 157 332 
204 490 161 
346 117 175 
68 413 192 
117 466 456 
376 86 28 
30 288 65 
389 387 194 
195 325 424 
255 253 262 
99 448 390 
59 27 363 
156 304 297 
68 434 323 
433 359 277 
325 156 203 
305 232 270 
422 352 449 
363 407 70 
243 375 322 
412 138 156 
114 399 175 
413 173 428 
161 265 257 
294 349 400 
318 408 39 
10 414 206 
44 102 164 
454 280 223 
94 285 449 
475 66 316 
467 212 111 
264 108 313 
77 150 80 
449 475 300 
453 27 330 
290 248 486 
314 369 188 
171 268 222 
328 313 303 
122 353 213 
21 61 422 
8 67 297 
367 467 217 
279 22 22 
67 198 24 
176 205 4 
173 151 190 
305 363 375 
253 365 377 
246 361 498 
261 188 54 
316 458 24 
209 406 28 
223 24 471 
125 111 152 
133 118 205 
188 397 313 
178 387 212 
494 276 495 
433 421 145 
61 113 169 
276 109 129 
11 267 21 
391 319 213 
258 256 344 
482 80 277 
71 397 196 
309 57 454 
204 404 269 
449 2 450 
350 151 294 
287 431 61 
218 142 122 
154 104 40 
479 390 459 
297 68 161 
143 318 214 
265 55 173 
55 308 26 
130 464 410 
162 395 143 
320 352 196 
474 487 460 
121 257 304 
414 161 41 
45 487 183 
211 132 390 
296 225 295 
458 425 193 
212 129 270 
207 232 235 
276 436 76 
293 180 309 
426 365 418 
347 339 58 
61 405 133 
438 412 448 
33 121 202 
170 396 394 
383 286 98 
476 24 173 
245 429 6 
198 262 350 
98 93 95 
440 8 341 
385 29 374 
295 492 96 
444 451 133 
459 150 318 
105 401 446 
319 133 27 
264 39 158 
144 72 268 
134 182 336 
65 461 349 
415 192 382 
322 30 255 
210 334 117 
45 291 140 
491 236 137 
421 3 263 
446 295 134 
437 40 469 
218 234 418 
358 368 7 
148 36 204 
9 99 162 
119 152 369 
250 266 385 
165 433 132 
82 444 388 
416 138 416 
228 278 187 
454 342 345 
245 300 113 
148 53 404 
65 118 180 
56 1 447 
315 378 373 
404 175 348 
70 46 46 
226 388 360 
488 493 449 
352 237 352 
416 345 359 
29 321 346 
104 401 20 
122 471 401 
29 99 196 
2 227 29 
407 40 218 
310 365 391 
164 192 322 
278 423 459 
210 434 83 
452 98 264 
66 323 220 
79 346 459 
44 137 117 
327 203 180 
36 9 82 
116 113 498 
283 176 111 
75 206 274 
397 485 127 
301 51 461 
178 66 37 
491 313 379 
353 37 402 
417 347 399 
115 52 277 
303 155 373 
473 79 315 
155 447 274 
71 203 271 
88 120 239 
497 133 441 
399 21 254 
142 107 246 
57 293 480 
151 339 21 
474 420 391 
410 14 323 
365 175 66 
115 24 474 
494 415 5 
341 342 391 
462 221 122 
327 216 384 
253 313 406 
310 159 322 
307 78 478 
378 305 172 
224 266 460 
457 480 442 
345 381 494 
122 309 493 
257 130 367 
153 36 191 
185 467 192 
318 132 84 
474 488 222 
491 188 196 
371 475 279 
299 451 26 
177 58 158 
439 228 215 
470 317 472 
227 109 70 
25 128 205 
387 24 138 
112 275 256 
4 346 443 
421 124 418 
45 243 285 
120 105 225 
350 226 132 
352 439 237 
401 87 152 
31 51 104 
162 143 420 
158 315 274 
63 50 366 
489 116 240 
208 44 62 
203 266 186 
440 108 390 
146 477 58 
33 406 333 
470 99 462 
496 106 295 
457 129 428 
178 369 285 
96 95 481 
111 400 306 
340 401 36 
426 256 233 
211 197 441 
385 101 291 
369 200 85 
278 317 5 
230 160 45 
