1000
3
317 451 139 
478 18 404 
17 265 248 
266 391 357 
8 49 56 
467 198 394 
35 423 453 
376 196 453 
411 306 112 
444 94 470 
149 320 86 
394 263 192 
291 37 0 
107 100 41 
38 110 486 
491 466 487 
439 36 250 
296 30 460 
400 478 399 
192 387 18 
296 138 144 
347 184 57 
393 86 141 
478 42 50 
141 315 276 
350 477 346 
471 446 241 
41 497 35 
9 94 129 
0 438 22 
427 354 206 
12 329 58 
124 133 411 
278 383 314 
219 203 38 
330 39 423 
162 13 257 
467 425 405 
426 395 478 
353 488 109 
491 368 85 
184 226 381 
460 315 1 
413 151 46 
156 113 24 
249 476 55 
458 360 351 
392 139 287 
431 352 435 
0 462 366 
320 50 78 
462 341 48 
141 148 374 
287 460 451 
202 161 86 
44 168 81 
14 66 444 
169 169 300 
482 198 62 
18 312 182 
263 448 313 
458 136 335 
319 235 216 
462 114 217 
136 382 111 
328 172 26 
91 55 53 
427 26 370 
381 180 104 
415 34 414 
155 497 398 
35 200 378 
377 389 398 
432 225 178 
337 263 323 
177 256 129 
402 448 70 
10 304 430 
207 63 341 
473 415 323 
357 438 342 
386 11 276 
99 158 344 
82 483 342 
6 264 181 
90 109 62 
247 369 152 
5 400 119 
480 203 177 
76 43 258 
259 142 104 
304 390 415 
491 474 276 
325 62 331 
402 91 173 
41 384 377 
403 431 225 
73 250 233 
125 478 413 
10 94 498 
21 335 374 
267 157 438 
175 486 308 
286 427 492 
414 493 335 
331 120 192 
322 141 148 
66 226 284 
419 149 285 
455 150 418 
171 344 173 
153 186 35 
408 286 217 
42 468 323 
414 259 136 
162 113 80 
13 281 309 
314 461 253 
433 470 261 
4 377 113 
39 69 36 
110 433 339 
238 269 372 
385 187 355 
473 361 115 
13 78 79 
402 439 390 
41 263 484 
138 445 64 
375 147 263 
52 40 85 
309 93 460 
403 378 107 
143 458 295 
499 21 497 
49 245 344 
125 220 136 
365 250 403 
355 62 82 
290 373 235 
449 285 50 
422 496 468 
406 334 446 
73 332 115 
9 100 427 
380 494 70 
92 365 52 
104 11 317 
428 452 177 
184 477 344 
465 71 239 
47 484 141 
39 12 486 
212 325 288 
397 241 246 
464 300 481 
482 217 457 
235 25 13 
381 343 198 
343 458 356 
248 195 55 
325 173 103 
129 445 202 
438 254 447 
226 344 158 
230 481 215 
461 79 187 
157 103 336 
148 290 28 
311 271 217 
229 324 227 
435 93 303 
200 480 69 
236 70 82 
346 230 308 
208 95 30 
320 372 95 
498 363 166 
254 60 38 
54 78 225 
438 77 250 
256 73 135 
241 64 486 
487 368 116 
279 32 353 
148 275 141 
69 37 466 
409 271 246 
305 409 399 
152 58 279 
409 322 25 
443 329 426 
383 117 52 
172 432 134 
335 69 264 
260 265 471 
370 374 215 
446 85 157 
11 307 348 
365 413 52 
93 51 21 
116 215 248 
67 416 104 
127 170 32 
14 429 109 
493 366 186 
168 75 199 
151 122 390 
281 243 123 
393 314 179 
420 452 495 
147 408 85 
396 151 67 
338 141 167 
19 354 340 
475 138 258 
40 426 415 
42 437 417 
312 348 143 
28 57 353 
186 302 156 
147 51 68 
352 168 472 
8 390 146 
173 463 262 
399 243 204 
351 188 483 
27 13 205 
276 287 307 
85 327 217 
123 373 35 
483 422 158 
129 252 462 
441 303 408 
378 490 257 
56 304 236 
45 161 490 
252 138 483 
460 469 240 
190 379 305 
388 116 490 
155 71 273 
445 145 210 
224 222 0 
168 471 265 
342 232 218 
117 200 15 
309 353 278 
434 172 354 
313 457 85 
402 36 131 
130 486 194 
97 232 73 
331 226 376 
72 89 229 
196 150 92 
431 37 109 
3 270 208 
356 182 459 
492 308 285 
283 37 90 
289 463 251 
283 294 41 
245 379 133 
28 199 7 
421 345 371 
370 82 230 
5 299 97 
288 455 481 
15 196 61 
194 377 346 
201 318 97 
416 466 244 
171 43 419 
53 55 405 
31 61 147 
372 216 479 
276 400 286 
261 391 474 
230 118 286 
17 24 16 
277 330 477 
58 7 28 
485 246 454 
55 118 253 
120 448 55 
356 170 23 
400 275 479 
9 211 309 
367 217 183 
275 395 179 
465 141 117 
439 190 219 
124 176 227 
105 309 465 
375 87 73 
190 42 432 
260 256 347 
190 419 30 
106 200 355 
363 212 442 
285 17 120 
250 246 45 
303 368 164 
491 111 385 
26 473 322 
197 133 110 
298 407 465 
124 436 166 
0 123 226 
337 50 326 
329 25 9 
260 465 31 
439 368 328 
105 126 210 
339 129 480 
491 465 457 
205 209 429 
399 399 111 
271 117 101 
147 194 282 
447 360 177 
119 434 428 
284 168 136 
248 198 207 
59 208 297 
195 387 351 
282 142 85 
246 344 333 
119 313 304 
42 251 350 
91 121 309 
327 368 468 
85 108 76 
56 81 374 
12 196 383 
227 19 265 
239 333 245 
365 141 454 
351 321 346 
170 84 306 
310 61 482 
143 457 273 
447 457 126 
173 391 165 
114 84 455 
262 341 131 
375 432 64 
1 17 45 
84 157 150 
419 475 187 
487 407 413 
336 317 316 
444 352 5 
185 53 146 
496 325 387 
315 254 453 
34 409 98 
51 423 359 
106 82 251 
269 373 206 
54 462 332 
115 373 350 
113 327 311 
151 427 340 
213 292 474 
373 473 359 
418 87 466 
240 412 200 
99 463 313 
180 85 97 
460 388 231 
192 3 94 
153 488 206 
230 393 413 
488 226 274 
298 14 312 
190 25 110 
78 24 285 
321 221 231 
410 225 112 
391 27 287 
327 18 37 
25 242 338 
377 372 383 
246 176 436 
460 134 309 
360 328 440 
75 226 22 
329 164 325 
283 385 278 
495 280 473 
115 446 104 
47 386 197 
33 288 86 
138 170 210 
199 76 377 
179 276 477 
283 494 494 
407 105 13 
120 87 394 
317 192 382 
283 246 347 
496 42 215 
241 95 354 
26 98 74 
405 33 442 
275 237 122 
456 263 402 
200 143 176 
29 311 378 
217 261 157 
96 190 414 
36 468 39 
167 21 232 
40 349 170 
154 79 3 
191 209 34 
457 410 112 
75 289 238 
496 34 241 
144 217 426 
390 226 387 
120 83 156 
40 313 37 
132 149 203 
379 345 38 
228 107 269 
427 328 432 
40 125 260 
443 289 203 
48 445 64 
113 225 223 
297 427 363 
297 425 243 
451 401 346 
238 445 11 
430 448 327 
374 237 338 
365 278 300 
306 240 302 
11 354 46 
370 78 431 
319 249 77 
253 412 224 
489 360 425 
78 495 181 
105 77 407 
491 250 352 
129 337 302 
91 377 64 
362 328 382 
499 493 342 
195 179 477 
203 406 162 
258 441 252 
432 276 366 
213 376 300 
190 377 301 
350 40 388 
468 38 48 
84 239 245 
334 433 480 
336 464 195 
188 245 127 
320 356 121 
358 32 322 
462 23 25 
161 489 97 
75 270 391 
232 334 163 
66 80 353 
358 199 35 
460 75 280 
101 381 135 
260 315 235 
257 402 290 
431 491 327 
374 160 190 
140 498 470 
283 269 474 
476 186 397 
207 348 345 
382 209 339 
83 416 131 
394 335 26 
492 183 367 
12 58 302 
166 485 47 
329 494 370 
165 54 176 
448 131 228 
493 99 18 
144 93 79 
118 87 87 
4 189 113 
197 363 66 
373 28 136 
156 388 440 
275 474 332 
392 326 467 
154 376 364 
362 280 108 
301 472 173 
58 239 395 
46 265 1 
35 123 133 
454 84 319 
150 129 411 
406 172 385 
382 237 306 
252 287 407 
268 289 237 
418 399 414 
113 53 111 
100 248 434 
212 474 78 
452 34 121 
424 171 155 
32 419 436 
283 158 344 
364 55 185 
109 193 11 
474 282 300 
258 271 29 
153 193 147 
156 118 264 
28 472 356 
264 359 492 
124 186 71 
324 269 333 
192 372 70 
7 145 293 
379 365 109 
114 182 422 
331 37 468 
163 316 269 
294 188 78 
236 42 196 
471 145 234 
414 245 287 
310 249 489 
458 369 121 
254 72 382 
360 128 41 
442 121 451 
112 420 474 
42 61 286 
278 60 171 
199 77 47 
287 6 145 
219 3 486 
195 498 478 
455 343 246 
273 386 349 
173 207 277 
336 222 138 
62 225 143 
365 130 53 
251 163 130 
444 173 217 
282 394 224 
377 67 32 
299 187 331 
276 5 24 
118 295 342 
63 164 455 
76 220 330 
301 330 104 
451 273 426 
135 232 457 
218 276 472 
177 17 223 
115 416 45 
62 357 432 
142 446 455 
20 300 326 
325 351 110 
84 15 481 
150 344 7 
154 226 375 
169 187 446 
272 315 105 
124 443 38 
250 418 251 
433 483 465 
394 173 224 
199 204 286 
266 467 16 
114 190 121 
99 36 244 
210 379 1 
331 269 169 
335 64 372 
225 349 18 
70 222 331 
105 163 268 
155 92 375 
425 298 457 
295 196 243 
163 225 18 
21 411 415 
300 363 204 
223 299 96 
81 138 195 
16 322 283 
206 428 326 
159 464 438 
411 328 72 
261 237 319 
82 1 365 
71 65 202 
435 8 433 
136 386 120 
389 122 132 
229 275 491 
235 24 248 
323 354 258 
483 98 270 
214 75 480 
360 370 24 
445 360 99 
220 107 156 
37 291 479 
447 144 321 
345 197 50 
88 477 191 
105 400 471 
373 15 144 
342 229 325 
112 61 431 
409 374 430 
431 298 146 
81 282 391 
268 301 144 
67 176 402 
80 236 386 
207 478 181 
226 390 3 
418 495 191 
11 396 156 
170 335 223 
158 214 30 
490 412 390 
217 329 250 
186 384 188 
397 252 57 
479 166 181 
35 201 194 
484 248 220 
441 100 172 
181 98 126 
202 433 262 
294 490 295 
234 312 417 
191 216 161 
144 173 23 
19 268 28 
91 358 355 
438 23 443 
236 336 5 
339 141 106 
104 321 446 
434 217 349 
139 147 272 
314 138 290 
267 131 495 
460 425 431 
141 410 441 
91 362 78 
442 160 264 
455 407 458 
382 349 400 
167 474 126 
263 349 328 
217 97 456 
417 345 170 
92 251 38 
244 444 116 
93 92 195 
134 402 175 
380 334 156 
147 89 282 
400 387 324 
377 342 149 
495 50 176 
123 130 180 
477 65 307 
68 327 108 
114 253 370 
1 335 134 
54 98 46 
223 35 30 
281 370 140 
297 497 9 
113 106 314 
372 318 88 
149 92 445 
284 473 311 
332 353 394 
176 325 275 
11 360 362 
182 2 375 
45 159 326 
141 53 21 
120 268 28 
30 132 74 
205 157 391 
269 74 108 
250 427 291 
286 342 106 
24 10 450 
456 402 404 
276 415 302 
262 164 476 
355 268 359 
428 278 429 
406 290 171 
93 450 64 
203 96 225 
285 472 340 
300 97 298 
159 458 307 
54 180 32 
265 32 396 
390 18 414 
18 105 280 
203 56 35 
397 378 82 
113 31 248 
136 135 17 
93 379 123 
90 380 401 
424 373 153 
378 382 258 
253 384 285 
328 174 287 
26 60 472 
30 77 74 
27 218 268 
375 494 252 
480 434 341 
135 195 425 
56 400 75 
73 45 210 
147 499 197 
414 240 221 
130 339 118 
251 312 203 
93 3 350 
314 351 449 
12 241 451 
489 120 300 
393 279 410 
493 5 115 
116 235 250 
214 355 150 
60 10 404 
225 361 463 
64 440 462 
276 59 262 
326 95 239 
158 441 65 
193 5 119 
250 272 70 
231 149 292 
210 322 309 
479 369 13 
246 270 403 
324 183 451 
100 145 70 
14 413 337 
331 494 375 
214 110 126 
255 407 279 
433 361 32 
136 7 287 
149 198 142 
390 162 402 
438 83 334 
367 321 87 
298 304 343 
373 321 495 
305 269 473 
102 285 190 
327 67 298 
370 177 94 
290 318 447 
367 307 69 
341 313 374 
70 374 183 
143 213 216 
375 465 192 
473 297 177 
399 427 142 
163 450 377 
208 357 339 
218 439 85 
250 22 482 
166 327 195 
320 287 367 
14 367 284 
107 192 483 
478 203 65 
235 493 173 
100 156 464 
334 468 356 
298 194 18 
474 308 481 
231 401 24 
402 195 483 
453 179 318 
67 437 140 
234 215 496 
29 45 215 
498 319 307 
12 44 359 
337 73 388 
446 486 268 
167 261 187 
470 260 444 
299 237 160 
387 64 243 
233 272 217 
135 101 292 
465 424 447 
118 157 274 
175 441 170 
125 87 171 
238 168 214 
487 353 75 
435 417 235 
458 368 357 
177 75 152 
284 142 332 
295 250 397 
365 464 165 
29 460 421 
200 244 366 
495 474 97 
375 141 414 
301 331 416 
339 241 300 
117 121 146 
167 419 239 
413 62 419 
436 86 364 
406 192 321 
269 374 280 
188 254 125 
350 436 281 
328 200 95 
21 316 312 
219 120 447 
169 2 55 
97 449 37 
408 113 466 
270 52 112 
344 74 151 
298 140 85 
271 101 243 
15 385 486 
107 335 391 
226 259 50 
60 285 79 
349 159 267 
94 443 243 
105 451 415 
292 463 344 
83 58 152 
161 227 11 
90 58 145 
219 333 208 
202 156 134 
457 225 320 
389 16 303 
3 104 307 
159 478 235 
185 496 386 
414 100 2 
139 118 479 
298 489 16 
158 39 236 
79 139 322 
152 381 133 
429 431 377 
492 368 471 
336 171 424 
398 7 126 
45 413 321 
144 456 265 
34 78 3 
388 244 471 
333 131 397 
495 161 35 
386 203 94 
34 471 410 
484 220 12 
314 351 430 
377 71 459 
189 261 85 
64 49 306 
2 88 414 
153 285 54 
465 91 193 
194 209 438 
431 67 144 
433 404 160 
200 88 233 
220 219 68 
400 60 290 
341 466 180 
283 424 250 
443 422 427 
297 43 366 
409 414 325 
233 288 318 
477 426 456 
484 367 320 
326 150 230 
8 330 228 
22 280 382 
251 213 330 
493 71 402 
288 291 146 
244 381 155 
63 258 181 
400 467 80 
215 364 487 
41 217 224 
111 482 142 
105 288 448 
375 215 273 
286 147 77 
141 279 315 
309 316 280 
27 33 419 
109 492 231 
34 247 28 
237 149 474 
125 486 312 
468 188 222 
192 314 259 
317 42 389 
197 160 103 
397 345 315 
60 460 371 
199 193 419 
18 196 395 
439 489 375 
157 218 401 
135 312 475 
459 162 296 
312 316 39 
233 39 477 
170 479 109 
85 491 92 
415 258 305 
276 107 215 
115 155 19 
185 422 188 
141 346 31 
226 432 43 
359 484 70 
290 101 315 
91 66 207 
99 297 495 
249 462 263 
143 230 245 
272 395 49 
225 241 184 
330 67 124 
434 207 173 
290 27 406 
163 256 253 
16 278 434 
176 298 300 
179 451 352 
338 305 383 
420 320 348 
439 370 133 
295 351 390 
427 129 391 
162 170 350 
51 247 274 
207 481 419 
0 308 25 
213 290 89 
201 372 374 
408 469 201 
64 447 401 
373 404 217 
302 144 135 
306 315 297 
3 144 384 
458 101 70 
322 298 244 
148 495 278 
236 13 417 
266 96 466 
