5000
0 3.0E-5
1 3.0E-5
2 3.0E-5
3 3.0E-5
4 3.0E-5
5 3.0E-5
6 3.0E-5
7 3.0E-5
8 3.0E-5
9 3.0E-5
10 3.0E-5
11 3.0E-5
12 3.0E-5
13 3.0E-5
14 3.0E-5
15 3.0E-5
16 3.0E-5
17 3.0E-5
18 3.0E-5
19 3.0E-5
20 3.0E-5
21 3.0E-5
22 3.0E-5
23 3.0E-5
24 3.0E-5
25 3.0E-5
26 3.0E-5
27 3.0E-5
28 3.0E-5
29 3.0E-5
30 3.0E-5
31 3.0E-5
32 3.0E-5
33 3.0E-5
34 3.0E-5
35 3.0E-5
36 3.0E-5
37 3.0E-5
38 3.0E-5
39 3.0E-5
40 3.0E-5
41 3.0E-5
42 3.0E-5
43 3.0E-5
44 3.0E-5
45 3.0E-5
46 3.0E-5
47 3.0E-5
48 3.0E-5
49 3.0E-5
50 3.0E-5
51 3.0E-5
52 3.0E-5
53 3.0E-5
54 3.0E-5
55 3.0E-5
56 3.0E-5
57 3.0E-5
58 3.0E-5
59 3.0E-5
60 3.0E-5
61 3.0E-5
62 3.0E-5
63 3.0E-5
64 3.0E-5
65 3.0E-5
66 3.0E-5
67 3.0E-5
68 3.0E-5
69 3.0E-5
70 3.0E-5
71 3.0E-5
72 3.0E-5
73 3.0E-5
74 3.0E-5
75 3.0E-5
76 3.0E-5
77 3.0E-5
78 3.0E-5
79 3.0E-5
80 3.0E-5
81 3.0E-5
82 3.0E-5
83 3.0E-5
84 3.0E-5
85 3.0E-5
86 3.0E-5
87 3.0E-5
88 3.0E-5
89 3.0E-5
90 3.0E-5
91 3.0E-5
92 3.0E-5
93 3.0E-5
94 3.0E-5
95 3.0E-5
96 3.0E-5
97 3.0E-5
98 3.0E-5
99 3.0E-5
100 3.0E-5
101 3.0E-5
102 3.0E-5
103 3.0E-5
104 3.0E-5
105 3.0E-5
106 3.0E-5
107 3.0E-5
108 3.0E-5
109 3.0E-5
110 3.0E-5
111 3.0E-5
112 3.0E-5
113 3.0E-5
114 3.0E-5
115 3.0E-5
116 3.0E-5
117 3.0E-5
118 3.0E-5
119 3.0E-5
120 3.0E-5
121 3.0E-5
122 3.0E-5
123 3.0E-5
124 3.0E-5
125 3.0E-5
126 3.0E-5
127 3.0E-5
128 3.0E-5
129 3.0E-5
130 3.0E-5
131 3.0E-5
132 3.0E-5
133 3.0E-5
134 3.0E-5
135 3.0E-5
136 3.0E-5
137 3.0E-5
138 3.0E-5
139 3.0E-5
140 3.0E-5
141 3.0E-5
142 3.0E-5
143 3.0E-5
144 3.0E-5
145 3.0E-5
146 3.0E-5
147 3.0E-5
148 3.0E-5
149 3.0E-5
150 3.0E-5
151 3.0E-5
152 3.0E-5
153 3.0E-5
154 3.0E-5
155 3.0E-5
156 3.0E-5
157 3.0E-5
158 3.0E-5
159 3.0E-5
160 3.0E-5
161 3.0E-5
162 3.0E-5
163 3.0E-5
164 3.0E-5
165 3.0E-5
166 3.0E-5
167 3.0E-5
168 3.0E-5
169 3.0E-5
170 3.0E-5
171 3.0E-5
172 3.0E-5
173 3.0E-5
174 3.0E-5
175 3.0E-5
176 3.0E-5
177 3.0E-5
178 3.0E-5
179 3.0E-5
180 3.0E-5
181 3.0E-5
182 3.0E-5
183 3.0E-5
184 3.0E-5
185 3.0E-5
186 3.0E-5
187 3.0E-5
188 3.0E-5
189 3.0E-5
190 3.0E-5
191 3.0E-5
192 3.0E-5
193 3.0E-5
194 3.0E-5
195 3.0E-5
196 3.0E-5
197 3.0E-5
198 3.0E-5
199 3.0E-5
200 3.0E-5
201 3.0E-5
202 3.0E-5
203 3.0E-5
204 3.0E-5
205 3.0E-5
206 3.0E-5
207 3.0E-5
208 3.0E-5
209 3.0E-5
210 3.0E-5
211 3.0E-5
212 3.0E-5
213 3.0E-5
214 3.0E-5
215 3.0E-5
216 3.0E-5
217 3.0E-5
218 3.0E-5
219 3.0E-5
220 3.0E-5
221 3.0E-5
222 3.0E-5
223 3.0E-5
224 3.0E-5
225 3.0E-5
226 3.0E-5
227 3.0E-5
228 3.0E-5
229 3.0E-5
230 3.0E-5
231 3.0E-5
232 3.0E-5
233 3.0E-5
234 3.0E-5
235 3.0E-5
236 3.0E-5
237 3.0E-5
238 3.0E-5
239 3.0E-5
240 3.0E-5
241 3.0E-5
242 3.0E-5
243 3.0E-5
244 3.0E-5
245 3.0E-5
246 3.0E-5
247 3.0E-5
248 3.0E-5
249 3.0E-5
250 3.0E-5
251 3.0E-5
252 3.0E-5
253 3.0E-5
254 3.0E-5
255 3.0E-5
256 3.0E-5
257 3.0E-5
258 3.0E-5
259 3.0E-5
260 3.0E-5
261 3.0E-5
262 3.0E-5
263 3.0E-5
264 3.0E-5
265 3.0E-5
266 3.0E-5
267 3.0E-5
268 3.0E-5
269 3.0E-5
270 3.0E-5
271 3.0E-5
272 3.0E-5
273 3.0E-5
274 3.0E-5
275 3.0E-5
276 3.0E-5
277 3.0E-5
278 3.0E-5
279 3.0E-5
280 3.0E-5
281 3.0E-5
282 3.0E-5
283 3.0E-5
284 3.0E-5
285 3.0E-5
286 3.0E-5
287 3.0E-5
288 3.0E-5
289 3.0E-5
290 3.0E-5
291 3.0E-5
292 3.0E-5
293 3.0E-5
294 3.0E-5
295 3.0E-5
296 3.0E-5
297 3.0E-5
298 3.0E-5
299 3.0E-5
300 3.0E-5
301 3.0E-5
302 3.0E-5
303 3.0E-5
304 3.0E-5
305 3.0E-5
306 3.0E-5
307 3.0E-5
308 3.0E-5
309 3.0E-5
310 3.0E-5
311 3.0E-5
312 3.0E-5
313 3.0E-5
314 3.0E-5
315 3.0E-5
316 3.0E-5
317 3.0E-5
318 3.0E-5
319 3.0E-5
320 3.0E-5
321 3.0E-5
322 3.0E-5
323 3.0E-5
324 3.0E-5
325 3.0E-5
326 3.0E-5
327 3.0E-5
328 3.0E-5
329 3.0E-5
330 3.0E-5
331 3.0E-5
332 3.0E-5
333 3.0E-5
334 3.0E-5
335 3.0E-5
336 3.0E-5
337 3.0E-5
338 3.0E-5
339 3.0E-5
340 3.0E-5
341 3.0E-5
342 3.0E-5
343 3.0E-5
344 3.0E-5
345 3.0E-5
346 3.0E-5
347 3.0E-5
348 3.0E-5
349 3.0E-5
350 3.0E-5
351 3.0E-5
352 3.0E-5
353 3.0E-5
354 3.0E-5
355 3.0E-5
356 3.0E-5
357 3.0E-5
358 3.0E-5
359 3.0E-5
360 3.0E-5
361 3.0E-5
362 3.0E-5
363 3.0E-5
364 3.0E-5
365 3.0E-5
366 3.0E-5
367 3.0E-5
368 3.0E-5
369 3.0E-5
370 3.0E-5
371 3.0E-5
372 3.0E-5
373 3.0E-5
374 3.0E-5
375 3.0E-5
376 3.0E-5
377 3.0E-5
378 3.0E-5
379 3.0E-5
380 3.0E-5
381 3.0E-5
382 3.0E-5
383 3.0E-5
384 3.0E-5
385 3.0E-5
386 3.0E-5
387 3.0E-5
388 3.0E-5
389 3.0E-5
390 3.0E-5
391 3.0E-5
392 3.0E-5
393 3.0E-5
394 3.0E-5
395 3.0E-5
396 3.0E-5
397 3.0E-5
398 3.0E-5
399 3.0E-5
400 3.0E-5
401 3.0E-5
402 3.0E-5
403 3.0E-5
404 3.0E-5
405 3.0E-5
406 3.0E-5
407 3.0E-5
408 3.0E-5
409 3.0E-5
410 3.0E-5
411 3.0E-5
412 3.0E-5
413 3.0E-5
414 3.0E-5
415 3.0E-5
416 3.0E-5
417 3.0E-5
418 3.0E-5
419 3.0E-5
420 3.0E-5
421 3.0E-5
422 3.0E-5
423 3.0E-5
424 3.0E-5
425 3.0E-5
426 3.0E-5
427 3.0E-5
428 3.0E-5
429 3.0E-5
430 3.0E-5
431 3.0E-5
432 3.0E-5
433 3.0E-5
434 3.0E-5
435 3.0E-5
436 3.0E-5
437 3.0E-5
438 3.0E-5
439 3.0E-5
440 3.0E-5
441 3.0E-5
442 3.0E-5
443 3.0E-5
444 3.0E-5
445 3.0E-5
446 3.0E-5
447 3.0E-5
448 3.0E-5
449 3.0E-5
450 3.0E-5
451 3.0E-5
452 3.0E-5
453 3.0E-5
454 3.0E-5
455 3.0E-5
456 3.0E-5
457 3.0E-5
458 3.0E-5
459 3.0E-5
460 3.0E-5
461 3.0E-5
462 3.0E-5
463 3.0E-5
464 3.0E-5
465 3.0E-5
466 3.0E-5
467 3.0E-5
468 3.0E-5
469 3.0E-5
470 3.0E-5
471 3.0E-5
472 3.0E-5
473 3.0E-5
474 3.0E-5
475 3.0E-5
476 3.0E-5
477 3.0E-5
478 3.0E-5
479 3.0E-5
480 3.0E-5
481 3.0E-5
482 3.0E-5
483 3.0E-5
484 3.0E-5
485 3.0E-5
486 3.0E-5
487 3.0E-5
488 3.0E-5
489 3.0E-5
490 3.0E-5
491 3.0E-5
492 3.0E-5
493 3.0E-5
494 3.0E-5
495 3.0E-5
496 3.0E-5
497 3.0E-5
498 3.0E-5
499 3.0E-5
500 3.0E-5
501 3.0E-5
502 3.0E-5
503 3.0E-5
504 3.0E-5
505 3.0E-5
506 3.0E-5
507 3.0E-5
508 3.0E-5
509 3.0E-5
510 3.0E-5
511 3.0E-5
512 3.0E-5
513 3.0E-5
514 3.0E-5
515 3.0E-5
516 3.0E-5
517 3.0E-5
518 3.0E-5
519 3.0E-5
520 3.0E-5
521 3.0E-5
522 3.0E-5
523 3.0E-5
524 3.0E-5
525 3.0E-5
526 3.0E-5
527 3.0E-5
528 3.0E-5
529 3.0E-5
530 3.0E-5
531 3.0E-5
532 3.0E-5
533 3.0E-5
534 3.0E-5
535 3.0E-5
536 3.0E-5
537 3.0E-5
538 3.0E-5
539 3.0E-5
540 3.0E-5
541 3.0E-5
542 3.0E-5
543 3.0E-5
544 3.0E-5
545 3.0E-5
546 3.0E-5
547 3.0E-5
548 3.0E-5
549 3.0E-5
550 3.0E-5
551 3.0E-5
552 3.0E-5
553 3.0E-5
554 3.0E-5
555 3.0E-5
556 3.0E-5
557 3.0E-5
558 3.0E-5
559 3.0E-5
560 3.0E-5
561 3.0E-5
562 3.0E-5
563 3.0E-5
564 3.0E-5
565 3.0E-5
566 3.0E-5
567 3.0E-5
568 3.0E-5
569 3.0E-5
570 3.0E-5
571 3.0E-5
572 3.0E-5
573 3.0E-5
574 3.0E-5
575 3.0E-5
576 3.0E-5
577 3.0E-5
578 3.0E-5
579 3.0E-5
580 3.0E-5
581 3.0E-5
582 3.0E-5
583 3.0E-5
584 3.0E-5
585 3.0E-5
586 3.0E-5
587 3.0E-5
588 3.0E-5
589 3.0E-5
590 3.0E-5
591 3.0E-5
592 3.0E-5
593 3.0E-5
594 3.0E-5
595 3.0E-5
596 3.0E-5
597 3.0E-5
598 3.0E-5
599 3.0E-5
600 3.0E-5
601 3.0E-5
602 3.0E-5
603 3.0E-5
604 3.0E-5
605 3.0E-5
606 3.0E-5
607 3.0E-5
608 3.0E-5
609 3.0E-5
610 3.0E-5
611 3.0E-5
612 3.0E-5
613 3.0E-5
614 3.0E-5
615 3.0E-5
616 3.0E-5
617 3.0E-5
618 3.0E-5
619 3.0E-5
620 3.0E-5
621 3.0E-5
622 3.0E-5
623 3.0E-5
624 3.0E-5
625 3.0E-5
626 3.0E-5
627 3.0E-5
628 3.0E-5
629 3.0E-5
630 3.0E-5
631 3.0E-5
632 3.0E-5
633 3.0E-5
634 3.0E-5
635 3.0E-5
636 3.0E-5
637 3.0E-5
638 3.0E-5
639 3.0E-5
640 3.0E-5
641 3.0E-5
642 3.0E-5
643 3.0E-5
644 3.0E-5
645 3.0E-5
646 3.0E-5
647 3.0E-5
648 3.0E-5
649 3.0E-5
650 3.0E-5
651 3.0E-5
652 3.0E-5
653 3.0E-5
654 3.0E-5
655 3.0E-5
656 3.0E-5
657 3.0E-5
658 3.0E-5
659 3.0E-5
660 3.0E-5
661 3.0E-5
662 3.0E-5
663 3.0E-5
664 3.0E-5
665 3.0E-5
666 3.0E-5
667 3.0E-5
668 3.0E-5
669 3.0E-5
670 3.0E-5
671 3.0E-5
672 3.0E-5
673 3.0E-5
674 3.0E-5
675 3.0E-5
676 3.0E-5
677 3.0E-5
678 3.0E-5
679 3.0E-5
680 3.0E-5
681 3.0E-5
682 3.0E-5
683 3.0E-5
684 3.0E-5
685 3.0E-5
686 3.0E-5
687 3.0E-5
688 3.0E-5
689 3.0E-5
690 3.0E-5
691 3.0E-5
692 3.0E-5
693 3.0E-5
694 3.0E-5
695 3.0E-5
696 3.0E-5
697 3.0E-5
698 3.0E-5
699 3.0E-5
700 3.0E-5
701 3.0E-5
702 3.0E-5
703 3.0E-5
704 3.0E-5
705 3.0E-5
706 3.0E-5
707 3.0E-5
708 3.0E-5
709 3.0E-5
710 3.0E-5
711 3.0E-5
712 3.0E-5
713 3.0E-5
714 3.0E-5
715 3.0E-5
716 3.0E-5
717 3.0E-5
718 3.0E-5
719 3.0E-5
720 3.0E-5
721 3.0E-5
722 3.0E-5
723 3.0E-5
724 3.0E-5
725 3.0E-5
726 3.0E-5
727 3.0E-5
728 3.0E-5
729 3.0E-5
730 3.0E-5
731 3.0E-5
732 3.0E-5
733 3.0E-5
734 3.0E-5
735 3.0E-5
736 3.0E-5
737 3.0E-5
738 3.0E-5
739 3.0E-5
740 3.0E-5
741 3.0E-5
742 3.0E-5
743 3.0E-5
744 3.0E-5
745 3.0E-5
746 3.0E-5
747 3.0E-5
748 3.0E-5
749 3.0E-5
750 3.0E-5
751 3.0E-5
752 3.0E-5
753 3.0E-5
754 3.0E-5
755 3.0E-5
756 3.0E-5
757 3.0E-5
758 3.0E-5
759 3.0E-5
760 3.0E-5
761 3.0E-5
762 3.0E-5
763 3.0E-5
764 3.0E-5
765 3.0E-5
766 3.0E-5
767 3.0E-5
768 3.0E-5
769 3.0E-5
770 3.0E-5
771 3.0E-5
772 3.0E-5
773 3.0E-5
774 3.0E-5
775 3.0E-5
776 3.0E-5
777 3.0E-5
778 3.0E-5
779 3.0E-5
780 3.0E-5
781 3.0E-5
782 3.0E-5
783 3.0E-5
784 3.0E-5
785 3.0E-5
786 3.0E-5
787 3.0E-5
788 3.0E-5
789 3.0E-5
790 3.0E-5
791 3.0E-5
792 3.0E-5
793 3.0E-5
794 3.0E-5
795 3.0E-5
796 3.0E-5
797 3.0E-5
798 3.0E-5
799 3.0E-5
800 3.0E-5
801 3.0E-5
802 3.0E-5
803 3.0E-5
804 3.0E-5
805 3.0E-5
806 3.0E-5
807 3.0E-5
808 3.0E-5
809 3.0E-5
810 3.0E-5
811 3.0E-5
812 3.0E-5
813 3.0E-5
814 3.0E-5
815 3.0E-5
816 3.0E-5
817 3.0E-5
818 3.0E-5
819 3.0E-5
820 3.0E-5
821 3.0E-5
822 3.0E-5
823 3.0E-5
824 3.0E-5
825 3.0E-5
826 3.0E-5
827 3.0E-5
828 3.0E-5
829 3.0E-5
830 3.0E-5
831 3.0E-5
832 3.0E-5
833 3.0E-5
834 3.0E-5
835 3.0E-5
836 3.0E-5
837 3.0E-5
838 3.0E-5
839 3.0E-5
840 3.0E-5
841 3.0E-5
842 3.0E-5
843 3.0E-5
844 3.0E-5
845 3.0E-5
846 3.0E-5
847 3.0E-5
848 3.0E-5
849 3.0E-5
850 3.0E-5
851 3.0E-5
852 3.0E-5
853 3.0E-5
854 3.0E-5
855 3.0E-5
856 3.0E-5
857 3.0E-5
858 3.0E-5
859 3.0E-5
860 3.0E-5
861 3.0E-5
862 3.0E-5
863 3.0E-5
864 3.0E-5
865 3.0E-5
866 3.0E-5
867 3.0E-5
868 3.0E-5
869 3.0E-5
870 3.0E-5
871 3.0E-5
872 3.0E-5
873 3.0E-5
874 3.0E-5
875 3.0E-5
876 3.0E-5
877 3.0E-5
878 3.0E-5
879 3.0E-5
880 3.0E-5
881 3.0E-5
882 3.0E-5
883 3.0E-5
884 3.0E-5
885 3.0E-5
886 3.0E-5
887 3.0E-5
888 3.0E-5
889 3.0E-5
890 3.0E-5
891 3.0E-5
892 3.0E-5
893 3.0E-5
894 3.0E-5
895 3.0E-5
896 3.0E-5
897 3.0E-5
898 3.0E-5
899 3.0E-5
900 3.0E-5
901 3.0E-5
902 3.0E-5
903 3.0E-5
904 3.0E-5
905 3.0E-5
906 3.0E-5
907 3.0E-5
908 3.0E-5
909 3.0E-5
910 3.0E-5
911 3.0E-5
912 3.0E-5
913 3.0E-5
914 3.0E-5
915 3.0E-5
916 3.0E-5
917 3.0E-5
918 3.0E-5
919 3.0E-5
920 3.0E-5
921 3.0E-5
922 3.0E-5
923 3.0E-5
924 3.0E-5
925 3.0E-5
926 3.0E-5
927 3.0E-5
928 3.0E-5
929 3.0E-5
930 3.0E-5
931 3.0E-5
932 3.0E-5
933 3.0E-5
934 3.0E-5
935 3.0E-5
936 3.0E-5
937 3.0E-5
938 3.0E-5
939 3.0E-5
940 3.0E-5
941 3.0E-5
942 3.0E-5
943 3.0E-5
944 3.0E-5
945 3.0E-5
946 3.0E-5
947 3.0E-5
948 3.0E-5
949 3.0E-5
950 3.0E-5
951 3.0E-5
952 3.0E-5
953 3.0E-5
954 3.0E-5
955 3.0E-5
956 3.0E-5
957 3.0E-5
958 3.0E-5
959 3.0E-5
960 3.0E-5
961 3.0E-5
962 3.0E-5
963 3.0E-5
964 3.0E-5
965 3.0E-5
966 3.0E-5
967 3.0E-5
968 3.0E-5
969 3.0E-5
970 3.0E-5
971 3.0E-5
972 3.0E-5
973 3.0E-5
974 3.0E-5
975 3.0E-5
976 3.0E-5
977 3.0E-5
978 3.0E-5
979 3.0E-5
980 3.0E-5
981 3.0E-5
982 3.0E-5
983 3.0E-5
984 3.0E-5
985 3.0E-5
986 3.0E-5
987 3.0E-5
988 3.0E-5
989 3.0E-5
990 3.0E-5
991 3.0E-5
992 3.0E-5
993 3.0E-5
994 3.0E-5
995 3.0E-5
996 3.0E-5
997 3.0E-5
998 3.0E-5
999 3.0E-5
1000 3.0E-5
1001 3.0E-5
1002 3.0E-5
1003 3.0E-5
1004 3.0E-5
1005 3.0E-5
1006 3.0E-5
1007 3.0E-5
1008 3.0E-5
1009 3.0E-5
1010 3.0E-5
1011 3.0E-5
1012 3.0E-5
1013 3.0E-5
1014 3.0E-5
1015 3.0E-5
1016 3.0E-5
1017 3.0E-5
1018 3.0E-5
1019 3.0E-5
1020 3.0E-5
1021 3.0E-5
1022 3.0E-5
1023 3.0E-5
1024 3.0E-5
1025 3.0E-5
1026 3.0E-5
1027 3.0E-5
1028 3.0E-5
1029 3.0E-5
1030 3.0E-5
1031 3.0E-5
1032 3.0E-5
1033 3.0E-5
1034 3.0E-5
1035 3.0E-5
1036 3.0E-5
1037 3.0E-5
1038 3.0E-5
1039 3.0E-5
1040 3.0E-5
1041 3.0E-5
1042 3.0E-5
1043 3.0E-5
1044 3.0E-5
1045 3.0E-5
1046 3.0E-5
1047 3.0E-5
1048 3.0E-5
1049 3.0E-5
1050 3.0E-5
1051 3.0E-5
1052 3.0E-5
1053 3.0E-5
1054 3.0E-5
1055 3.0E-5
1056 3.0E-5
1057 3.0E-5
1058 3.0E-5
1059 3.0E-5
1060 3.0E-5
1061 3.0E-5
1062 3.0E-5
1063 3.0E-5
1064 3.0E-5
1065 3.0E-5
1066 3.0E-5
1067 3.0E-5
1068 3.0E-5
1069 3.0E-5
1070 3.0E-5
1071 3.0E-5
1072 3.0E-5
1073 3.0E-5
1074 3.0E-5
1075 3.0E-5
1076 3.0E-5
1077 3.0E-5
1078 3.0E-5
1079 3.0E-5
1080 3.0E-5
1081 3.0E-5
1082 3.0E-5
1083 3.0E-5
1084 3.0E-5
1085 3.0E-5
1086 3.0E-5
1087 3.0E-5
1088 3.0E-5
1089 3.0E-5
1090 3.0E-5
1091 3.0E-5
1092 3.0E-5
1093 3.0E-5
1094 3.0E-5
1095 3.0E-5
1096 3.0E-5
1097 3.0E-5
1098 3.0E-5
1099 3.0E-5
1100 3.0E-5
1101 3.0E-5
1102 3.0E-5
1103 3.0E-5
1104 3.0E-5
1105 3.0E-5
1106 3.0E-5
1107 3.0E-5
1108 3.0E-5
1109 3.0E-5
1110 3.0E-5
1111 3.0E-5
1112 3.0E-5
1113 3.0E-5
1114 3.0E-5
1115 3.0E-5
1116 3.0E-5
1117 3.0E-5
1118 3.0E-5
1119 3.0E-5
1120 3.0E-5
1121 3.0E-5
1122 3.0E-5
1123 3.0E-5
1124 3.0E-5
1125 3.0E-5
1126 3.0E-5
1127 3.0E-5
1128 3.0E-5
1129 3.0E-5
1130 3.0E-5
1131 3.0E-5
1132 3.0E-5
1133 3.0E-5
1134 3.0E-5
1135 3.0E-5
1136 3.0E-5
1137 3.0E-5
1138 3.0E-5
1139 3.0E-5
1140 3.0E-5
1141 3.0E-5
1142 3.0E-5
1143 3.0E-5
1144 3.0E-5
1145 3.0E-5
1146 3.0E-5
1147 3.0E-5
1148 3.0E-5
1149 3.0E-5
1150 3.0E-5
1151 3.0E-5
1152 3.0E-5
1153 3.0E-5
1154 3.0E-5
1155 3.0E-5
1156 3.0E-5
1157 3.0E-5
1158 3.0E-5
1159 3.0E-5
1160 3.0E-5
1161 3.0E-5
1162 3.0E-5
1163 3.0E-5
1164 3.0E-5
1165 3.0E-5
1166 3.0E-5
1167 3.0E-5
1168 3.0E-5
1169 3.0E-5
1170 3.0E-5
1171 3.0E-5
1172 3.0E-5
1173 3.0E-5
1174 3.0E-5
1175 3.0E-5
1176 3.0E-5
1177 3.0E-5
1178 3.0E-5
1179 3.0E-5
1180 3.0E-5
1181 3.0E-5
1182 3.0E-5
1183 3.0E-5
1184 3.0E-5
1185 3.0E-5
1186 3.0E-5
1187 3.0E-5
1188 3.0E-5
1189 3.0E-5
1190 3.0E-5
1191 3.0E-5
1192 3.0E-5
1193 3.0E-5
1194 3.0E-5
1195 3.0E-5
1196 3.0E-5
1197 3.0E-5
1198 3.0E-5
1199 3.0E-5
1200 3.0E-5
1201 3.0E-5
1202 3.0E-5
1203 3.0E-5
1204 3.0E-5
1205 3.0E-5
1206 3.0E-5
1207 3.0E-5
1208 3.0E-5
1209 3.0E-5
1210 3.0E-5
1211 3.0E-5
1212 3.0E-5
1213 3.0E-5
1214 3.0E-5
1215 3.0E-5
1216 3.0E-5
1217 3.0E-5
1218 3.0E-5
1219 3.0E-5
1220 3.0E-5
1221 3.0E-5
1222 3.0E-5
1223 3.0E-5
1224 3.0E-5
1225 3.0E-5
1226 3.0E-5
1227 3.0E-5
1228 3.0E-5
1229 3.0E-5
1230 3.0E-5
1231 3.0E-5
1232 3.0E-5
1233 3.0E-5
1234 3.0E-5
1235 3.0E-5
1236 3.0E-5
1237 3.0E-5
1238 3.0E-5
1239 3.0E-5
1240 3.0E-5
1241 3.0E-5
1242 3.0E-5
1243 3.0E-5
1244 3.0E-5
1245 3.0E-5
1246 3.0E-5
1247 3.0E-5
1248 3.0E-5
1249 3.0E-5
1250 3.0E-5
1251 3.0E-5
1252 3.0E-5
1253 3.0E-5
1254 3.0E-5
1255 3.0E-5
1256 3.0E-5
1257 3.0E-5
1258 3.0E-5
1259 3.0E-5
1260 3.0E-5
1261 3.0E-5
1262 3.0E-5
1263 3.0E-5
1264 3.0E-5
1265 3.0E-5
1266 3.0E-5
1267 3.0E-5
1268 3.0E-5
1269 3.0E-5
1270 3.0E-5
1271 3.0E-5
1272 3.0E-5
1273 3.0E-5
1274 3.0E-5
1275 3.0E-5
1276 3.0E-5
1277 3.0E-5
1278 3.0E-5
1279 3.0E-5
1280 3.0E-5
1281 3.0E-5
1282 3.0E-5
1283 3.0E-5
1284 3.0E-5
1285 3.0E-5
1286 3.0E-5
1287 3.0E-5
1288 3.0E-5
1289 3.0E-5
1290 3.0E-5
1291 3.0E-5
1292 3.0E-5
1293 3.0E-5
1294 3.0E-5
1295 3.0E-5
1296 3.0E-5
1297 3.0E-5
1298 3.0E-5
1299 3.0E-5
1300 3.0E-5
1301 3.0E-5
1302 3.0E-5
1303 3.0E-5
1304 3.0E-5
1305 3.0E-5
1306 3.0E-5
1307 3.0E-5
1308 3.0E-5
1309 3.0E-5
1310 3.0E-5
1311 3.0E-5
1312 3.0E-5
1313 3.0E-5
1314 3.0E-5
1315 3.0E-5
1316 3.0E-5
1317 3.0E-5
1318 3.0E-5
1319 3.0E-5
1320 3.0E-5
1321 3.0E-5
1322 3.0E-5
1323 3.0E-5
1324 3.0E-5
1325 3.0E-5
1326 3.0E-5
1327 3.0E-5
1328 3.0E-5
1329 3.0E-5
1330 3.0E-5
1331 3.0E-5
1332 3.0E-5
1333 3.0E-5
1334 3.0E-5
1335 3.0E-5
1336 3.0E-5
1337 3.0E-5
1338 3.0E-5
1339 3.0E-5
1340 3.0E-5
1341 3.0E-5
1342 3.0E-5
1343 3.0E-5
1344 3.0E-5
1345 3.0E-5
1346 3.0E-5
1347 3.0E-5
1348 3.0E-5
1349 3.0E-5
1350 3.0E-5
1351 3.0E-5
1352 3.0E-5
1353 3.0E-5
1354 3.0E-5
1355 3.0E-5
1356 3.0E-5
1357 3.0E-5
1358 3.0E-5
1359 3.0E-5
1360 3.0E-5
1361 3.0E-5
1362 3.0E-5
1363 3.0E-5
1364 3.0E-5
1365 3.0E-5
1366 3.0E-5
1367 3.0E-5
1368 3.0E-5
1369 3.0E-5
1370 3.0E-5
1371 3.0E-5
1372 3.0E-5
1373 3.0E-5
1374 3.0E-5
1375 3.0E-5
1376 3.0E-5
1377 3.0E-5
1378 3.0E-5
1379 3.0E-5
1380 3.0E-5
1381 3.0E-5
1382 3.0E-5
1383 3.0E-5
1384 3.0E-5
1385 3.0E-5
1386 3.0E-5
1387 3.0E-5
1388 3.0E-5
1389 3.0E-5
1390 3.0E-5
1391 3.0E-5
1392 3.0E-5
1393 3.0E-5
1394 3.0E-5
1395 3.0E-5
1396 3.0E-5
1397 3.0E-5
1398 3.0E-5
1399 3.0E-5
1400 3.0E-5
1401 3.0E-5
1402 3.0E-5
1403 3.0E-5
1404 3.0E-5
1405 3.0E-5
1406 3.0E-5
1407 3.0E-5
1408 3.0E-5
1409 3.0E-5
1410 3.0E-5
1411 3.0E-5
1412 3.0E-5
1413 3.0E-5
1414 3.0E-5
1415 3.0E-5
1416 3.0E-5
1417 3.0E-5
1418 3.0E-5
1419 3.0E-5
1420 3.0E-5
1421 3.0E-5
1422 3.0E-5
1423 3.0E-5
1424 3.0E-5
1425 3.0E-5
1426 3.0E-5
1427 3.0E-5
1428 3.0E-5
1429 3.0E-5
1430 3.0E-5
1431 3.0E-5
1432 3.0E-5
1433 3.0E-5
1434 3.0E-5
1435 3.0E-5
1436 3.0E-5
1437 3.0E-5
1438 3.0E-5
1439 3.0E-5
1440 3.0E-5
1441 3.0E-5
1442 3.0E-5
1443 3.0E-5
1444 3.0E-5
1445 3.0E-5
1446 3.0E-5
1447 3.0E-5
1448 3.0E-5
1449 3.0E-5
1450 3.0E-5
1451 3.0E-5
1452 3.0E-5
1453 3.0E-5
1454 3.0E-5
1455 3.0E-5
1456 3.0E-5
1457 3.0E-5
1458 3.0E-5
1459 3.0E-5
1460 3.0E-5
1461 3.0E-5
1462 3.0E-5
1463 3.0E-5
1464 3.0E-5
1465 3.0E-5
1466 3.0E-5
1467 3.0E-5
1468 3.0E-5
1469 3.0E-5
1470 3.0E-5
1471 3.0E-5
1472 3.0E-5
1473 3.0E-5
1474 3.0E-5
1475 3.0E-5
1476 3.0E-5
1477 3.0E-5
1478 3.0E-5
1479 3.0E-5
1480 3.0E-5
1481 3.0E-5
1482 3.0E-5
1483 3.0E-5
1484 3.0E-5
1485 3.0E-5
1486 3.0E-5
1487 3.0E-5
1488 3.0E-5
1489 3.0E-5
1490 3.0E-5
1491 3.0E-5
1492 3.0E-5
1493 3.0E-5
1494 3.0E-5
1495 3.0E-5
1496 3.0E-5
1497 3.0E-5
1498 3.0E-5
1499 3.0E-5
1500 3.0E-5
1501 3.0E-5
1502 3.0E-5
1503 3.0E-5
1504 3.0E-5
1505 3.0E-5
1506 3.0E-5
1507 3.0E-5
1508 3.0E-5
1509 3.0E-5
1510 3.0E-5
1511 3.0E-5
1512 3.0E-5
1513 3.0E-5
1514 3.0E-5
1515 3.0E-5
1516 3.0E-5
1517 3.0E-5
1518 3.0E-5
1519 3.0E-5
1520 3.0E-5
1521 3.0E-5
1522 3.0E-5
1523 3.0E-5
1524 3.0E-5
1525 3.0E-5
1526 3.0E-5
1527 3.0E-5
1528 3.0E-5
1529 3.0E-5
1530 3.0E-5
1531 3.0E-5
1532 3.0E-5
1533 3.0E-5
1534 3.0E-5
1535 3.0E-5
1536 3.0E-5
1537 3.0E-5
1538 3.0E-5
1539 3.0E-5
1540 3.0E-5
1541 3.0E-5
1542 3.0E-5
1543 3.0E-5
1544 3.0E-5
1545 3.0E-5
1546 3.0E-5
1547 3.0E-5
1548 3.0E-5
1549 3.0E-5
1550 3.0E-5
1551 3.0E-5
1552 3.0E-5
1553 3.0E-5
1554 3.0E-5
1555 3.0E-5
1556 3.0E-5
1557 3.0E-5
1558 3.0E-5
1559 3.0E-5
1560 3.0E-5
1561 3.0E-5
1562 3.0E-5
1563 3.0E-5
1564 3.0E-5
1565 3.0E-5
1566 3.0E-5
1567 3.0E-5
1568 3.0E-5
1569 3.0E-5
1570 3.0E-5
1571 3.0E-5
1572 3.0E-5
1573 3.0E-5
1574 3.0E-5
1575 3.0E-5
1576 3.0E-5
1577 3.0E-5
1578 3.0E-5
1579 3.0E-5
1580 3.0E-5
1581 3.0E-5
1582 3.0E-5
1583 3.0E-5
1584 3.0E-5
1585 3.0E-5
1586 3.0E-5
1587 3.0E-5
1588 3.0E-5
1589 3.0E-5
1590 3.0E-5
1591 3.0E-5
1592 3.0E-5
1593 3.0E-5
1594 3.0E-5
1595 3.0E-5
1596 3.0E-5
1597 3.0E-5
1598 3.0E-5
1599 3.0E-5
1600 3.0E-5
1601 3.0E-5
1602 3.0E-5
1603 3.0E-5
1604 3.0E-5
1605 3.0E-5
1606 3.0E-5
1607 3.0E-5
1608 3.0E-5
1609 3.0E-5
1610 3.0E-5
1611 3.0E-5
1612 3.0E-5
1613 3.0E-5
1614 3.0E-5
1615 3.0E-5
1616 3.0E-5
1617 3.0E-5
1618 3.0E-5
1619 3.0E-5
1620 3.0E-5
1621 3.0E-5
1622 3.0E-5
1623 3.0E-5
1624 3.0E-5
1625 3.0E-5
1626 3.0E-5
1627 3.0E-5
1628 3.0E-5
1629 3.0E-5
1630 3.0E-5
1631 3.0E-5
1632 3.0E-5
1633 3.0E-5
1634 3.0E-5
1635 3.0E-5
1636 3.0E-5
1637 3.0E-5
1638 3.0E-5
1639 3.0E-5
1640 3.0E-5
1641 3.0E-5
1642 3.0E-5
1643 3.0E-5
1644 3.0E-5
1645 3.0E-5
1646 3.0E-5
1647 3.0E-5
1648 3.0E-5
1649 3.0E-5
1650 3.0E-5
1651 3.0E-5
1652 3.0E-5
1653 3.0E-5
1654 3.0E-5
1655 3.0E-5
1656 3.0E-5
1657 3.0E-5
1658 3.0E-5
1659 3.0E-5
1660 3.0E-5
1661 3.0E-5
1662 3.0E-5
1663 3.0E-5
1664 3.0E-5
1665 3.0E-5
1666 3.0E-5
1667 3.0E-5
1668 3.0E-5
1669 3.0E-5
1670 3.0E-5
1671 3.0E-5
1672 3.0E-5
1673 3.0E-5
1674 3.0E-5
1675 3.0E-5
1676 3.0E-5
1677 3.0E-5
1678 3.0E-5
1679 3.0E-5
1680 3.0E-5
1681 3.0E-5
1682 3.0E-5
1683 3.0E-5
1684 3.0E-5
1685 3.0E-5
1686 3.0E-5
1687 3.0E-5
1688 3.0E-5
1689 3.0E-5
1690 3.0E-5
1691 3.0E-5
1692 3.0E-5
1693 3.0E-5
1694 3.0E-5
1695 3.0E-5
1696 3.0E-5
1697 3.0E-5
1698 3.0E-5
1699 3.0E-5
1700 3.0E-5
1701 3.0E-5
1702 3.0E-5
1703 3.0E-5
1704 3.0E-5
1705 3.0E-5
1706 3.0E-5
1707 3.0E-5
1708 3.0E-5
1709 3.0E-5
1710 3.0E-5
1711 3.0E-5
1712 3.0E-5
1713 3.0E-5
1714 3.0E-5
1715 3.0E-5
1716 3.0E-5
1717 3.0E-5
1718 3.0E-5
1719 3.0E-5
1720 3.0E-5
1721 3.0E-5
1722 3.0E-5
1723 3.0E-5
1724 3.0E-5
1725 3.0E-5
1726 3.0E-5
1727 3.0E-5
1728 3.0E-5
1729 3.0E-5
1730 3.0E-5
1731 3.0E-5
1732 3.0E-5
1733 3.0E-5
1734 3.0E-5
1735 3.0E-5
1736 3.0E-5
1737 3.0E-5
1738 3.0E-5
1739 3.0E-5
1740 3.0E-5
1741 3.0E-5
1742 3.0E-5
1743 3.0E-5
1744 3.0E-5
1745 3.0E-5
1746 3.0E-5
1747 3.0E-5
1748 3.0E-5
1749 3.0E-5
1750 3.0E-5
1751 3.0E-5
1752 3.0E-5
1753 3.0E-5
1754 3.0E-5
1755 3.0E-5
1756 3.0E-5
1757 3.0E-5
1758 3.0E-5
1759 3.0E-5
1760 3.0E-5
1761 3.0E-5
1762 3.0E-5
1763 3.0E-5
1764 3.0E-5
1765 3.0E-5
1766 3.0E-5
1767 3.0E-5
1768 3.0E-5
1769 3.0E-5
1770 3.0E-5
1771 3.0E-5
1772 3.0E-5
1773 3.0E-5
1774 3.0E-5
1775 3.0E-5
1776 3.0E-5
1777 3.0E-5
1778 3.0E-5
1779 3.0E-5
1780 3.0E-5
1781 3.0E-5
1782 3.0E-5
1783 3.0E-5
1784 3.0E-5
1785 3.0E-5
1786 3.0E-5
1787 3.0E-5
1788 3.0E-5
1789 3.0E-5
1790 3.0E-5
1791 3.0E-5
1792 3.0E-5
1793 3.0E-5
1794 3.0E-5
1795 3.0E-5
1796 3.0E-5
1797 3.0E-5
1798 3.0E-5
1799 3.0E-5
1800 3.0E-5
1801 3.0E-5
1802 3.0E-5
1803 3.0E-5
1804 3.0E-5
1805 3.0E-5
1806 3.0E-5
1807 3.0E-5
1808 3.0E-5
1809 3.0E-5
1810 3.0E-5
1811 3.0E-5
1812 3.0E-5
1813 3.0E-5
1814 3.0E-5
1815 3.0E-5
1816 3.0E-5
1817 3.0E-5
1818 3.0E-5
1819 3.0E-5
1820 3.0E-5
1821 3.0E-5
1822 3.0E-5
1823 3.0E-5
1824 3.0E-5
1825 3.0E-5
1826 3.0E-5
1827 3.0E-5
1828 3.0E-5
1829 3.0E-5
1830 3.0E-5
1831 3.0E-5
1832 3.0E-5
1833 3.0E-5
1834 3.0E-5
1835 3.0E-5
1836 3.0E-5
1837 3.0E-5
1838 3.0E-5
1839 3.0E-5
1840 3.0E-5
1841 3.0E-5
1842 3.0E-5
1843 3.0E-5
1844 3.0E-5
1845 3.0E-5
1846 3.0E-5
1847 3.0E-5
1848 3.0E-5
1849 3.0E-5
1850 3.0E-5
1851 3.0E-5
1852 3.0E-5
1853 3.0E-5
1854 3.0E-5
1855 3.0E-5
1856 3.0E-5
1857 3.0E-5
1858 3.0E-5
1859 3.0E-5
1860 3.0E-5
1861 3.0E-5
1862 3.0E-5
1863 3.0E-5
1864 3.0E-5
1865 3.0E-5
1866 3.0E-5
1867 3.0E-5
1868 3.0E-5
1869 3.0E-5
1870 3.0E-5
1871 3.0E-5
1872 3.0E-5
1873 3.0E-5
1874 3.0E-5
1875 3.0E-5
1876 3.0E-5
1877 3.0E-5
1878 3.0E-5
1879 3.0E-5
1880 3.0E-5
1881 3.0E-5
1882 3.0E-5
1883 3.0E-5
1884 3.0E-5
1885 3.0E-5
1886 3.0E-5
1887 3.0E-5
1888 3.0E-5
1889 3.0E-5
1890 3.0E-5
1891 3.0E-5
1892 3.0E-5
1893 3.0E-5
1894 3.0E-5
1895 3.0E-5
1896 3.0E-5
1897 3.0E-5
1898 3.0E-5
1899 3.0E-5
1900 3.0E-5
1901 3.0E-5
1902 3.0E-5
1903 3.0E-5
1904 3.0E-5
1905 3.0E-5
1906 3.0E-5
1907 3.0E-5
1908 3.0E-5
1909 3.0E-5
1910 3.0E-5
1911 3.0E-5
1912 3.0E-5
1913 3.0E-5
1914 3.0E-5
1915 3.0E-5
1916 3.0E-5
1917 3.0E-5
1918 3.0E-5
1919 3.0E-5
1920 3.0E-5
1921 3.0E-5
1922 3.0E-5
1923 3.0E-5
1924 3.0E-5
1925 3.0E-5
1926 3.0E-5
1927 3.0E-5
1928 3.0E-5
1929 3.0E-5
1930 3.0E-5
1931 3.0E-5
1932 3.0E-5
1933 3.0E-5
1934 3.0E-5
1935 3.0E-5
1936 3.0E-5
1937 3.0E-5
1938 3.0E-5
1939 3.0E-5
1940 3.0E-5
1941 3.0E-5
1942 3.0E-5
1943 3.0E-5
1944 3.0E-5
1945 3.0E-5
1946 3.0E-5
1947 3.0E-5
1948 3.0E-5
1949 3.0E-5
1950 3.0E-5
1951 3.0E-5
1952 3.0E-5
1953 3.0E-5
1954 3.0E-5
1955 3.0E-5
1956 3.0E-5
1957 3.0E-5
1958 3.0E-5
1959 3.0E-5
1960 3.0E-5
1961 3.0E-5
1962 3.0E-5
1963 3.0E-5
1964 3.0E-5
1965 3.0E-5
1966 3.0E-5
1967 3.0E-5
1968 3.0E-5
1969 3.0E-5
1970 3.0E-5
1971 3.0E-5
1972 3.0E-5
1973 3.0E-5
1974 3.0E-5
1975 3.0E-5
1976 3.0E-5
1977 3.0E-5
1978 3.0E-5
1979 3.0E-5
1980 3.0E-5
1981 3.0E-5
1982 3.0E-5
1983 3.0E-5
1984 3.0E-5
1985 3.0E-5
1986 3.0E-5
1987 3.0E-5
1988 3.0E-5
1989 3.0E-5
1990 3.0E-5
1991 3.0E-5
1992 3.0E-5
1993 3.0E-5
1994 3.0E-5
1995 3.0E-5
1996 3.0E-5
1997 3.0E-5
1998 3.0E-5
1999 3.0E-5
2000 3.0E-5
2001 3.0E-5
2002 3.0E-5
2003 3.0E-5
2004 3.0E-5
2005 3.0E-5
2006 3.0E-5
2007 3.0E-5
2008 3.0E-5
2009 3.0E-5
2010 3.0E-5
2011 3.0E-5
2012 3.0E-5
2013 3.0E-5
2014 3.0E-5
2015 3.0E-5
2016 3.0E-5
2017 3.0E-5
2018 3.0E-5
2019 3.0E-5
2020 3.0E-5
2021 3.0E-5
2022 3.0E-5
2023 3.0E-5
2024 3.0E-5
2025 3.0E-5
2026 3.0E-5
2027 3.0E-5
2028 3.0E-5
2029 3.0E-5
2030 3.0E-5
2031 3.0E-5
2032 3.0E-5
2033 3.0E-5
2034 3.0E-5
2035 3.0E-5
2036 3.0E-5
2037 3.0E-5
2038 3.0E-5
2039 3.0E-5
2040 3.0E-5
2041 3.0E-5
2042 3.0E-5
2043 3.0E-5
2044 3.0E-5
2045 3.0E-5
2046 3.0E-5
2047 3.0E-5
2048 3.0E-5
2049 3.0E-5
2050 3.0E-5
2051 3.0E-5
2052 3.0E-5
2053 3.0E-5
2054 3.0E-5
2055 3.0E-5
2056 3.0E-5
2057 3.0E-5
2058 3.0E-5
2059 3.0E-5
2060 3.0E-5
2061 3.0E-5
2062 3.0E-5
2063 3.0E-5
2064 3.0E-5
2065 3.0E-5
2066 3.0E-5
2067 3.0E-5
2068 3.0E-5
2069 3.0E-5
2070 3.0E-5
2071 3.0E-5
2072 3.0E-5
2073 3.0E-5
2074 3.0E-5
2075 3.0E-5
2076 3.0E-5
2077 3.0E-5
2078 3.0E-5
2079 3.0E-5
2080 3.0E-5
2081 3.0E-5
2082 3.0E-5
2083 3.0E-5
2084 3.0E-5
2085 3.0E-5
2086 3.0E-5
2087 3.0E-5
2088 3.0E-5
2089 3.0E-5
2090 3.0E-5
2091 3.0E-5
2092 3.0E-5
2093 3.0E-5
2094 3.0E-5
2095 3.0E-5
2096 3.0E-5
2097 3.0E-5
2098 3.0E-5
2099 3.0E-5
2100 3.0E-5
2101 3.0E-5
2102 3.0E-5
2103 3.0E-5
2104 3.0E-5
2105 3.0E-5
2106 3.0E-5
2107 3.0E-5
2108 3.0E-5
2109 3.0E-5
2110 3.0E-5
2111 3.0E-5
2112 3.0E-5
2113 3.0E-5
2114 3.0E-5
2115 3.0E-5
2116 3.0E-5
2117 3.0E-5
2118 3.0E-5
2119 3.0E-5
2120 3.0E-5
2121 3.0E-5
2122 3.0E-5
2123 3.0E-5
2124 3.0E-5
2125 3.0E-5
2126 3.0E-5
2127 3.0E-5
2128 3.0E-5
2129 3.0E-5
2130 3.0E-5
2131 3.0E-5
2132 3.0E-5
2133 3.0E-5
2134 3.0E-5
2135 3.0E-5
2136 3.0E-5
2137 3.0E-5
2138 3.0E-5
2139 3.0E-5
2140 3.0E-5
2141 3.0E-5
2142 3.0E-5
2143 3.0E-5
2144 3.0E-5
2145 3.0E-5
2146 3.0E-5
2147 3.0E-5
2148 3.0E-5
2149 3.0E-5
2150 3.0E-5
2151 3.0E-5
2152 3.0E-5
2153 3.0E-5
2154 3.0E-5
2155 3.0E-5
2156 3.0E-5
2157 3.0E-5
2158 3.0E-5
2159 3.0E-5
2160 3.0E-5
2161 3.0E-5
2162 3.0E-5
2163 3.0E-5
2164 3.0E-5
2165 3.0E-5
2166 3.0E-5
2167 3.0E-5
2168 3.0E-5
2169 3.0E-5
2170 3.0E-5
2171 3.0E-5
2172 3.0E-5
2173 3.0E-5
2174 3.0E-5
2175 3.0E-5
2176 3.0E-5
2177 3.0E-5
2178 3.0E-5
2179 3.0E-5
2180 3.0E-5
2181 3.0E-5
2182 3.0E-5
2183 3.0E-5
2184 3.0E-5
2185 3.0E-5
2186 3.0E-5
2187 3.0E-5
2188 3.0E-5
2189 3.0E-5
2190 3.0E-5
2191 3.0E-5
2192 3.0E-5
2193 3.0E-5
2194 3.0E-5
2195 3.0E-5
2196 3.0E-5
2197 3.0E-5
2198 3.0E-5
2199 3.0E-5
2200 3.0E-5
2201 3.0E-5
2202 3.0E-5
2203 3.0E-5
2204 3.0E-5
2205 3.0E-5
2206 3.0E-5
2207 3.0E-5
2208 3.0E-5
2209 3.0E-5
2210 3.0E-5
2211 3.0E-5
2212 3.0E-5
2213 3.0E-5
2214 3.0E-5
2215 3.0E-5
2216 3.0E-5
2217 3.0E-5
2218 3.0E-5
2219 3.0E-5
2220 3.0E-5
2221 3.0E-5
2222 3.0E-5
2223 3.0E-5
2224 3.0E-5
2225 3.0E-5
2226 3.0E-5
2227 3.0E-5
2228 3.0E-5
2229 3.0E-5
2230 3.0E-5
2231 3.0E-5
2232 3.0E-5
2233 3.0E-5
2234 3.0E-5
2235 3.0E-5
2236 3.0E-5
2237 3.0E-5
2238 3.0E-5
2239 3.0E-5
2240 3.0E-5
2241 3.0E-5
2242 3.0E-5
2243 3.0E-5
2244 3.0E-5
2245 3.0E-5
2246 3.0E-5
2247 3.0E-5
2248 3.0E-5
2249 3.0E-5
2250 3.0E-5
2251 3.0E-5
2252 3.0E-5
2253 3.0E-5
2254 3.0E-5
2255 3.0E-5
2256 3.0E-5
2257 3.0E-5
2258 3.0E-5
2259 3.0E-5
2260 3.0E-5
2261 3.0E-5
2262 3.0E-5
2263 3.0E-5
2264 3.0E-5
2265 3.0E-5
2266 3.0E-5
2267 3.0E-5
2268 3.0E-5
2269 3.0E-5
2270 3.0E-5
2271 3.0E-5
2272 3.0E-5
2273 3.0E-5
2274 3.0E-5
2275 3.0E-5
2276 3.0E-5
2277 3.0E-5
2278 3.0E-5
2279 3.0E-5
2280 3.0E-5
2281 3.0E-5
2282 3.0E-5
2283 3.0E-5
2284 3.0E-5
2285 3.0E-5
2286 3.0E-5
2287 3.0E-5
2288 3.0E-5
2289 3.0E-5
2290 3.0E-5
2291 3.0E-5
2292 3.0E-5
2293 3.0E-5
2294 3.0E-5
2295 3.0E-5
2296 3.0E-5
2297 3.0E-5
2298 3.0E-5
2299 3.0E-5
2300 3.0E-5
2301 3.0E-5
2302 3.0E-5
2303 3.0E-5
2304 3.0E-5
2305 3.0E-5
2306 3.0E-5
2307 3.0E-5
2308 3.0E-5
2309 3.0E-5
2310 3.0E-5
2311 3.0E-5
2312 3.0E-5
2313 3.0E-5
2314 3.0E-5
2315 3.0E-5
2316 3.0E-5
2317 3.0E-5
2318 3.0E-5
2319 3.0E-5
2320 3.0E-5
2321 3.0E-5
2322 3.0E-5
2323 3.0E-5
2324 3.0E-5
2325 3.0E-5
2326 3.0E-5
2327 3.0E-5
2328 3.0E-5
2329 3.0E-5
2330 3.0E-5
2331 3.0E-5
2332 3.0E-5
2333 3.0E-5
2334 3.0E-5
2335 3.0E-5
2336 3.0E-5
2337 3.0E-5
2338 3.0E-5
2339 3.0E-5
2340 3.0E-5
2341 3.0E-5
2342 3.0E-5
2343 3.0E-5
2344 3.0E-5
2345 3.0E-5
2346 3.0E-5
2347 3.0E-5
2348 3.0E-5
2349 3.0E-5
2350 3.0E-5
2351 3.0E-5
2352 3.0E-5
2353 3.0E-5
2354 3.0E-5
2355 3.0E-5
2356 3.0E-5
2357 3.0E-5
2358 3.0E-5
2359 3.0E-5
2360 3.0E-5
2361 3.0E-5
2362 3.0E-5
2363 3.0E-5
2364 3.0E-5
2365 3.0E-5
2366 3.0E-5
2367 3.0E-5
2368 3.0E-5
2369 3.0E-5
2370 3.0E-5
2371 3.0E-5
2372 3.0E-5
2373 3.0E-5
2374 3.0E-5
2375 3.0E-5
2376 3.0E-5
2377 3.0E-5
2378 3.0E-5
2379 3.0E-5
2380 3.0E-5
2381 3.0E-5
2382 3.0E-5
2383 3.0E-5
2384 3.0E-5
2385 3.0E-5
2386 3.0E-5
2387 3.0E-5
2388 3.0E-5
2389 3.0E-5
2390 3.0E-5
2391 3.0E-5
2392 3.0E-5
2393 3.0E-5
2394 3.0E-5
2395 3.0E-5
2396 3.0E-5
2397 3.0E-5
2398 3.0E-5
2399 3.0E-5
2400 3.0E-5
2401 3.0E-5
2402 3.0E-5
2403 3.0E-5
2404 3.0E-5
2405 3.0E-5
2406 3.0E-5
2407 3.0E-5
2408 3.0E-5
2409 3.0E-5
2410 3.0E-5
2411 3.0E-5
2412 3.0E-5
2413 3.0E-5
2414 3.0E-5
2415 3.0E-5
2416 3.0E-5
2417 3.0E-5
2418 3.0E-5
2419 3.0E-5
2420 3.0E-5
2421 3.0E-5
2422 3.0E-5
2423 3.0E-5
2424 3.0E-5
2425 3.0E-5
2426 3.0E-5
2427 3.0E-5
2428 3.0E-5
2429 3.0E-5
2430 3.0E-5
2431 3.0E-5
2432 3.0E-5
2433 3.0E-5
2434 3.0E-5
2435 3.0E-5
2436 3.0E-5
2437 3.0E-5
2438 3.0E-5
2439 3.0E-5
2440 3.0E-5
2441 3.0E-5
2442 3.0E-5
2443 3.0E-5
2444 3.0E-5
2445 3.0E-5
2446 3.0E-5
2447 3.0E-5
2448 3.0E-5
2449 3.0E-5
2450 3.0E-5
2451 3.0E-5
2452 3.0E-5
2453 3.0E-5
2454 3.0E-5
2455 3.0E-5
2456 3.0E-5
2457 3.0E-5
2458 3.0E-5
2459 3.0E-5
2460 3.0E-5
2461 3.0E-5
2462 3.0E-5
2463 3.0E-5
2464 3.0E-5
2465 3.0E-5
2466 3.0E-5
2467 3.0E-5
2468 3.0E-5
2469 3.0E-5
2470 3.0E-5
2471 3.0E-5
2472 3.0E-5
2473 3.0E-5
2474 3.0E-5
2475 3.0E-5
2476 3.0E-5
2477 3.0E-5
2478 3.0E-5
2479 3.0E-5
2480 3.0E-5
2481 3.0E-5
2482 3.0E-5
2483 3.0E-5
2484 3.0E-5
2485 3.0E-5
2486 3.0E-5
2487 3.0E-5
2488 3.0E-5
2489 3.0E-5
2490 3.0E-5
2491 3.0E-5
2492 3.0E-5
2493 3.0E-5
2494 3.0E-5
2495 3.0E-5
2496 3.0E-5
2497 3.0E-5
2498 3.0E-5
2499 3.0E-5
2500 3.0E-5
2501 3.0E-5
2502 3.0E-5
2503 3.0E-5
2504 3.0E-5
2505 3.0E-5
2506 3.0E-5
2507 3.0E-5
2508 3.0E-5
2509 3.0E-5
2510 3.0E-5
2511 3.0E-5
2512 3.0E-5
2513 3.0E-5
2514 3.0E-5
2515 3.0E-5
2516 3.0E-5
2517 3.0E-5
2518 3.0E-5
2519 3.0E-5
2520 3.0E-5
2521 3.0E-5
2522 3.0E-5
2523 3.0E-5
2524 3.0E-5
2525 3.0E-5
2526 3.0E-5
2527 3.0E-5
2528 3.0E-5
2529 3.0E-5
2530 3.0E-5
2531 3.0E-5
2532 3.0E-5
2533 3.0E-5
2534 3.0E-5
2535 3.0E-5
2536 3.0E-5
2537 3.0E-5
2538 3.0E-5
2539 3.0E-5
2540 3.0E-5
2541 3.0E-5
2542 3.0E-5
2543 3.0E-5
2544 3.0E-5
2545 3.0E-5
2546 3.0E-5
2547 3.0E-5
2548 3.0E-5
2549 3.0E-5
2550 3.0E-5
2551 3.0E-5
2552 3.0E-5
2553 3.0E-5
2554 3.0E-5
2555 3.0E-5
2556 3.0E-5
2557 3.0E-5
2558 3.0E-5
2559 3.0E-5
2560 3.0E-5
2561 3.0E-5
2562 3.0E-5
2563 3.0E-5
2564 3.0E-5
2565 3.0E-5
2566 3.0E-5
2567 3.0E-5
2568 3.0E-5
2569 3.0E-5
2570 3.0E-5
2571 3.0E-5
2572 3.0E-5
2573 3.0E-5
2574 3.0E-5
2575 3.0E-5
2576 3.0E-5
2577 3.0E-5
2578 3.0E-5
2579 3.0E-5
2580 3.0E-5
2581 3.0E-5
2582 3.0E-5
2583 3.0E-5
2584 3.0E-5
2585 3.0E-5
2586 3.0E-5
2587 3.0E-5
2588 3.0E-5
2589 3.0E-5
2590 3.0E-5
2591 3.0E-5
2592 3.0E-5
2593 3.0E-5
2594 3.0E-5
2595 3.0E-5
2596 3.0E-5
2597 3.0E-5
2598 3.0E-5
2599 3.0E-5
2600 3.0E-5
2601 3.0E-5
2602 3.0E-5
2603 3.0E-5
2604 3.0E-5
2605 3.0E-5
2606 3.0E-5
2607 3.0E-5
2608 3.0E-5
2609 3.0E-5
2610 3.0E-5
2611 3.0E-5
2612 3.0E-5
2613 3.0E-5
2614 3.0E-5
2615 3.0E-5
2616 3.0E-5
2617 3.0E-5
2618 3.0E-5
2619 3.0E-5
2620 3.0E-5
2621 3.0E-5
2622 3.0E-5
2623 3.0E-5
2624 3.0E-5
2625 3.0E-5
2626 3.0E-5
2627 3.0E-5
2628 3.0E-5
2629 3.0E-5
2630 3.0E-5
2631 3.0E-5
2632 3.0E-5
2633 3.0E-5
2634 3.0E-5
2635 3.0E-5
2636 3.0E-5
2637 3.0E-5
2638 3.0E-5
2639 3.0E-5
2640 3.0E-5
2641 3.0E-5
2642 3.0E-5
2643 3.0E-5
2644 3.0E-5
2645 3.0E-5
2646 3.0E-5
2647 3.0E-5
2648 3.0E-5
2649 3.0E-5
2650 3.0E-5
2651 3.0E-5
2652 3.0E-5
2653 3.0E-5
2654 3.0E-5
2655 3.0E-5
2656 3.0E-5
2657 3.0E-5
2658 3.0E-5
2659 3.0E-5
2660 3.0E-5
2661 3.0E-5
2662 3.0E-5
2663 3.0E-5
2664 3.0E-5
2665 3.0E-5
2666 3.0E-5
2667 3.0E-5
2668 3.0E-5
2669 3.0E-5
2670 3.0E-5
2671 3.0E-5
2672 3.0E-5
2673 3.0E-5
2674 3.0E-5
2675 3.0E-5
2676 3.0E-5
2677 3.0E-5
2678 3.0E-5
2679 3.0E-5
2680 3.0E-5
2681 3.0E-5
2682 3.0E-5
2683 3.0E-5
2684 3.0E-5
2685 3.0E-5
2686 3.0E-5
2687 3.0E-5
2688 3.0E-5
2689 3.0E-5
2690 3.0E-5
2691 3.0E-5
2692 3.0E-5
2693 3.0E-5
2694 3.0E-5
2695 3.0E-5
2696 3.0E-5
2697 3.0E-5
2698 3.0E-5
2699 3.0E-5
2700 3.0E-5
2701 3.0E-5
2702 3.0E-5
2703 3.0E-5
2704 3.0E-5
2705 3.0E-5
2706 3.0E-5
2707 3.0E-5
2708 3.0E-5
2709 3.0E-5
2710 3.0E-5
2711 3.0E-5
2712 3.0E-5
2713 3.0E-5
2714 3.0E-5
2715 3.0E-5
2716 3.0E-5
2717 3.0E-5
2718 3.0E-5
2719 3.0E-5
2720 3.0E-5
2721 3.0E-5
2722 3.0E-5
2723 3.0E-5
2724 3.0E-5
2725 3.0E-5
2726 3.0E-5
2727 3.0E-5
2728 3.0E-5
2729 3.0E-5
2730 3.0E-5
2731 3.0E-5
2732 3.0E-5
2733 3.0E-5
2734 3.0E-5
2735 3.0E-5
2736 3.0E-5
2737 3.0E-5
2738 3.0E-5
2739 3.0E-5
2740 3.0E-5
2741 3.0E-5
2742 3.0E-5
2743 3.0E-5
2744 3.0E-5
2745 3.0E-5
2746 3.0E-5
2747 3.0E-5
2748 3.0E-5
2749 3.0E-5
2750 3.0E-5
2751 3.0E-5
2752 3.0E-5
2753 3.0E-5
2754 3.0E-5
2755 3.0E-5
2756 3.0E-5
2757 3.0E-5
2758 3.0E-5
2759 3.0E-5
2760 3.0E-5
2761 3.0E-5
2762 3.0E-5
2763 3.0E-5
2764 3.0E-5
2765 3.0E-5
2766 3.0E-5
2767 3.0E-5
2768 3.0E-5
2769 3.0E-5
2770 3.0E-5
2771 3.0E-5
2772 3.0E-5
2773 3.0E-5
2774 3.0E-5
2775 3.0E-5
2776 3.0E-5
2777 3.0E-5
2778 3.0E-5
2779 3.0E-5
2780 3.0E-5
2781 3.0E-5
2782 3.0E-5
2783 3.0E-5
2784 3.0E-5
2785 3.0E-5
2786 3.0E-5
2787 3.0E-5
2788 3.0E-5
2789 3.0E-5
2790 3.0E-5
2791 3.0E-5
2792 3.0E-5
2793 3.0E-5
2794 3.0E-5
2795 3.0E-5
2796 3.0E-5
2797 3.0E-5
2798 3.0E-5
2799 3.0E-5
2800 3.0E-5
2801 3.0E-5
2802 3.0E-5
2803 3.0E-5
2804 3.0E-5
2805 3.0E-5
2806 3.0E-5
2807 3.0E-5
2808 3.0E-5
2809 3.0E-5
2810 3.0E-5
2811 3.0E-5
2812 3.0E-5
2813 3.0E-5
2814 3.0E-5
2815 3.0E-5
2816 3.0E-5
2817 3.0E-5
2818 3.0E-5
2819 3.0E-5
2820 3.0E-5
2821 3.0E-5
2822 3.0E-5
2823 3.0E-5
2824 3.0E-5
2825 3.0E-5
2826 3.0E-5
2827 3.0E-5
2828 3.0E-5
2829 3.0E-5
2830 3.0E-5
2831 3.0E-5
2832 3.0E-5
2833 3.0E-5
2834 3.0E-5
2835 3.0E-5
2836 3.0E-5
2837 3.0E-5
2838 3.0E-5
2839 3.0E-5
2840 3.0E-5
2841 3.0E-5
2842 3.0E-5
2843 3.0E-5
2844 3.0E-5
2845 3.0E-5
2846 3.0E-5
2847 3.0E-5
2848 3.0E-5
2849 3.0E-5
2850 3.0E-5
2851 3.0E-5
2852 3.0E-5
2853 3.0E-5
2854 3.0E-5
2855 3.0E-5
2856 3.0E-5
2857 3.0E-5
2858 3.0E-5
2859 3.0E-5
2860 3.0E-5
2861 3.0E-5
2862 3.0E-5
2863 3.0E-5
2864 3.0E-5
2865 3.0E-5
2866 3.0E-5
2867 3.0E-5
2868 3.0E-5
2869 3.0E-5
2870 3.0E-5
2871 3.0E-5
2872 3.0E-5
2873 3.0E-5
2874 3.0E-5
2875 3.0E-5
2876 3.0E-5
2877 3.0E-5
2878 3.0E-5
2879 3.0E-5
2880 3.0E-5
2881 3.0E-5
2882 3.0E-5
2883 3.0E-5
2884 3.0E-5
2885 3.0E-5
2886 3.0E-5
2887 3.0E-5
2888 3.0E-5
2889 3.0E-5
2890 3.0E-5
2891 3.0E-5
2892 3.0E-5
2893 3.0E-5
2894 3.0E-5
2895 3.0E-5
2896 3.0E-5
2897 3.0E-5
2898 3.0E-5
2899 3.0E-5
2900 3.0E-5
2901 3.0E-5
2902 3.0E-5
2903 3.0E-5
2904 3.0E-5
2905 3.0E-5
2906 3.0E-5
2907 3.0E-5
2908 3.0E-5
2909 3.0E-5
2910 3.0E-5
2911 3.0E-5
2912 3.0E-5
2913 3.0E-5
2914 3.0E-5
2915 3.0E-5
2916 3.0E-5
2917 3.0E-5
2918 3.0E-5
2919 3.0E-5
2920 3.0E-5
2921 3.0E-5
2922 3.0E-5
2923 3.0E-5
2924 3.0E-5
2925 3.0E-5
2926 3.0E-5
2927 3.0E-5
2928 3.0E-5
2929 3.0E-5
2930 3.0E-5
2931 3.0E-5
2932 3.0E-5
2933 3.0E-5
2934 3.0E-5
2935 3.0E-5
2936 3.0E-5
2937 3.0E-5
2938 3.0E-5
2939 3.0E-5
2940 3.0E-5
2941 3.0E-5
2942 3.0E-5
2943 3.0E-5
2944 3.0E-5
2945 3.0E-5
2946 3.0E-5
2947 3.0E-5
2948 3.0E-5
2949 3.0E-5
2950 3.0E-5
2951 3.0E-5
2952 3.0E-5
2953 3.0E-5
2954 3.0E-5
2955 3.0E-5
2956 3.0E-5
2957 3.0E-5
2958 3.0E-5
2959 3.0E-5
2960 3.0E-5
2961 3.0E-5
2962 3.0E-5
2963 3.0E-5
2964 3.0E-5
2965 3.0E-5
2966 3.0E-5
2967 3.0E-5
2968 3.0E-5
2969 3.0E-5
2970 3.0E-5
2971 3.0E-5
2972 3.0E-5
2973 3.0E-5
2974 3.0E-5
2975 3.0E-5
2976 3.0E-5
2977 3.0E-5
2978 3.0E-5
2979 3.0E-5
2980 3.0E-5
2981 3.0E-5
2982 3.0E-5
2983 3.0E-5
2984 3.0E-5
2985 3.0E-5
2986 3.0E-5
2987 3.0E-5
2988 3.0E-5
2989 3.0E-5
2990 3.0E-5
2991 3.0E-5
2992 3.0E-5
2993 3.0E-5
2994 3.0E-5
2995 3.0E-5
2996 3.0E-5
2997 3.0E-5
2998 3.0E-5
2999 3.0E-5
3000 3.0E-5
3001 3.0E-5
3002 3.0E-5
3003 3.0E-5
3004 3.0E-5
3005 3.0E-5
3006 3.0E-5
3007 3.0E-5
3008 3.0E-5
3009 3.0E-5
3010 3.0E-5
3011 3.0E-5
3012 3.0E-5
3013 3.0E-5
3014 3.0E-5
3015 3.0E-5
3016 3.0E-5
3017 3.0E-5
3018 3.0E-5
3019 3.0E-5
3020 3.0E-5
3021 3.0E-5
3022 3.0E-5
3023 3.0E-5
3024 3.0E-5
3025 3.0E-5
3026 3.0E-5
3027 3.0E-5
3028 3.0E-5
3029 3.0E-5
3030 3.0E-5
3031 3.0E-5
3032 3.0E-5
3033 3.0E-5
3034 3.0E-5
3035 3.0E-5
3036 3.0E-5
3037 3.0E-5
3038 3.0E-5
3039 3.0E-5
3040 3.0E-5
3041 3.0E-5
3042 3.0E-5
3043 3.0E-5
3044 3.0E-5
3045 3.0E-5
3046 3.0E-5
3047 3.0E-5
3048 3.0E-5
3049 3.0E-5
3050 3.0E-5
3051 3.0E-5
3052 3.0E-5
3053 3.0E-5
3054 3.0E-5
3055 3.0E-5
3056 3.0E-5
3057 3.0E-5
3058 3.0E-5
3059 3.0E-5
3060 3.0E-5
3061 3.0E-5
3062 3.0E-5
3063 3.0E-5
3064 3.0E-5
3065 3.0E-5
3066 3.0E-5
3067 3.0E-5
3068 3.0E-5
3069 3.0E-5
3070 3.0E-5
3071 3.0E-5
3072 3.0E-5
3073 3.0E-5
3074 3.0E-5
3075 3.0E-5
3076 3.0E-5
3077 3.0E-5
3078 3.0E-5
3079 3.0E-5
3080 3.0E-5
3081 3.0E-5
3082 3.0E-5
3083 3.0E-5
3084 3.0E-5
3085 3.0E-5
3086 3.0E-5
3087 3.0E-5
3088 3.0E-5
3089 3.0E-5
3090 3.0E-5
3091 3.0E-5
3092 3.0E-5
3093 3.0E-5
3094 3.0E-5
3095 3.0E-5
3096 3.0E-5
3097 3.0E-5
3098 3.0E-5
3099 3.0E-5
3100 3.0E-5
3101 3.0E-5
3102 3.0E-5
3103 3.0E-5
3104 3.0E-5
3105 3.0E-5
3106 3.0E-5
3107 3.0E-5
3108 3.0E-5
3109 3.0E-5
3110 3.0E-5
3111 3.0E-5
3112 3.0E-5
3113 3.0E-5
3114 3.0E-5
3115 3.0E-5
3116 3.0E-5
3117 3.0E-5
3118 3.0E-5
3119 3.0E-5
3120 3.0E-5
3121 3.0E-5
3122 3.0E-5
3123 3.0E-5
3124 3.0E-5
3125 3.0E-5
3126 3.0E-5
3127 3.0E-5
3128 3.0E-5
3129 3.0E-5
3130 3.0E-5
3131 3.0E-5
3132 3.0E-5
3133 3.0E-5
3134 3.0E-5
3135 3.0E-5
3136 3.0E-5
3137 3.0E-5
3138 3.0E-5
3139 3.0E-5
3140 3.0E-5
3141 3.0E-5
3142 3.0E-5
3143 3.0E-5
3144 3.0E-5
3145 3.0E-5
3146 3.0E-5
3147 3.0E-5
3148 3.0E-5
3149 3.0E-5
3150 3.0E-5
3151 3.0E-5
3152 3.0E-5
3153 3.0E-5
3154 3.0E-5
3155 3.0E-5
3156 3.0E-5
3157 3.0E-5
3158 3.0E-5
3159 3.0E-5
3160 3.0E-5
3161 3.0E-5
3162 3.0E-5
3163 3.0E-5
3164 3.0E-5
3165 3.0E-5
3166 3.0E-5
3167 3.0E-5
3168 3.0E-5
3169 3.0E-5
3170 3.0E-5
3171 3.0E-5
3172 3.0E-5
3173 3.0E-5
3174 3.0E-5
3175 3.0E-5
3176 3.0E-5
3177 3.0E-5
3178 3.0E-5
3179 3.0E-5
3180 3.0E-5
3181 3.0E-5
3182 3.0E-5
3183 3.0E-5
3184 3.0E-5
3185 3.0E-5
3186 3.0E-5
3187 3.0E-5
3188 3.0E-5
3189 3.0E-5
3190 3.0E-5
3191 3.0E-5
3192 3.0E-5
3193 3.0E-5
3194 3.0E-5
3195 3.0E-5
3196 3.0E-5
3197 3.0E-5
3198 3.0E-5
3199 3.0E-5
3200 3.0E-5
3201 3.0E-5
3202 3.0E-5
3203 3.0E-5
3204 3.0E-5
3205 3.0E-5
3206 3.0E-5
3207 3.0E-5
3208 3.0E-5
3209 3.0E-5
3210 3.0E-5
3211 3.0E-5
3212 3.0E-5
3213 3.0E-5
3214 3.0E-5
3215 3.0E-5
3216 3.0E-5
3217 3.0E-5
3218 3.0E-5
3219 3.0E-5
3220 3.0E-5
3221 3.0E-5
3222 3.0E-5
3223 3.0E-5
3224 3.0E-5
3225 3.0E-5
3226 3.0E-5
3227 3.0E-5
3228 3.0E-5
3229 3.0E-5
3230 3.0E-5
3231 3.0E-5
3232 3.0E-5
3233 3.0E-5
3234 3.0E-5
3235 3.0E-5
3236 3.0E-5
3237 3.0E-5
3238 3.0E-5
3239 3.0E-5
3240 3.0E-5
3241 3.0E-5
3242 3.0E-5
3243 3.0E-5
3244 3.0E-5
3245 3.0E-5
3246 3.0E-5
3247 3.0E-5
3248 3.0E-5
3249 3.0E-5
3250 3.0E-5
3251 3.0E-5
3252 3.0E-5
3253 3.0E-5
3254 3.0E-5
3255 3.0E-5
3256 3.0E-5
3257 3.0E-5
3258 3.0E-5
3259 3.0E-5
3260 3.0E-5
3261 3.0E-5
3262 3.0E-5
3263 3.0E-5
3264 3.0E-5
3265 3.0E-5
3266 3.0E-5
3267 3.0E-5
3268 3.0E-5
3269 3.0E-5
3270 3.0E-5
3271 3.0E-5
3272 3.0E-5
3273 3.0E-5
3274 3.0E-5
3275 3.0E-5
3276 3.0E-5
3277 3.0E-5
3278 3.0E-5
3279 3.0E-5
3280 3.0E-5
3281 3.0E-5
3282 3.0E-5
3283 3.0E-5
3284 3.0E-5
3285 3.0E-5
3286 3.0E-5
3287 3.0E-5
3288 3.0E-5
3289 3.0E-5
3290 3.0E-5
3291 3.0E-5
3292 3.0E-5
3293 3.0E-5
3294 3.0E-5
3295 3.0E-5
3296 3.0E-5
3297 3.0E-5
3298 3.0E-5
3299 3.0E-5
3300 3.0E-5
3301 3.0E-5
3302 3.0E-5
3303 3.0E-5
3304 3.0E-5
3305 3.0E-5
3306 3.0E-5
3307 3.0E-5
3308 3.0E-5
3309 3.0E-5
3310 3.0E-5
3311 3.0E-5
3312 3.0E-5
3313 3.0E-5
3314 3.0E-5
3315 3.0E-5
3316 3.0E-5
3317 3.0E-5
3318 3.0E-5
3319 3.0E-5
3320 3.0E-5
3321 3.0E-5
3322 3.0E-5
3323 3.0E-5
3324 3.0E-5
3325 3.0E-5
3326 3.0E-5
3327 3.0E-5
3328 3.0E-5
3329 3.0E-5
3330 3.0E-5
3331 3.0E-5
3332 3.0E-5
3333 3.0E-5
3334 3.0E-5
3335 3.0E-5
3336 3.0E-5
3337 3.0E-5
3338 3.0E-5
3339 3.0E-5
3340 3.0E-5
3341 3.0E-5
3342 3.0E-5
3343 3.0E-5
3344 3.0E-5
3345 3.0E-5
3346 3.0E-5
3347 3.0E-5
3348 3.0E-5
3349 3.0E-5
3350 3.0E-5
3351 3.0E-5
3352 3.0E-5
3353 3.0E-5
3354 3.0E-5
3355 3.0E-5
3356 3.0E-5
3357 3.0E-5
3358 3.0E-5
3359 3.0E-5
3360 3.0E-5
3361 3.0E-5
3362 3.0E-5
3363 3.0E-5
3364 3.0E-5
3365 3.0E-5
3366 3.0E-5
3367 3.0E-5
3368 3.0E-5
3369 3.0E-5
3370 3.0E-5
3371 3.0E-5
3372 3.0E-5
3373 3.0E-5
3374 3.0E-5
3375 3.0E-5
3376 3.0E-5
3377 3.0E-5
3378 3.0E-5
3379 3.0E-5
3380 3.0E-5
3381 3.0E-5
3382 3.0E-5
3383 3.0E-5
3384 3.0E-5
3385 3.0E-5
3386 3.0E-5
3387 3.0E-5
3388 3.0E-5
3389 3.0E-5
3390 3.0E-5
3391 3.0E-5
3392 3.0E-5
3393 3.0E-5
3394 3.0E-5
3395 3.0E-5
3396 3.0E-5
3397 3.0E-5
3398 3.0E-5
3399 3.0E-5
3400 3.0E-5
3401 3.0E-5
3402 3.0E-5
3403 3.0E-5
3404 3.0E-5
3405 3.0E-5
3406 3.0E-5
3407 3.0E-5
3408 3.0E-5
3409 3.0E-5
3410 3.0E-5
3411 3.0E-5
3412 3.0E-5
3413 3.0E-5
3414 3.0E-5
3415 3.0E-5
3416 3.0E-5
3417 3.0E-5
3418 3.0E-5
3419 3.0E-5
3420 3.0E-5
3421 3.0E-5
3422 3.0E-5
3423 3.0E-5
3424 3.0E-5
3425 3.0E-5
3426 3.0E-5
3427 3.0E-5
3428 3.0E-5
3429 3.0E-5
3430 3.0E-5
3431 3.0E-5
3432 3.0E-5
3433 3.0E-5
3434 3.0E-5
3435 3.0E-5
3436 3.0E-5
3437 3.0E-5
3438 3.0E-5
3439 3.0E-5
3440 3.0E-5
3441 3.0E-5
3442 3.0E-5
3443 3.0E-5
3444 3.0E-5
3445 3.0E-5
3446 3.0E-5
3447 3.0E-5
3448 3.0E-5
3449 3.0E-5
3450 3.0E-5
3451 3.0E-5
3452 3.0E-5
3453 3.0E-5
3454 3.0E-5
3455 3.0E-5
3456 3.0E-5
3457 3.0E-5
3458 3.0E-5
3459 3.0E-5
3460 3.0E-5
3461 3.0E-5
3462 3.0E-5
3463 3.0E-5
3464 3.0E-5
3465 3.0E-5
3466 3.0E-5
3467 3.0E-5
3468 3.0E-5
3469 3.0E-5
3470 3.0E-5
3471 3.0E-5
3472 3.0E-5
3473 3.0E-5
3474 3.0E-5
3475 3.0E-5
3476 3.0E-5
3477 3.0E-5
3478 3.0E-5
3479 3.0E-5
3480 3.0E-5
3481 3.0E-5
3482 3.0E-5
3483 3.0E-5
3484 3.0E-5
3485 3.0E-5
3486 3.0E-5
3487 3.0E-5
3488 3.0E-5
3489 3.0E-5
3490 3.0E-5
3491 3.0E-5
3492 3.0E-5
3493 3.0E-5
3494 3.0E-5
3495 3.0E-5
3496 3.0E-5
3497 3.0E-5
3498 3.0E-5
3499 3.0E-5
3500 3.0E-5
3501 3.0E-5
3502 3.0E-5
3503 3.0E-5
3504 3.0E-5
3505 3.0E-5
3506 3.0E-5
3507 3.0E-5
3508 3.0E-5
3509 3.0E-5
3510 3.0E-5
3511 3.0E-5
3512 3.0E-5
3513 3.0E-5
3514 3.0E-5
3515 3.0E-5
3516 3.0E-5
3517 3.0E-5
3518 3.0E-5
3519 3.0E-5
3520 3.0E-5
3521 3.0E-5
3522 3.0E-5
3523 3.0E-5
3524 3.0E-5
3525 3.0E-5
3526 3.0E-5
3527 3.0E-5
3528 3.0E-5
3529 3.0E-5
3530 3.0E-5
3531 3.0E-5
3532 3.0E-5
3533 3.0E-5
3534 3.0E-5
3535 3.0E-5
3536 3.0E-5
3537 3.0E-5
3538 3.0E-5
3539 3.0E-5
3540 3.0E-5
3541 3.0E-5
3542 3.0E-5
3543 3.0E-5
3544 3.0E-5
3545 3.0E-5
3546 3.0E-5
3547 3.0E-5
3548 3.0E-5
3549 3.0E-5
3550 3.0E-5
3551 3.0E-5
3552 3.0E-5
3553 3.0E-5
3554 3.0E-5
3555 3.0E-5
3556 3.0E-5
3557 3.0E-5
3558 3.0E-5
3559 3.0E-5
3560 3.0E-5
3561 3.0E-5
3562 3.0E-5
3563 3.0E-5
3564 3.0E-5
3565 3.0E-5
3566 3.0E-5
3567 3.0E-5
3568 3.0E-5
3569 3.0E-5
3570 3.0E-5
3571 3.0E-5
3572 3.0E-5
3573 3.0E-5
3574 3.0E-5
3575 3.0E-5
3576 3.0E-5
3577 3.0E-5
3578 3.0E-5
3579 3.0E-5
3580 3.0E-5
3581 3.0E-5
3582 3.0E-5
3583 3.0E-5
3584 3.0E-5
3585 3.0E-5
3586 3.0E-5
3587 3.0E-5
3588 3.0E-5
3589 3.0E-5
3590 3.0E-5
3591 3.0E-5
3592 3.0E-5
3593 3.0E-5
3594 3.0E-5
3595 3.0E-5
3596 3.0E-5
3597 3.0E-5
3598 3.0E-5
3599 3.0E-5
3600 3.0E-5
3601 3.0E-5
3602 3.0E-5
3603 3.0E-5
3604 3.0E-5
3605 3.0E-5
3606 3.0E-5
3607 3.0E-5
3608 3.0E-5
3609 3.0E-5
3610 3.0E-5
3611 3.0E-5
3612 3.0E-5
3613 3.0E-5
3614 3.0E-5
3615 3.0E-5
3616 3.0E-5
3617 3.0E-5
3618 3.0E-5
3619 3.0E-5
3620 3.0E-5
3621 3.0E-5
3622 3.0E-5
3623 3.0E-5
3624 3.0E-5
3625 3.0E-5
3626 3.0E-5
3627 3.0E-5
3628 3.0E-5
3629 3.0E-5
3630 3.0E-5
3631 3.0E-5
3632 3.0E-5
3633 3.0E-5
3634 3.0E-5
3635 3.0E-5
3636 3.0E-5
3637 3.0E-5
3638 3.0E-5
3639 3.0E-5
3640 3.0E-5
3641 3.0E-5
3642 3.0E-5
3643 3.0E-5
3644 3.0E-5
3645 3.0E-5
3646 3.0E-5
3647 3.0E-5
3648 3.0E-5
3649 3.0E-5
3650 3.0E-5
3651 3.0E-5
3652 3.0E-5
3653 3.0E-5
3654 3.0E-5
3655 3.0E-5
3656 3.0E-5
3657 3.0E-5
3658 3.0E-5
3659 3.0E-5
3660 3.0E-5
3661 3.0E-5
3662 3.0E-5
3663 3.0E-5
3664 3.0E-5
3665 3.0E-5
3666 3.0E-5
3667 3.0E-5
3668 3.0E-5
3669 3.0E-5
3670 3.0E-5
3671 3.0E-5
3672 3.0E-5
3673 3.0E-5
3674 3.0E-5
3675 3.0E-5
3676 3.0E-5
3677 3.0E-5
3678 3.0E-5
3679 3.0E-5
3680 3.0E-5
3681 3.0E-5
3682 3.0E-5
3683 3.0E-5
3684 3.0E-5
3685 3.0E-5
3686 3.0E-5
3687 3.0E-5
3688 3.0E-5
3689 3.0E-5
3690 3.0E-5
3691 3.0E-5
3692 3.0E-5
3693 3.0E-5
3694 3.0E-5
3695 3.0E-5
3696 3.0E-5
3697 3.0E-5
3698 3.0E-5
3699 3.0E-5
3700 3.0E-5
3701 3.0E-5
3702 3.0E-5
3703 3.0E-5
3704 3.0E-5
3705 3.0E-5
3706 3.0E-5
3707 3.0E-5
3708 3.0E-5
3709 3.0E-5
3710 3.0E-5
3711 3.0E-5
3712 3.0E-5
3713 3.0E-5
3714 3.0E-5
3715 3.0E-5
3716 3.0E-5
3717 3.0E-5
3718 3.0E-5
3719 3.0E-5
3720 3.0E-5
3721 3.0E-5
3722 3.0E-5
3723 3.0E-5
3724 3.0E-5
3725 3.0E-5
3726 3.0E-5
3727 3.0E-5
3728 3.0E-5
3729 3.0E-5
3730 3.0E-5
3731 3.0E-5
3732 3.0E-5
3733 3.0E-5
3734 3.0E-5
3735 3.0E-5
3736 3.0E-5
3737 3.0E-5
3738 3.0E-5
3739 3.0E-5
3740 3.0E-5
3741 3.0E-5
3742 3.0E-5
3743 3.0E-5
3744 3.0E-5
3745 3.0E-5
3746 3.0E-5
3747 3.0E-5
3748 3.0E-5
3749 3.0E-5
3750 3.0E-5
3751 3.0E-5
3752 3.0E-5
3753 3.0E-5
3754 3.0E-5
3755 3.0E-5
3756 3.0E-5
3757 3.0E-5
3758 3.0E-5
3759 3.0E-5
3760 3.0E-5
3761 3.0E-5
3762 3.0E-5
3763 3.0E-5
3764 3.0E-5
3765 3.0E-5
3766 3.0E-5
3767 3.0E-5
3768 3.0E-5
3769 3.0E-5
3770 3.0E-5
3771 3.0E-5
3772 3.0E-5
3773 3.0E-5
3774 3.0E-5
3775 3.0E-5
3776 3.0E-5
3777 3.0E-5
3778 3.0E-5
3779 3.0E-5
3780 3.0E-5
3781 3.0E-5
3782 3.0E-5
3783 3.0E-5
3784 3.0E-5
3785 3.0E-5
3786 3.0E-5
3787 3.0E-5
3788 3.0E-5
3789 3.0E-5
3790 3.0E-5
3791 3.0E-5
3792 3.0E-5
3793 3.0E-5
3794 3.0E-5
3795 3.0E-5
3796 3.0E-5
3797 3.0E-5
3798 3.0E-5
3799 3.0E-5
3800 3.0E-5
3801 3.0E-5
3802 3.0E-5
3803 3.0E-5
3804 3.0E-5
3805 3.0E-5
3806 3.0E-5
3807 3.0E-5
3808 3.0E-5
3809 3.0E-5
3810 3.0E-5
3811 3.0E-5
3812 3.0E-5
3813 3.0E-5
3814 3.0E-5
3815 3.0E-5
3816 3.0E-5
3817 3.0E-5
3818 3.0E-5
3819 3.0E-5
3820 3.0E-5
3821 3.0E-5
3822 3.0E-5
3823 3.0E-5
3824 3.0E-5
3825 3.0E-5
3826 3.0E-5
3827 3.0E-5
3828 3.0E-5
3829 3.0E-5
3830 3.0E-5
3831 3.0E-5
3832 3.0E-5
3833 3.0E-5
3834 3.0E-5
3835 3.0E-5
3836 3.0E-5
3837 3.0E-5
3838 3.0E-5
3839 3.0E-5
3840 3.0E-5
3841 3.0E-5
3842 3.0E-5
3843 3.0E-5
3844 3.0E-5
3845 3.0E-5
3846 3.0E-5
3847 3.0E-5
3848 3.0E-5
3849 3.0E-5
3850 3.0E-5
3851 3.0E-5
3852 3.0E-5
3853 3.0E-5
3854 3.0E-5
3855 3.0E-5
3856 3.0E-5
3857 3.0E-5
3858 3.0E-5
3859 3.0E-5
3860 3.0E-5
3861 3.0E-5
3862 3.0E-5
3863 3.0E-5
3864 3.0E-5
3865 3.0E-5
3866 3.0E-5
3867 3.0E-5
3868 3.0E-5
3869 3.0E-5
3870 3.0E-5
3871 3.0E-5
3872 3.0E-5
3873 3.0E-5
3874 3.0E-5
3875 3.0E-5
3876 3.0E-5
3877 3.0E-5
3878 3.0E-5
3879 3.0E-5
3880 3.0E-5
3881 3.0E-5
3882 3.0E-5
3883 3.0E-5
3884 3.0E-5
3885 3.0E-5
3886 3.0E-5
3887 3.0E-5
3888 3.0E-5
3889 3.0E-5
3890 3.0E-5
3891 3.0E-5
3892 3.0E-5
3893 3.0E-5
3894 3.0E-5
3895 3.0E-5
3896 3.0E-5
3897 3.0E-5
3898 3.0E-5
3899 3.0E-5
3900 3.0E-5
3901 3.0E-5
3902 3.0E-5
3903 3.0E-5
3904 3.0E-5
3905 3.0E-5
3906 3.0E-5
3907 3.0E-5
3908 3.0E-5
3909 3.0E-5
3910 3.0E-5
3911 3.0E-5
3912 3.0E-5
3913 3.0E-5
3914 3.0E-5
3915 3.0E-5
3916 3.0E-5
3917 3.0E-5
3918 3.0E-5
3919 3.0E-5
3920 3.0E-5
3921 3.0E-5
3922 3.0E-5
3923 3.0E-5
3924 3.0E-5
3925 3.0E-5
3926 3.0E-5
3927 3.0E-5
3928 3.0E-5
3929 3.0E-5
3930 3.0E-5
3931 3.0E-5
3932 3.0E-5
3933 3.0E-5
3934 3.0E-5
3935 3.0E-5
3936 3.0E-5
3937 3.0E-5
3938 3.0E-5
3939 3.0E-5
3940 3.0E-5
3941 3.0E-5
3942 3.0E-5
3943 3.0E-5
3944 3.0E-5
3945 3.0E-5
3946 3.0E-5
3947 3.0E-5
3948 3.0E-5
3949 3.0E-5
3950 3.0E-5
3951 3.0E-5
3952 3.0E-5
3953 3.0E-5
3954 3.0E-5
3955 3.0E-5
3956 3.0E-5
3957 3.0E-5
3958 3.0E-5
3959 3.0E-5
3960 3.0E-5
3961 3.0E-5
3962 3.0E-5
3963 3.0E-5
3964 3.0E-5
3965 3.0E-5
3966 3.0E-5
3967 3.0E-5
3968 3.0E-5
3969 3.0E-5
3970 3.0E-5
3971 3.0E-5
3972 3.0E-5
3973 3.0E-5
3974 3.0E-5
3975 3.0E-5
3976 3.0E-5
3977 3.0E-5
3978 3.0E-5
3979 3.0E-5
3980 3.0E-5
3981 3.0E-5
3982 3.0E-5
3983 3.0E-5
3984 3.0E-5
3985 3.0E-5
3986 3.0E-5
3987 3.0E-5
3988 3.0E-5
3989 3.0E-5
3990 3.0E-5
3991 3.0E-5
3992 3.0E-5
3993 3.0E-5
3994 3.0E-5
3995 3.0E-5
3996 3.0E-5
3997 3.0E-5
3998 3.0E-5
3999 3.0E-5
4000 3.0E-5
4001 3.0E-5
4002 3.0E-5
4003 3.0E-5
4004 3.0E-5
4005 3.0E-5
4006 3.0E-5
4007 3.0E-5
4008 3.0E-5
4009 3.0E-5
4010 3.0E-5
4011 3.0E-5
4012 3.0E-5
4013 3.0E-5
4014 3.0E-5
4015 3.0E-5
4016 3.0E-5
4017 3.0E-5
4018 3.0E-5
4019 3.0E-5
4020 3.0E-5
4021 3.0E-5
4022 3.0E-5
4023 3.0E-5
4024 3.0E-5
4025 3.0E-5
4026 3.0E-5
4027 3.0E-5
4028 3.0E-5
4029 3.0E-5
4030 3.0E-5
4031 3.0E-5
4032 3.0E-5
4033 3.0E-5
4034 3.0E-5
4035 3.0E-5
4036 3.0E-5
4037 3.0E-5
4038 3.0E-5
4039 3.0E-5
4040 3.0E-5
4041 3.0E-5
4042 3.0E-5
4043 3.0E-5
4044 3.0E-5
4045 3.0E-5
4046 3.0E-5
4047 3.0E-5
4048 3.0E-5
4049 3.0E-5
4050 3.0E-5
4051 3.0E-5
4052 3.0E-5
4053 3.0E-5
4054 3.0E-5
4055 3.0E-5
4056 3.0E-5
4057 3.0E-5
4058 3.0E-5
4059 3.0E-5
4060 3.0E-5
4061 3.0E-5
4062 3.0E-5
4063 3.0E-5
4064 3.0E-5
4065 3.0E-5
4066 3.0E-5
4067 3.0E-5
4068 3.0E-5
4069 3.0E-5
4070 3.0E-5
4071 3.0E-5
4072 3.0E-5
4073 3.0E-5
4074 3.0E-5
4075 3.0E-5
4076 3.0E-5
4077 3.0E-5
4078 3.0E-5
4079 3.0E-5
4080 3.0E-5
4081 3.0E-5
4082 3.0E-5
4083 3.0E-5
4084 3.0E-5
4085 3.0E-5
4086 3.0E-5
4087 3.0E-5
4088 3.0E-5
4089 3.0E-5
4090 3.0E-5
4091 3.0E-5
4092 3.0E-5
4093 3.0E-5
4094 3.0E-5
4095 3.0E-5
4096 3.0E-5
4097 3.0E-5
4098 3.0E-5
4099 3.0E-5
4100 3.0E-5
4101 3.0E-5
4102 3.0E-5
4103 3.0E-5
4104 3.0E-5
4105 3.0E-5
4106 3.0E-5
4107 3.0E-5
4108 3.0E-5
4109 3.0E-5
4110 3.0E-5
4111 3.0E-5
4112 3.0E-5
4113 3.0E-5
4114 3.0E-5
4115 3.0E-5
4116 3.0E-5
4117 3.0E-5
4118 3.0E-5
4119 3.0E-5
4120 3.0E-5
4121 3.0E-5
4122 3.0E-5
4123 3.0E-5
4124 3.0E-5
4125 3.0E-5
4126 3.0E-5
4127 3.0E-5
4128 3.0E-5
4129 3.0E-5
4130 3.0E-5
4131 3.0E-5
4132 3.0E-5
4133 3.0E-5
4134 3.0E-5
4135 3.0E-5
4136 3.0E-5
4137 3.0E-5
4138 3.0E-5
4139 3.0E-5
4140 3.0E-5
4141 3.0E-5
4142 3.0E-5
4143 3.0E-5
4144 3.0E-5
4145 3.0E-5
4146 3.0E-5
4147 3.0E-5
4148 3.0E-5
4149 3.0E-5
4150 3.0E-5
4151 3.0E-5
4152 3.0E-5
4153 3.0E-5
4154 3.0E-5
4155 3.0E-5
4156 3.0E-5
4157 3.0E-5
4158 3.0E-5
4159 3.0E-5
4160 3.0E-5
4161 3.0E-5
4162 3.0E-5
4163 3.0E-5
4164 3.0E-5
4165 3.0E-5
4166 3.0E-5
4167 3.0E-5
4168 3.0E-5
4169 3.0E-5
4170 3.0E-5
4171 3.0E-5
4172 3.0E-5
4173 3.0E-5
4174 3.0E-5
4175 3.0E-5
4176 3.0E-5
4177 3.0E-5
4178 3.0E-5
4179 3.0E-5
4180 3.0E-5
4181 3.0E-5
4182 3.0E-5
4183 3.0E-5
4184 3.0E-5
4185 3.0E-5
4186 3.0E-5
4187 3.0E-5
4188 3.0E-5
4189 3.0E-5
4190 3.0E-5
4191 3.0E-5
4192 3.0E-5
4193 3.0E-5
4194 3.0E-5
4195 3.0E-5
4196 3.0E-5
4197 3.0E-5
4198 3.0E-5
4199 3.0E-5
4200 3.0E-5
4201 3.0E-5
4202 3.0E-5
4203 3.0E-5
4204 3.0E-5
4205 3.0E-5
4206 3.0E-5
4207 3.0E-5
4208 3.0E-5
4209 3.0E-5
4210 3.0E-5
4211 3.0E-5
4212 3.0E-5
4213 3.0E-5
4214 3.0E-5
4215 3.0E-5
4216 3.0E-5
4217 3.0E-5
4218 3.0E-5
4219 3.0E-5
4220 3.0E-5
4221 3.0E-5
4222 3.0E-5
4223 3.0E-5
4224 3.0E-5
4225 3.0E-5
4226 3.0E-5
4227 3.0E-5
4228 3.0E-5
4229 3.0E-5
4230 3.0E-5
4231 3.0E-5
4232 3.0E-5
4233 3.0E-5
4234 3.0E-5
4235 3.0E-5
4236 3.0E-5
4237 3.0E-5
4238 3.0E-5
4239 3.0E-5
4240 3.0E-5
4241 3.0E-5
4242 3.0E-5
4243 3.0E-5
4244 3.0E-5
4245 3.0E-5
4246 3.0E-5
4247 3.0E-5
4248 3.0E-5
4249 3.0E-5
4250 3.0E-5
4251 3.0E-5
4252 3.0E-5
4253 3.0E-5
4254 3.0E-5
4255 3.0E-5
4256 3.0E-5
4257 3.0E-5
4258 3.0E-5
4259 3.0E-5
4260 3.0E-5
4261 3.0E-5
4262 3.0E-5
4263 3.0E-5
4264 3.0E-5
4265 3.0E-5
4266 3.0E-5
4267 3.0E-5
4268 3.0E-5
4269 3.0E-5
4270 3.0E-5
4271 3.0E-5
4272 3.0E-5
4273 3.0E-5
4274 3.0E-5
4275 3.0E-5
4276 3.0E-5
4277 3.0E-5
4278 3.0E-5
4279 3.0E-5
4280 3.0E-5
4281 3.0E-5
4282 3.0E-5
4283 3.0E-5
4284 3.0E-5
4285 3.0E-5
4286 3.0E-5
4287 3.0E-5
4288 3.0E-5
4289 3.0E-5
4290 3.0E-5
4291 3.0E-5
4292 3.0E-5
4293 3.0E-5
4294 3.0E-5
4295 3.0E-5
4296 3.0E-5
4297 3.0E-5
4298 3.0E-5
4299 3.0E-5
4300 3.0E-5
4301 3.0E-5
4302 3.0E-5
4303 3.0E-5
4304 3.0E-5
4305 3.0E-5
4306 3.0E-5
4307 3.0E-5
4308 3.0E-5
4309 3.0E-5
4310 3.0E-5
4311 3.0E-5
4312 3.0E-5
4313 3.0E-5
4314 3.0E-5
4315 3.0E-5
4316 3.0E-5
4317 3.0E-5
4318 3.0E-5
4319 3.0E-5
4320 3.0E-5
4321 3.0E-5
4322 3.0E-5
4323 3.0E-5
4324 3.0E-5
4325 3.0E-5
4326 3.0E-5
4327 3.0E-5
4328 3.0E-5
4329 3.0E-5
4330 3.0E-5
4331 3.0E-5
4332 3.0E-5
4333 3.0E-5
4334 3.0E-5
4335 3.0E-5
4336 3.0E-5
4337 3.0E-5
4338 3.0E-5
4339 3.0E-5
4340 3.0E-5
4341 3.0E-5
4342 3.0E-5
4343 3.0E-5
4344 3.0E-5
4345 3.0E-5
4346 3.0E-5
4347 3.0E-5
4348 3.0E-5
4349 3.0E-5
4350 3.0E-5
4351 3.0E-5
4352 3.0E-5
4353 3.0E-5
4354 3.0E-5
4355 3.0E-5
4356 3.0E-5
4357 3.0E-5
4358 3.0E-5
4359 3.0E-5
4360 3.0E-5
4361 3.0E-5
4362 3.0E-5
4363 3.0E-5
4364 3.0E-5
4365 3.0E-5
4366 3.0E-5
4367 3.0E-5
4368 3.0E-5
4369 3.0E-5
4370 3.0E-5
4371 3.0E-5
4372 3.0E-5
4373 3.0E-5
4374 3.0E-5
4375 3.0E-5
4376 3.0E-5
4377 3.0E-5
4378 3.0E-5
4379 3.0E-5
4380 3.0E-5
4381 3.0E-5
4382 3.0E-5
4383 3.0E-5
4384 3.0E-5
4385 3.0E-5
4386 3.0E-5
4387 3.0E-5
4388 3.0E-5
4389 3.0E-5
4390 3.0E-5
4391 3.0E-5
4392 3.0E-5
4393 3.0E-5
4394 3.0E-5
4395 3.0E-5
4396 3.0E-5
4397 3.0E-5
4398 3.0E-5
4399 3.0E-5
4400 3.0E-5
4401 3.0E-5
4402 3.0E-5
4403 3.0E-5
4404 3.0E-5
4405 3.0E-5
4406 3.0E-5
4407 3.0E-5
4408 3.0E-5
4409 3.0E-5
4410 3.0E-5
4411 3.0E-5
4412 3.0E-5
4413 3.0E-5
4414 3.0E-5
4415 3.0E-5
4416 3.0E-5
4417 3.0E-5
4418 3.0E-5
4419 3.0E-5
4420 3.0E-5
4421 3.0E-5
4422 3.0E-5
4423 3.0E-5
4424 3.0E-5
4425 3.0E-5
4426 3.0E-5
4427 3.0E-5
4428 3.0E-5
4429 3.0E-5
4430 3.0E-5
4431 3.0E-5
4432 3.0E-5
4433 3.0E-5
4434 3.0E-5
4435 3.0E-5
4436 3.0E-5
4437 3.0E-5
4438 3.0E-5
4439 3.0E-5
4440 3.0E-5
4441 3.0E-5
4442 3.0E-5
4443 3.0E-5
4444 3.0E-5
4445 3.0E-5
4446 3.0E-5
4447 3.0E-5
4448 3.0E-5
4449 3.0E-5
4450 3.0E-5
4451 3.0E-5
4452 3.0E-5
4453 3.0E-5
4454 3.0E-5
4455 3.0E-5
4456 3.0E-5
4457 3.0E-5
4458 3.0E-5
4459 3.0E-5
4460 3.0E-5
4461 3.0E-5
4462 3.0E-5
4463 3.0E-5
4464 3.0E-5
4465 3.0E-5
4466 3.0E-5
4467 3.0E-5
4468 3.0E-5
4469 3.0E-5
4470 3.0E-5
4471 3.0E-5
4472 3.0E-5
4473 3.0E-5
4474 3.0E-5
4475 3.0E-5
4476 3.0E-5
4477 3.0E-5
4478 3.0E-5
4479 3.0E-5
4480 3.0E-5
4481 3.0E-5
4482 3.0E-5
4483 3.0E-5
4484 3.0E-5
4485 3.0E-5
4486 3.0E-5
4487 3.0E-5
4488 3.0E-5
4489 3.0E-5
4490 3.0E-5
4491 3.0E-5
4492 3.0E-5
4493 3.0E-5
4494 3.0E-5
4495 3.0E-5
4496 3.0E-5
4497 3.0E-5
4498 3.0E-5
4499 3.0E-5
4500 3.0E-5
4501 3.0E-5
4502 3.0E-5
4503 3.0E-5
4504 3.0E-5
4505 3.0E-5
4506 3.0E-5
4507 3.0E-5
4508 3.0E-5
4509 3.0E-5
4510 3.0E-5
4511 3.0E-5
4512 3.0E-5
4513 3.0E-5
4514 3.0E-5
4515 3.0E-5
4516 3.0E-5
4517 3.0E-5
4518 3.0E-5
4519 3.0E-5
4520 3.0E-5
4521 3.0E-5
4522 3.0E-5
4523 3.0E-5
4524 3.0E-5
4525 3.0E-5
4526 3.0E-5
4527 3.0E-5
4528 3.0E-5
4529 3.0E-5
4530 3.0E-5
4531 3.0E-5
4532 3.0E-5
4533 3.0E-5
4534 3.0E-5
4535 3.0E-5
4536 3.0E-5
4537 3.0E-5
4538 3.0E-5
4539 3.0E-5
4540 3.0E-5
4541 3.0E-5
4542 3.0E-5
4543 3.0E-5
4544 3.0E-5
4545 3.0E-5
4546 3.0E-5
4547 3.0E-5
4548 3.0E-5
4549 3.0E-5
4550 3.0E-5
4551 3.0E-5
4552 3.0E-5
4553 3.0E-5
4554 3.0E-5
4555 3.0E-5
4556 3.0E-5
4557 3.0E-5
4558 3.0E-5
4559 3.0E-5
4560 3.0E-5
4561 3.0E-5
4562 3.0E-5
4563 3.0E-5
4564 3.0E-5
4565 3.0E-5
4566 3.0E-5
4567 3.0E-5
4568 3.0E-5
4569 3.0E-5
4570 3.0E-5
4571 3.0E-5
4572 3.0E-5
4573 3.0E-5
4574 3.0E-5
4575 3.0E-5
4576 3.0E-5
4577 3.0E-5
4578 3.0E-5
4579 3.0E-5
4580 3.0E-5
4581 3.0E-5
4582 3.0E-5
4583 3.0E-5
4584 3.0E-5
4585 3.0E-5
4586 3.0E-5
4587 3.0E-5
4588 3.0E-5
4589 3.0E-5
4590 3.0E-5
4591 3.0E-5
4592 3.0E-5
4593 3.0E-5
4594 3.0E-5
4595 3.0E-5
4596 3.0E-5
4597 3.0E-5
4598 3.0E-5
4599 3.0E-5
4600 3.0E-5
4601 3.0E-5
4602 3.0E-5
4603 3.0E-5
4604 3.0E-5
4605 3.0E-5
4606 3.0E-5
4607 3.0E-5
4608 3.0E-5
4609 3.0E-5
4610 3.0E-5
4611 3.0E-5
4612 3.0E-5
4613 3.0E-5
4614 3.0E-5
4615 3.0E-5
4616 3.0E-5
4617 3.0E-5
4618 3.0E-5
4619 3.0E-5
4620 3.0E-5
4621 3.0E-5
4622 3.0E-5
4623 3.0E-5
4624 3.0E-5
4625 3.0E-5
4626 3.0E-5
4627 3.0E-5
4628 3.0E-5
4629 3.0E-5
4630 3.0E-5
4631 3.0E-5
4632 3.0E-5
4633 3.0E-5
4634 3.0E-5
4635 3.0E-5
4636 3.0E-5
4637 3.0E-5
4638 3.0E-5
4639 3.0E-5
4640 3.0E-5
4641 3.0E-5
4642 3.0E-5
4643 3.0E-5
4644 3.0E-5
4645 3.0E-5
4646 3.0E-5
4647 3.0E-5
4648 3.0E-5
4649 3.0E-5
4650 3.0E-5
4651 3.0E-5
4652 3.0E-5
4653 3.0E-5
4654 3.0E-5
4655 3.0E-5
4656 3.0E-5
4657 3.0E-5
4658 3.0E-5
4659 3.0E-5
4660 3.0E-5
4661 3.0E-5
4662 3.0E-5
4663 3.0E-5
4664 3.0E-5
4665 3.0E-5
4666 3.0E-5
4667 3.0E-5
4668 3.0E-5
4669 3.0E-5
4670 3.0E-5
4671 3.0E-5
4672 3.0E-5
4673 3.0E-5
4674 3.0E-5
4675 3.0E-5
4676 3.0E-5
4677 3.0E-5
4678 3.0E-5
4679 3.0E-5
4680 3.0E-5
4681 3.0E-5
4682 3.0E-5
4683 3.0E-5
4684 3.0E-5
4685 3.0E-5
4686 3.0E-5
4687 3.0E-5
4688 3.0E-5
4689 3.0E-5
4690 3.0E-5
4691 3.0E-5
4692 3.0E-5
4693 3.0E-5
4694 3.0E-5
4695 3.0E-5
4696 3.0E-5
4697 3.0E-5
4698 3.0E-5
4699 3.0E-5
4700 3.0E-5
4701 3.0E-5
4702 3.0E-5
4703 3.0E-5
4704 3.0E-5
4705 3.0E-5
4706 3.0E-5
4707 3.0E-5
4708 3.0E-5
4709 3.0E-5
4710 3.0E-5
4711 3.0E-5
4712 3.0E-5
4713 3.0E-5
4714 3.0E-5
4715 3.0E-5
4716 3.0E-5
4717 3.0E-5
4718 3.0E-5
4719 3.0E-5
4720 3.0E-5
4721 3.0E-5
4722 3.0E-5
4723 3.0E-5
4724 3.0E-5
4725 3.0E-5
4726 3.0E-5
4727 3.0E-5
4728 3.0E-5
4729 3.0E-5
4730 3.0E-5
4731 3.0E-5
4732 3.0E-5
4733 3.0E-5
4734 3.0E-5
4735 3.0E-5
4736 3.0E-5
4737 3.0E-5
4738 3.0E-5
4739 3.0E-5
4740 3.0E-5
4741 3.0E-5
4742 3.0E-5
4743 3.0E-5
4744 3.0E-5
4745 3.0E-5
4746 3.0E-5
4747 3.0E-5
4748 3.0E-5
4749 3.0E-5
4750 3.0E-5
4751 3.0E-5
4752 3.0E-5
4753 3.0E-5
4754 3.0E-5
4755 3.0E-5
4756 3.0E-5
4757 3.0E-5
4758 3.0E-5
4759 3.0E-5
4760 3.0E-5
4761 3.0E-5
4762 3.0E-5
4763 3.0E-5
4764 3.0E-5
4765 3.0E-5
4766 3.0E-5
4767 3.0E-5
4768 3.0E-5
4769 3.0E-5
4770 3.0E-5
4771 3.0E-5
4772 3.0E-5
4773 3.0E-5
4774 3.0E-5
4775 3.0E-5
4776 3.0E-5
4777 3.0E-5
4778 3.0E-5
4779 3.0E-5
4780 3.0E-5
4781 3.0E-5
4782 3.0E-5
4783 3.0E-5
4784 3.0E-5
4785 3.0E-5
4786 3.0E-5
4787 3.0E-5
4788 3.0E-5
4789 3.0E-5
4790 3.0E-5
4791 3.0E-5
4792 3.0E-5
4793 3.0E-5
4794 3.0E-5
4795 3.0E-5
4796 3.0E-5
4797 3.0E-5
4798 3.0E-5
4799 3.0E-5
4800 3.0E-5
4801 3.0E-5
4802 3.0E-5
4803 3.0E-5
4804 3.0E-5
4805 3.0E-5
4806 3.0E-5
4807 3.0E-5
4808 3.0E-5
4809 3.0E-5
4810 3.0E-5
4811 3.0E-5
4812 3.0E-5
4813 3.0E-5
4814 3.0E-5
4815 3.0E-5
4816 3.0E-5
4817 3.0E-5
4818 3.0E-5
4819 3.0E-5
4820 3.0E-5
4821 3.0E-5
4822 3.0E-5
4823 3.0E-5
4824 3.0E-5
4825 3.0E-5
4826 3.0E-5
4827 3.0E-5
4828 3.0E-5
4829 3.0E-5
4830 3.0E-5
4831 3.0E-5
4832 3.0E-5
4833 3.0E-5
4834 3.0E-5
4835 3.0E-5
4836 3.0E-5
4837 3.0E-5
4838 3.0E-5
4839 3.0E-5
4840 3.0E-5
4841 3.0E-5
4842 3.0E-5
4843 3.0E-5
4844 3.0E-5
4845 3.0E-5
4846 3.0E-5
4847 3.0E-5
4848 3.0E-5
4849 3.0E-5
4850 3.0E-5
4851 3.0E-5
4852 3.0E-5
4853 3.0E-5
4854 3.0E-5
4855 3.0E-5
4856 3.0E-5
4857 3.0E-5
4858 3.0E-5
4859 3.0E-5
4860 3.0E-5
4861 3.0E-5
4862 3.0E-5
4863 3.0E-5
4864 3.0E-5
4865 3.0E-5
4866 3.0E-5
4867 3.0E-5
4868 3.0E-5
4869 3.0E-5
4870 3.0E-5
4871 3.0E-5
4872 3.0E-5
4873 3.0E-5
4874 3.0E-5
4875 3.0E-5
4876 3.0E-5
4877 3.0E-5
4878 3.0E-5
4879 3.0E-5
4880 3.0E-5
4881 3.0E-5
4882 3.0E-5
4883 3.0E-5
4884 3.0E-5
4885 3.0E-5
4886 3.0E-5
4887 3.0E-5
4888 3.0E-5
4889 3.0E-5
4890 3.0E-5
4891 3.0E-5
4892 3.0E-5
4893 3.0E-5
4894 3.0E-5
4895 3.0E-5
4896 3.0E-5
4897 3.0E-5
4898 3.0E-5
4899 3.0E-5
4900 3.0E-5
4901 3.0E-5
4902 3.0E-5
4903 3.0E-5
4904 3.0E-5
4905 3.0E-5
4906 3.0E-5
4907 3.0E-5
4908 3.0E-5
4909 3.0E-5
4910 3.0E-5
4911 3.0E-5
4912 3.0E-5
4913 3.0E-5
4914 3.0E-5
4915 3.0E-5
4916 3.0E-5
4917 3.0E-5
4918 3.0E-5
4919 3.0E-5
4920 3.0E-5
4921 3.0E-5
4922 3.0E-5
4923 3.0E-5
4924 3.0E-5
4925 3.0E-5
4926 3.0E-5
4927 3.0E-5
4928 3.0E-5
4929 3.0E-5
4930 3.0E-5
4931 3.0E-5
4932 3.0E-5
4933 3.0E-5
4934 3.0E-5
4935 3.0E-5
4936 3.0E-5
4937 3.0E-5
4938 3.0E-5
4939 3.0E-5
4940 3.0E-5
4941 3.0E-5
4942 3.0E-5
4943 3.0E-5
4944 3.0E-5
4945 3.0E-5
4946 3.0E-5
4947 3.0E-5
4948 3.0E-5
4949 3.0E-5
4950 3.0E-5
4951 3.0E-5
4952 3.0E-5
4953 3.0E-5
4954 3.0E-5
4955 3.0E-5
4956 3.0E-5
4957 3.0E-5
4958 3.0E-5
4959 3.0E-5
4960 3.0E-5
4961 3.0E-5
4962 3.0E-5
4963 3.0E-5
4964 3.0E-5
4965 3.0E-5
4966 3.0E-5
4967 3.0E-5
4968 3.0E-5
4969 3.0E-5
4970 3.0E-5
4971 3.0E-5
4972 3.0E-5
4973 3.0E-5
4974 3.0E-5
4975 3.0E-5
4976 3.0E-5
4977 3.0E-5
4978 3.0E-5
4979 3.0E-5
4980 3.0E-5
4981 3.0E-5
4982 3.0E-5
4983 3.0E-5
4984 3.0E-5
4985 3.0E-5
4986 3.0E-5
4987 3.0E-5
4988 3.0E-5
4989 3.0E-5
4990 3.0E-5
4991 3.0E-5
4992 3.0E-5
4993 3.0E-5
4994 3.0E-5
4995 3.0E-5
4996 3.0E-5
4997 3.0E-5
4998 3.0E-5
4999 3.0E-5
